-30   -5.6241320605943781e-11  -5.0115716630692213e-11
-29   -5.8648576029386694e-11  -5.2313368214319037e-11
-28   -6.1308924313356132e-11  -5.4693906413298266e-11
-27   -6.4258412786703803e-11  -5.7282501972866031e-11
-26   -6.7539843804162335e-11  -6.0108966701037971e-11
-25   -7.1204010953700290e-11  -6.3209214891054652e-11
-24   -7.5311539315921007e-11  -6.6626506422924645e-11
-23   -7.9935283972884505e-11  -7.0413507385848136e-11
-22   -8.5163360734004449e-11  -7.4635001721223574e-11
-21   -9.1102807911969894e-11  -7.9371388242709777e-11
-20   -9.7884445171307905e-11  -8.4723299309443347e-11
-19   -1.0566930609734659e-10  -9.0818496034861101e-11
-18   -1.1465662857071399e-10  -9.7820606853707240e-11
-17   -1.2509321080082163e-10  -1.0594561501249482e-10
-16   -1.3729189868139403e-10  -1.1546107483159212e-10
-15   -1.5159061018414043e-10  -1.2712481027857044e-10
-14   -1.6873130286294902e-10  -1.4003674893910244e-10
-13   -1.8869521986550781e-10  -1.9867302909156337e-10
-12   -2.1955637375320697e-10  -1.5269347592674122e-10
-11   -8.4942170061683124e-10  -4.8189113671526164e-09
-10   -3.4303089195890228e-10  +1.4633538494576784e-09
 -9   -1.4949677899437263e-07  -4.7782449315929028e-07
 -8   +2.5862929085280626e-08  +7.7233956646108911e-08
 -7   -2.5651264156772552e-05  -4.3399426582887662e-05
 -6   +1.5976881906794722e-06  -3.1968675985597065e-07
 -5   -3.3661189311405392e-03  -2.9217285718154697e-03
 -4   -1.7740125468862364e-04  -2.3211540970266247e-04
 -3   -2.7875024712547058e-01  -6.8366058932453413e-02
 -2   +2.2630010007367848e-05  +1.9690581840302497e-04
 -1   -1.4057258435079044e-03  +2.4374760677729908e-03
 +0   +9.6767277805336092e-06  +0.0000000000000000e+00
 +1   -1.4057258435079044e-03  -2.4374760677729908e-03
 +2   +2.2630010007367848e-05  -1.9690581840302497e-04
 +3   -2.7875024712547058e-01  +6.8366058932453413e-02
 +4   -1.7740125468862364e-04  +2.3211540970266247e-04
 +5   -3.3661189311405392e-03  +2.9217285718154697e-03
 +6   +1.5976881906794722e-06  +3.1968675985597065e-07
 +7   -2.5651264156772552e-05  +4.3399426582887662e-05
 +8   +2.5862929085280626e-08  -7.7233956646108911e-08
 +9   -1.4949677899437263e-07  +4.7782449315929028e-07
+10   -3.4303089195890228e-10  -1.4633538494576784e-09
+11   -8.4942170061683124e-10  +4.8189113671526164e-09
+12   -2.1955637375320697e-10  +1.5269347592674122e-10
+13   -1.8869521986550781e-10  +1.9867302909156337e-10
+14   -1.6873130286294902e-10  +1.4003674893910244e-10
+15   -1.5159061018414043e-10  +1.2712481027857044e-10
+16   -1.3729189868139403e-10  +1.1546107483159212e-10
+17   -1.2509321080082163e-10  +1.0594561501249482e-10
+18   -1.1465662857071399e-10  +9.7820606853707240e-11
+19   -1.0566930609734659e-10  +9.0818496034861101e-11
+20   -9.7884445171307905e-11  +8.4723299309443347e-11
+21   -9.1102807911969894e-11  +7.9371388242709777e-11
+22   -8.5163360734004449e-11  +7.4635001721223574e-11
+23   -7.9935283972884505e-11  +7.0413507385848136e-11
+24   -7.5311539315921007e-11  +6.6626506422924645e-11
+25   -7.1204010953700290e-11  +6.3209214891054652e-11
+26   -6.7539843804162335e-11  +6.0108966701037971e-11
+27   -6.4258412786703803e-11  +5.7282501972866031e-11
+28   -6.1308924313356132e-11  +5.4693906413298266e-11
+29   -5.8648576029386694e-11  +5.2313368214319037e-11
+30   -5.6241320605943781e-11  +5.0115716630692213e-11

