-30   +5.8744770405786009e-11  +5.7402846325000899e-12
-29   +6.2461098406410906e-11  +5.9390773395340212e-12
-28   +6.6579720271779985e-11  +6.1500278387563215e-12
-27   +7.1160603470435032e-11  +6.3745926554119315e-12
-26   +7.6274863836633421e-11  +6.6144735367279519e-12
-25   +8.2008047263358797e-11  +6.8718882293698174e-12
-24   +8.8463118833323153e-11  +7.1495084867037153e-12
-23   +9.5765295278332822e-11  +7.4509532749369365e-12
-22   +1.0406778164431792e-10  +7.7808710156527435e-12
-21   +1.1355942630058050e-10  +8.1456058658587912e-12
-20   +1.2447484070914782e-10  +8.5540768700321318e-12
-19   +1.3710811563595696e-10  +9.0193815368396824e-12
-18   +1.5183071473471195e-10  +9.5559148734188752e-12
-17   +1.6911601423039874e-10  +1.0206683741474601e-11
-16   +1.8957192384297103e-10  +1.0568310434957772e-11
-15   +2.1398404247708982e-10  +1.2023614826181713e-11
-14   +2.4336877216102234e-10  -2.6710949554341953e-11
-13   +2.7905188570879261e-10  +1.4166107407887760e-11
-12   +3.2245734061516102e-10  -3.4632558075196605e-09
-11   +3.7668607546414878e-10  -1.3128520669612773e-10
-10   +4.1353293554035389e-10  -2.7534232752728706e-07
 -9   +5.5152762759566094e-10  -1.4214129307844417e-08
 -8   -2.9325885983297603e-09  -1.8437627449195390e-05
 -7   +2.7604409703757249e-09  -8.5769774681021818e-07
 -6   -4.3792531801423356e-07  -8.3913144401913202e-04
 -5   +1.0646266721348494e-07  -1.2776222355796925e-05
 -4   -5.4013522862364996e-05  +4.8603570370935810e-06
 -3   +4.7477556899926830e-06  +2.2681178212468873e-06
 -2   -6.6087648087020208e-03  -4.7282140038770927e-04
 -1   -2.6168913444713768e-04  +4.7546765816402485e-06
 +0   -9.9999807520853801e-01  +0.0000000000000000e+00
 +1   -2.6168913444713768e-04  -4.7546765816402485e-06
 +2   -6.6087648087020208e-03  +4.7282140038770927e-04
 +3   +4.7477556899926830e-06  -2.2681178212468873e-06
 +4   -5.4013522862364996e-05  -4.8603570370935810e-06
 +5   +1.0646266721348494e-07  +1.2776222355796925e-05
 +6   -4.3792531801423356e-07  +8.3913144401913202e-04
 +7   +2.7604409703757249e-09  +8.5769774681021818e-07
 +8   -2.9325885983297603e-09  +1.8437627449195390e-05
 +9   +5.5152762759566094e-10  +1.4214129307844417e-08
+10   +4.1353293554035389e-10  +2.7534232752728706e-07
+11   +3.7668607546414878e-10  +1.3128520669612773e-10
+12   +3.2245734061516102e-10  +3.4632558075196605e-09
+13   +2.7905188570879261e-10  -1.4166107407887760e-11
+14   +2.4336877216102234e-10  +2.6710949554341953e-11
+15   +2.1398404247708982e-10  -1.2023614826181713e-11
+16   +1.8957192384297103e-10  -1.0568310434957772e-11
+17   +1.6911601423039874e-10  -1.0206683741474601e-11
+18   +1.5183071473471195e-10  -9.5559148734188752e-12
+19   +1.3710811563595696e-10  -9.0193815368396824e-12
+20   +1.2447484070914782e-10  -8.5540768700321318e-12
+21   +1.1355942630058050e-10  -8.1456058658587912e-12
+22   +1.0406778164431792e-10  -7.7808710156527435e-12
+23   +9.5765295278332822e-11  -7.4509532749369365e-12
+24   +8.8463118833323153e-11  -7.1495084867037153e-12
+25   +8.2008047263358797e-11  -6.8718882293698174e-12
+26   +7.6274863836633421e-11  -6.6144735367279519e-12
+27   +7.1160603470435032e-11  -6.3745926554119315e-12
+28   +6.6579720271779985e-11  -6.1500278387563215e-12
+29   +6.2461098406410906e-11  -5.9390773395340212e-12
+30   +5.8744770405786009e-11  -5.7402846325000899e-12

