-30   +2.2314172144043255e-12  +2.2087470337445131e-10
-29   -3.9300130728181931e-12  +2.2920380797876725e-10
-28   -1.0790046413476685e-11  +2.3808004221748903e-10
-27   -1.8458579388509234e-11  +2.4756064585723276e-10
-26   -2.7067945924035655e-11  +2.5771092190184689e-10
-25   -3.6778779016094745e-11  +2.6860516032113572e-10
-24   -4.7787198698919643e-11  +2.8032831582991614e-10
-23   -6.0335016989219233e-11  +2.9297747119744677e-10
-22   -7.4722333975599818e-11  +3.0666383857769866e-10
-21   -9.1325421385851162e-11  +3.2151394705704185e-10
-20   -1.1061988351737674e-10  +3.3768085093988147e-10
-19   -1.3321276529168463e-10  +3.5530155907142780e-10
-18   -1.5988564669490485e-10  +3.7538626923592889e-10
-17   -1.9165298492408857e-10  +3.9585964364213478e-10
-16   -2.2983818849015163e-10  +4.8929276650173594e-10
-15   -2.7616762420792928e-10  +4.5798213112985684e-10
-14   -3.3286145062018360e-10  +6.1898809324839298e-09
-13   -4.0270040431470052e-10  +1.4926031388749534e-09
-12   -4.8863568945781093e-10  +4.1823702607975575e-07
-11   -5.9515187387318679e-10  +6.0124605349181458e-08
-10   -7.3133543167163606e-10  +2.5366252115137063e-05
 -9   -9.7692066606003520e-10  +2.4614781201038334e-06
 -8   -4.2398652572913732e-09  +1.0160472393192757e-03
 -7   -5.8501691466463703e-09  +1.4749209732335627e-05
 -6   -4.8042066276857893e-07  -8.4287069955271412e-06
 -5   +1.2707597424927629e-07  -4.6918001207918616e-06
 -4   -6.1649562542247341e-05  +4.4910661166057398e-04
 -3   +7.5714931355334076e-06  -4.3932475744936768e-06
 -2   -7.5889508492794772e-03  -2.4652689932398034e-05
 -1   -2.7614231763155913e-04  +4.1351101046071725e-06
 +0   -1.4999973385903544e+00  +0.0000000000000000e+00
 +1   -2.7614231763155913e-04  -4.1351101046071725e-06
 +2   -7.5889508492794772e-03  +2.4652689932398034e-05
 +3   +7.5714931355334076e-06  +4.3932475744936768e-06
 +4   -6.1649562542247341e-05  -4.4910661166057398e-04
 +5   +1.2707597424927629e-07  +4.6918001207918616e-06
 +6   -4.8042066276857893e-07  +8.4287069955271412e-06
 +7   -5.8501691466463703e-09  -1.4749209732335627e-05
 +8   -4.2398652572913732e-09  -1.0160472393192757e-03
 +9   -9.7692066606003520e-10  -2.4614781201038334e-06
+10   -7.3133543167163606e-10  -2.5366252115137063e-05
+11   -5.9515187387318679e-10  -6.0124605349181458e-08
+12   -4.8863568945781093e-10  -4.1823702607975575e-07
+13   -4.0270040431470052e-10  -1.4926031388749534e-09
+14   -3.3286145062018360e-10  -6.1898809324839298e-09
+15   -2.7616762420792928e-10  -4.5798213112985684e-10
+16   -2.2983818849015163e-10  -4.8929276650173594e-10
+17   -1.9165298492408857e-10  -3.9585964364213478e-10
+18   -1.5988564669490485e-10  -3.7538626923592889e-10
+19   -1.3321276529168463e-10  -3.5530155907142780e-10
+20   -1.1061988351737674e-10  -3.3768085093988147e-10
+21   -9.1325421385851162e-11  -3.2151394705704185e-10
+22   -7.4722333975599818e-11  -3.0666383857769866e-10
+23   -6.0335016989219233e-11  -2.9297747119744677e-10
+24   -4.7787198698919643e-11  -2.8032831582991614e-10
+25   -3.6778779016094745e-11  -2.6860516032113572e-10
+26   -2.7067945924035655e-11  -2.5771092190184689e-10
+27   -1.8458579388509234e-11  -2.4756064585723276e-10
+28   -1.0790046413476685e-11  -2.3808004221748903e-10
+29   -3.9300130728181931e-12  -2.2920380797876725e-10
+30   +2.2314172144043255e-12  -2.2087470337445131e-10

