-30   -1.1423537583491623e-10  -2.6673333883336753e-10
-29   -1.1439622181004742e-10  -2.7671525777841051e-10
-28   -1.1457451795904442e-10  -2.8734797623563803e-10
-27   -1.1477276202241066e-10  -2.9870004378019998e-10
-26   -1.1499409567417568e-10  -3.1084975741180680e-10
-25   -1.1524225387136070e-10  -3.2388715316706485e-10
-24   -1.1552166055665752e-10  -3.3791566423670697e-10
-23   -1.1583784282090069e-10  -3.5305534932612169e-10
-22   -1.1619740293752564e-10  -3.6944566830079581e-10
-21   -1.1660874319817971e-10  -3.8724981539820587e-10
-20   -1.1708217786215289e-10  -4.0665931936927177e-10
-19   -1.1763068793217325e-10  -4.2790083849216018e-10
-18   -1.1827114938353230e-10  -4.5124338231074108e-10
-17   -1.1902491519787067e-10  -4.7700857525651434e-10
-16   -1.1992041796871940e-10  -5.0558247737017416e-10
-15   -1.2099495187567610e-10  -5.3743120402946957e-10
-14   -1.2230029329184130e-10  -5.7312016773177493e-10
-13   -1.2390404357729105e-10  -6.1333246328682531e-10
-12   -1.2604084336485382e-10  -6.5897856056568186e-10
-11   -1.2851912273234548e-10  -7.1081133558068276e-10
-10   -1.5048888586597157e-10  -7.7606431659847059e-10
 -9   -1.4153888757726171e-10  -8.3694178361578810e-10
 -8   -2.5554831660053858e-09  -8.3736370905746799e-10
 -7   -5.8640913774964350e-10  -9.4112003117558069e-10
 -6   -2.3783693481753046e-07  +1.4087953728393292e-07
 -5   -4.9734800110630805e-08  +9.5074879298490709e-09
 -4   -7.0845718809382241e-06  +2.5057087393187262e-05
 -3   -2.2329833575548050e-06  +3.3998583956612483e-06
 -2   +1.0396326042399202e-03  +9.6938192102376730e-04
 -1   +1.0694064948365247e-05  +1.8146403396047701e-05
 +0   +3.3436501617696961e-05  +0.0000000000000000e+00
 +1   +1.0694064948365247e-05  -1.8146403396047701e-05
 +2   +1.0396326042399202e-03  -9.6938192102376730e-04
 +3   -2.2329833575548050e-06  -3.3998583956612483e-06
 +4   -7.0845718809382241e-06  -2.5057087393187262e-05
 +5   -4.9734800110630805e-08  -9.5074879298490709e-09
 +6   -2.3783693481753046e-07  -1.4087953728393292e-07
 +7   -5.8640913774964350e-10  +9.4112003117558069e-10
 +8   -2.5554831660053858e-09  +8.3736370905746799e-10
 +9   -1.4153888757726171e-10  +8.3694178361578810e-10
+10   -1.5048888586597157e-10  +7.7606431659847059e-10
+11   -1.2851912273234548e-10  +7.1081133558068276e-10
+12   -1.2604084336485382e-10  +6.5897856056568186e-10
+13   -1.2390404357729105e-10  +6.1333246328682531e-10
+14   -1.2230029329184130e-10  +5.7312016773177493e-10
+15   -1.2099495187567610e-10  +5.3743120402946957e-10
+16   -1.1992041796871940e-10  +5.0558247737017416e-10
+17   -1.1902491519787067e-10  +4.7700857525651434e-10
+18   -1.1827114938353230e-10  +4.5124338231074108e-10
+19   -1.1763068793217325e-10  +4.2790083849216018e-10
+20   -1.1708217786215289e-10  +4.0665931936927177e-10
+21   -1.1660874319817971e-10  +3.8724981539820587e-10
+22   -1.1619740293752564e-10  +3.6944566830079581e-10
+23   -1.1583784282090069e-10  +3.5305534932612169e-10
+24   -1.1552166055665752e-10  +3.3791566423670697e-10
+25   -1.1524225387136070e-10  +3.2388715316706485e-10
+26   -1.1499409567417568e-10  +3.1084975741180680e-10
+27   -1.1477276202241066e-10  +2.9870004378019998e-10
+28   -1.1457451795904442e-10  +2.8734797623563803e-10
+29   -1.1439622181004742e-10  +2.7671525777841051e-10
+30   -1.1423537583491623e-10  +2.6673333883336753e-10

