-30   -4.0332360983883743e-12  +1.1682714942405200e-10
-29   -7.5692439222065465e-12  +1.2112995281622990e-10
-28   -1.1489076155037705e-11  +1.2570443629231158e-10
-27   -1.5850091190305695e-11  +1.3057789250020599e-10
-26   -2.0720661155093610e-11  +1.3578110781691558e-10
-25   -2.6182996925108630e-11  +1.4134908446862754e-10
-24   -3.2336498536664154e-11  +1.4732163782005008e-10
-23   -3.9302314667567442e-11  +1.5374410735614574e-10
-22   -4.7229027377706043e-11  +1.6066825036768776e-10
-21   -5.6300899873470432e-11  +1.6815339231774419e-10
-20   -6.6748125816806074e-11  +1.7626717731975131e-10
-19   -7.8861294488416751e-11  +1.8508705010048091e-10
-18   -9.3011166873133971e-11  +1.9470059774535625e-10
-17   -1.0968079223573578e-10  +2.0521648094242013e-10
-16   -1.2948554911416281e-10  +2.1671400116430831e-10
-15   -1.5358723139642284e-10  +2.3036397689420966e-10
-14   -1.8231179435197717e-10  +2.4305729465899007e-10
-13   -2.3754714425606837e-10  +3.6590641076940511e-10
-12   -2.8023600432406021e-10  +2.6657192980258456e-10
-11   -6.2071441586365901e-10  +1.1125497590675203e-08
-10   -1.9771641625021917e-09  +1.9903337981482414e-10
 -9   +1.7427608941729335e-07  +1.0083119626811648e-06
 -8   -1.0260525278353453e-07  +4.7292583930035216e-08
 -7   +3.7593493763332939e-05  +8.0219139204454210e-05
 -6   -2.6636234388452100e-06  +6.2518000257683533e-06
 -5   +4.6486173739210867e-03  +4.4217375741203747e-03
 -4   +1.9505667780945910e-04  +2.4651352432124529e-04
 -3   +2.7875526854275789e-01  +6.8339487922297243e-02
 -2   -3.0065617745590207e-05  -2.0992033500420563e-04
 -1   +9.9161520571758874e-04  -2.7489134486102509e-03
 +0   -2.1964831814517044e-06  +0.0000000000000000e+00
 +1   +9.9161520571758874e-04  +2.7489134486102509e-03
 +2   -3.0065617745590207e-05  +2.0992033500420563e-04
 +3   +2.7875526854275789e-01  -6.8339487922297243e-02
 +4   +1.9505667780945910e-04  -2.4651352432124529e-04
 +5   +4.6486173739210867e-03  -4.4217375741203747e-03
 +6   -2.6636234388452100e-06  -6.2518000257683533e-06
 +7   +3.7593493763332939e-05  -8.0219139204454210e-05
 +8   -1.0260525278353453e-07  -4.7292583930035216e-08
 +9   +1.7427608941729335e-07  -1.0083119626811648e-06
+10   -1.9771641625021917e-09  -1.9903337981482414e-10
+11   -6.2071441586365901e-10  -1.1125497590675203e-08
+12   -2.8023600432406021e-10  -2.6657192980258456e-10
+13   -2.3754714425606837e-10  -3.6590641076940511e-10
+14   -1.8231179435197717e-10  -2.4305729465899007e-10
+15   -1.5358723139642284e-10  -2.3036397689420966e-10
+16   -1.2948554911416281e-10  -2.1671400116430831e-10
+17   -1.0968079223573578e-10  -2.0521648094242013e-10
+18   -9.3011166873133971e-11  -1.9470059774535625e-10
+19   -7.8861294488416751e-11  -1.8508705010048091e-10
+20   -6.6748125816806074e-11  -1.7626717731975131e-10
+21   -5.6300899873470432e-11  -1.6815339231774419e-10
+22   -4.7229027377706043e-11  -1.6066825036768776e-10
+23   -3.9302314667567442e-11  -1.5374410735614574e-10
+24   -3.2336498536664154e-11  -1.4732163782005008e-10
+25   -2.6182996925108630e-11  -1.4134908446862754e-10
+26   -2.0720661155093610e-11  -1.3578110781691558e-10
+27   -1.5850091190305695e-11  -1.3057789250020599e-10
+28   -1.1489076155037705e-11  -1.2570443629231158e-10
+29   -7.5692439222065465e-12  -1.2112995281622990e-10
+30   -4.0332360983883743e-12  -1.1682714942405200e-10

