-30   +1.0349511496419471e-10  +2.3488986418460673e-10
-29   +1.0399069899118987e-10  +2.4415058043073888e-10
-28   +1.0453533309103798e-10  +2.5407241487755761e-10
-27   +1.0513541253417841e-10  +2.6473339627551607e-10
-26   +1.0579820903673608e-10  +2.7622431431570672e-10
-25   +1.0653220170728082e-10  +2.8865142700846341e-10
-24   +1.0734702717883521e-10  +3.0213994004631146e-10
-23   +1.0825385887832459e-10  +3.1683822981430978e-10
-22   +1.0926542108753019e-10  +3.3292352826407642e-10
-21   +1.1039605927446891e-10  +3.5060903324401807e-10
-20   +1.1166168058216891e-10  +3.7015336353313436e-10
-19   +1.1307915007987427e-10  +3.9187269768082590e-10
-18   +1.1467006141820352e-10  +4.1615688303548365e-10
-17   +1.1643515674918266e-10  +4.4349071451635584e-10
-16   +1.1883120833322856e-10  +4.7448158291123322e-10
-15   +1.2054014516419212e-10  +5.0989511775450247e-10
-14   +1.6292445516612580e-10  +5.5069650775565782e-10
-13   +1.2627790972375119e-10  +5.9810495832254110e-10
-12   +3.6086241023153794e-09  +6.5341315286851812e-10
-11   +2.8240079008308784e-10  +7.1895493007170707e-10
-10   +2.7550014923174627e-07  +7.7376934215273151e-10
 -9   +1.4379727263573950e-08  +8.8974320687160820e-10
 -8   +1.8437801875023013e-05  -1.5394614884861199e-09
 -7   +8.5788154026733517e-07  +1.5788216267085695e-09
 -6   +8.3913163273035716e-04  -2.8859034126029607e-07
 -5   +1.2776379263703458e-05  +4.2145503676192625e-08
 -4   -4.8607557389738485e-06  -3.2924953316379131e-05
 -3   -2.2733318750313673e-06  +2.5366522223201635e-06
 -2   +4.7275535109311329e-04  -3.5902848253977857e-03
 -1   -5.7127693535769716e-06  -7.1454434208018808e-05
 +0   -1.9384462986854736e-05  +0.0000000000000000e+00
 +1   -5.7127693535769716e-06  +7.1454434208018808e-05
 +2   +4.7275535109311329e-04  +3.5902848253977857e-03
 +3   -2.2733318750313673e-06  -2.5366522223201635e-06
 +4   -4.8607557389738485e-06  +3.2924953316379131e-05
 +5   +1.2776379263703458e-05  -4.2145503676192625e-08
 +6   +8.3913163273035716e-04  +2.8859034126029607e-07
 +7   +8.5788154026733517e-07  -1.5788216267085695e-09
 +8   +1.8437801875023013e-05  +1.5394614884861199e-09
 +9   +1.4379727263573950e-08  -8.8974320687160820e-10
+10   +2.7550014923174627e-07  -7.7376934215273151e-10
+11   +2.8240079008308784e-10  -7.1895493007170707e-10
+12   +3.6086241023153794e-09  -6.5341315286851812e-10
+13   +1.2627790972375119e-10  -5.9810495832254110e-10
+14   +1.6292445516612580e-10  -5.5069650775565782e-10
+15   +1.2054014516419212e-10  -5.0989511775450247e-10
+16   +1.1883120833322856e-10  -4.7448158291123322e-10
+17   +1.1643515674918266e-10  -4.4349071451635584e-10
+18   +1.1467006141820352e-10  -4.1615688303548365e-10
+19   +1.1307915007987427e-10  -3.9187269768082590e-10
+20   +1.1166168058216891e-10  -3.7015336353313436e-10
+21   +1.1039605927446891e-10  -3.5060903324401807e-10
+22   +1.0926542108753019e-10  -3.3292352826407642e-10
+23   +1.0825385887832459e-10  -3.1683822981430978e-10
+24   +1.0734702717883521e-10  -3.0213994004631146e-10
+25   +1.0653220170728082e-10  -2.8865142700846341e-10
+26   +1.0579820903673608e-10  -2.7622431431570672e-10
+27   +1.0513541253417841e-10  -2.6473339627551607e-10
+28   +1.0453533309103798e-10  -2.5407241487755761e-10
+29   +1.0399069899118987e-10  -2.4415058043073888e-10
+30   +1.0349511496419471e-10  -2.3488986418460673e-10

