-30   -3.2528655405233718e-09  -1.6738724580052401e-08
-29   -2.9986732902361724e-09  -1.7326244232473322e-08
-28   -2.7184517690811468e-09  -1.7947478491522819e-08
-27   -2.4086044487472899e-09  -1.8605344144927940e-08
-26   -2.0649053619886974e-09  -1.9303053963097155e-08
-25   -1.6823660004376199e-09  -2.0044142427152554e-08
-24   -1.2550688040084150e-09  -2.0832489399181804e-08
-23   -7.7595894229271047e-10  -2.1672338152474168e-08
-22   -2.3658138925379501e-10  -2.2568303119121239e-08
-21   +3.7325226062022474e-10  -2.3525358948748676e-08
-20   +1.0658872725000560e-09  -2.4548797854167647e-08
-19   +1.8563678189472856e-09  -2.5644135110853949e-08
-18   +2.7631319994940384e-09  -2.6816929740795119e-08
-17   +3.8089011927352130e-09  -2.8072469726510769e-08
-16   +5.0218471624190659e-09  -2.9415247336768311e-08
-15   +6.4366494082098593e-09  -3.0848029815110319e-08
-14   +8.0985478609513825e-09  -3.2370802848704463e-08
-13   +1.0018692466185144e-08  -3.3977310393129570e-08
-12   +1.2417220481159984e-08  -3.5660262230551622e-08
-11   +1.0564548243720058e-08  -3.7977533709545912e-08
-10   +2.0229260654280133e-08  -3.9139922194170961e-08
 -9   -4.5497724190394484e-07  -1.8985225424988543e-07
 -8   +1.0501492890199222e-07  -1.5797515712940671e-08
 -7   -4.3365719418844188e-05  -2.5693712193962350e-05
 -6   -2.7875067951459709e-07  +1.5549337664891882e-06
 -5   -2.9216803258956328e-03  -3.3661584186865535e-03
 -4   -2.3203560980507445e-04  -1.7745893247090287e-04
 -3   -6.8366019973314249e-02  -2.7875022614434680e-01
 -2   +1.9876517382422422e-04  +2.2086751978022184e-05
 -1   +2.4549532604777255e-03  -1.4078147521424307e-03
 +0   +4.1438888016788122e-08  +0.0000000000000000e+00
 +1   +2.4549532604777255e-03  +1.4078147521424307e-03
 +2   +1.9876517382422422e-04  -2.2086751978022184e-05
 +3   -6.8366019973314249e-02  +2.7875022614434680e-01
 +4   -2.3203560980507445e-04  +1.7745893247090287e-04
 +5   -2.9216803258956328e-03  +3.3661584186865535e-03
 +6   -2.7875067951459709e-07  -1.5549337664891882e-06
 +7   -4.3365719418844188e-05  +2.5693712193962350e-05
 +8   +1.0501492890199222e-07  +1.5797515712940671e-08
 +9   -4.5497724190394484e-07  +1.8985225424988543e-07
+10   +2.0229260654280133e-08  +3.9139922194170961e-08
+11   +1.0564548243720058e-08  +3.7977533709545912e-08
+12   +1.2417220481159984e-08  +3.5660262230551622e-08
+13   +1.0018692466185144e-08  +3.3977310393129570e-08
+14   +8.0985478609513825e-09  +3.2370802848704463e-08
+15   +6.4366494082098593e-09  +3.0848029815110319e-08
+16   +5.0218471624190659e-09  +2.9415247336768311e-08
+17   +3.8089011927352130e-09  +2.8072469726510769e-08
+18   +2.7631319994940384e-09  +2.6816929740795119e-08
+19   +1.8563678189472856e-09  +2.5644135110853949e-08
+20   +1.0658872725000560e-09  +2.4548797854167647e-08
+21   +3.7325226062022474e-10  +2.3525358948748676e-08
+22   -2.3658138925379501e-10  +2.2568303119121239e-08
+23   -7.7595894229271047e-10  +2.1672338152474168e-08
+24   -1.2550688040084150e-09  +2.0832489399181804e-08
+25   -1.6823660004376199e-09  +2.0044142427152554e-08
+26   -2.0649053619886974e-09  +1.9303053963097155e-08
+27   -2.4086044487472899e-09  +1.8605344144927940e-08
+28   -2.7184517690811468e-09  +1.7947478491522819e-08
+29   -2.9986732902361724e-09  +1.7326244232473322e-08
+30   -3.2528655405233718e-09  +1.6738724580052401e-08

