-30   -1.1188652294110868e-09  -2.5192592482905047e-09
-29   -1.1241155347276995e-09  -2.6277963893778376e-09
-28   -1.1292359098419825e-09  -2.7450061766252604e-09
-27   -1.1340795920552106e-09  -2.8720041743470816e-09
-26   -1.1384433105797112e-09  -3.0100981136344350e-09
-25   -1.1420465074911260e-09  -3.1608283609420167e-09
-24   -1.1445025375332350e-09  -3.3260187071000209e-09
-23   -1.1452777744364451e-09  -3.5078393961520889e-09
-22   -1.1436343639708051e-09  -3.7088861735083609e-09
-21   -1.1385478951513893e-09  -3.9322786051769946e-09
-20   -1.1285998279968420e-09  -4.1817823506858236e-09
-19   -1.1117640372138205e-09  -4.4619597631107102e-09
-18   -1.0860498865528459e-09  -4.7783515433123699e-09
-17   -1.0451853759578848e-09  -5.1376883500819936e-09
-16   -1.0558263746098617e-09  -5.5481196797406763e-09
-15   -9.1187229026747117e-10  -6.0194197964050538e-09
-14   -6.4892857183208176e-09  -6.5630737525940145e-09
-13   -1.5784987016916686e-09  -7.1919844431556148e-09
-12   -4.1802578406034919e-07  -7.9195611734583912e-09
-11   -5.9497616042764819e-08  -8.7549594595689039e-09
-10   -2.5365041997974107e-05  -9.7260754549002434e-09
 -9   -2.4594516269793086e-06  -1.0710588456074716e-08
 -8   -1.0160440826045098e-03  -1.4838020501516662e-08
 -7   -1.4744506196468888e-05  -1.2071284691959914e-08
 -6   +8.4354009257994124e-06  -3.5632476785532427e-07
 -5   +4.7008884342592661e-06  +1.9129040565941684e-08
 -4   -4.4909466337012904e-04  -3.7616861325048523e-05
 -3   +4.4026638317931286e-06  +1.9600025198332045e-06
 -2   +2.4673200696806205e-05  -3.9180771760973510e-03
 -1   -4.1680571803465610e-06  -8.1236492309276658e-05
 +0   +5.0539617090544046e-07  +0.0000000000000000e+00
 +1   -4.1680571803465610e-06  +8.1236492309276658e-05
 +2   +2.4673200696806205e-05  +3.9180771760973510e-03
 +3   +4.4026638317931286e-06  -1.9600025198332045e-06
 +4   -4.4909466337012904e-04  +3.7616861325048523e-05
 +5   +4.7008884342592661e-06  -1.9129040565941684e-08
 +6   +8.4354009257994124e-06  +3.5632476785532427e-07
 +7   -1.4744506196468888e-05  +1.2071284691959914e-08
 +8   -1.0160440826045098e-03  +1.4838020501516662e-08
 +9   -2.4594516269793086e-06  +1.0710588456074716e-08
+10   -2.5365041997974107e-05  +9.7260754549002434e-09
+11   -5.9497616042764819e-08  +8.7549594595689039e-09
+12   -4.1802578406034919e-07  +7.9195611734583912e-09
+13   -1.5784987016916686e-09  +7.1919844431556148e-09
+14   -6.4892857183208176e-09  +6.5630737525940145e-09
+15   -9.1187229026747117e-10  +6.0194197964050538e-09
+16   -1.0558263746098617e-09  +5.5481196797406763e-09
+17   -1.0451853759578848e-09  +5.1376883500819936e-09
+18   -1.0860498865528459e-09  +4.7783515433123699e-09
+19   -1.1117640372138205e-09  +4.4619597631107102e-09
+20   -1.1285998279968420e-09  +4.1817823506858236e-09
+21   -1.1385478951513893e-09  +3.9322786051769946e-09
+22   -1.1436343639708051e-09  +3.7088861735083609e-09
+23   -1.1452777744364451e-09  +3.5078393961520889e-09
+24   -1.1445025375332350e-09  +3.3260187071000209e-09
+25   -1.1420465074911260e-09  +3.1608283609420167e-09
+26   -1.1384433105797112e-09  +3.0100981136344350e-09
+27   -1.1340795920552106e-09  +2.8720041743470816e-09
+28   -1.1292359098419825e-09  +2.7450061766252604e-09
+29   -1.1241155347276995e-09  +2.6277963893778376e-09
+30   -1.1188652294110868e-09  +2.5192592482905047e-09

