-30   -6.2812641583219349e-11  -1.3757257823614021e-10
-29   -6.3322760114903721e-11  -1.4320682683402975e-10
-28   -6.3884231109913223e-11  -1.4926886095458026e-10
-27   -6.4503990294966454e-11  -1.5581279628995166e-10
-26   -6.5189977680376697e-11  -1.6290243125138964e-10
-25   -6.5951522025596227e-11  -1.7061329907612186e-10
-24   -6.6799599472150699e-11  -1.7903572066933994e-10
-23   -6.7746954871872481e-11  -1.8827826685305486e-10
-22   -6.8808528496008718e-11  -1.9847297299261112e-10
-21   -7.0001877497492704e-11  -2.0978161643889125e-10
-20   -7.1347388407291089e-11  -2.2240472801046768e-10
-19   -7.2868741757407275e-11  -2.3659339283588876e-10
-18   -7.4592645558549359e-11  -2.5266588553358447e-10
-17   -7.6558503984725458e-11  -2.7103552661703139e-10
-16   -7.8767025638117211e-11  -2.9222478590507390e-10
-15   -8.2300768487338298e-11  -3.1727091052777153e-10
-14   -8.3951071004366786e-11  -3.4633278274695686e-10
-13   -1.9471990060633527e-10  -4.0107164900243807e-10
-12   -8.2146875423927538e-11  -4.4212086157603061e-10
-11   -1.0926544935540359e-08  -7.7939870244828413e-10
-10   +1.5868121341845685e-11  -2.1304031050939736e-09
 -9   -1.0080796106326293e-06  +1.7413065142083044e-07
 -8   -4.7039730099561692e-08  -1.0273097147387699e-07
 -7   -8.0218882166059518e-05  +3.7593339680447613e-05
 -6   -6.2512468533429399e-06  -2.6631923221537865e-06
 -5   -4.4217394365786509e-03  +4.6486151775360120e-03
 -4   -2.4648229960213511e-04  +1.9508409506500794e-04
 -3   -6.8339626044346596e-02  +2.7875533292129789e-01
 -2   +2.1165026725980570e-04  -2.9762890902496084e-05
 -1   +2.7741225681823922e-03  +1.0147796670139755e-03
 +0   -9.7331051565446334e-06  +0.0000000000000000e+00
 +1   +2.7741225681823922e-03  -1.0147796670139755e-03
 +2   +2.1165026725980570e-04  +2.9762890902496084e-05
 +3   -6.8339626044346596e-02  -2.7875533292129789e-01
 +4   -2.4648229960213511e-04  -1.9508409506500794e-04
 +5   -4.4217394365786509e-03  -4.6486151775360120e-03
 +6   -6.2512468533429399e-06  +2.6631923221537865e-06
 +7   -8.0218882166059518e-05  -3.7593339680447613e-05
 +8   -4.7039730099561692e-08  +1.0273097147387699e-07
 +9   -1.0080796106326293e-06  -1.7413065142083044e-07
+10   +1.5868121341845685e-11  +2.1304031050939736e-09
+11   -1.0926544935540359e-08  +7.7939870244828413e-10
+12   -8.2146875423927538e-11  +4.4212086157603061e-10
+13   -1.9471990060633527e-10  +4.0107164900243807e-10
+14   -8.3951071004366786e-11  +3.4633278274695686e-10
+15   -8.2300768487338298e-11  +3.1727091052777153e-10
+16   -7.8767025638117211e-11  +2.9222478590507390e-10
+17   -7.6558503984725458e-11  +2.7103552661703139e-10
+18   -7.4592645558549359e-11  +2.5266588553358447e-10
+19   -7.2868741757407275e-11  +2.3659339283588876e-10
+20   -7.1347388407291089e-11  +2.2240472801046768e-10
+21   -7.0001877497492704e-11  +2.0978161643889125e-10
+22   -6.8808528496008718e-11  +1.9847297299261112e-10
+23   -6.7746954871872481e-11  +1.8827826685305486e-10
+24   -6.6799599472150699e-11  +1.7903572066933994e-10
+25   -6.5951522025596227e-11  +1.7061329907612186e-10
+26   -6.5189977680376697e-11  +1.6290243125138964e-10
+27   -6.4503990294966454e-11  +1.5581279628995166e-10
+28   -6.3884231109913223e-11  +1.4926886095458026e-10
+29   -6.3322760114903721e-11  +1.4320682683402975e-10
+30   -6.2812641583219349e-11  +1.3757257823614021e-10

