-30   +7.5716704304967115e-11  +1.4301903889010168e-11
-29   +8.0292647546639333e-11  +1.4829575891500257e-11
-28   +8.5360173618754020e-11  +1.5390724234611220e-11
-27   +9.0991653131955462e-11  +1.5988703533579015e-11
-26   +9.7273407686384571e-11  +1.6627361941007832e-11
-25   +1.0430866275211453e-10  +1.7311058796331419e-11
-24   +1.1222193140826043e-10  +1.8044714011646119e-11
-23   +1.2116432429469823e-10  +1.8834088978701776e-11
-22   +1.3132069081475384e-10  +1.9685700138926097e-11
-21   +1.4291898784035667e-10  +2.0607068422947866e-11
-20   +1.5624270457264210e-10  +2.1606805413615610e-11
-19   +1.7164791441533557e-10  +2.2694940117110522e-11
-18   +1.8958635862988392e-10  +2.3883037787351008e-11
-17   +2.1063737018354319e-10  +2.5184332726559122e-11
-16   +2.3555345474457548e-10  +2.6614133795804722e-11
-15   +2.6532464383624165e-10  +2.8189752676108954e-11
-14   +3.0127169864385192e-10  +2.9929516111025751e-11
-13   +3.4519012553171978e-10  +3.1858022272794869e-11
-12   +3.9944819001904315e-10  +3.3861059142783811e-11
-11   +4.6797415496931076e-10  +3.6415987774640826e-11
-10   +5.4078908168915274e-10  +2.3009297563929340e-11
 -9   +6.8414771892005785e-10  +4.8355889073718330e-11
 -8   -1.2572978831379436e-09  -1.8991010518265138e-09
 -7   +2.4891794353940556e-09  +6.6525505196000313e-10
 -6   -3.0450343859085846e-07  -2.3577246938774207e-07
 -5   +1.2498544066578832e-07  +5.0838435221651427e-08
 -4   -4.6309187080482440e-05  -2.8245968320497067e-05
 -3   +8.4637820395596617e-06  +3.1041391601871056e-06
 -2   -7.6751592258162181e-03  -3.2625002185090067e-03
 -1   -3.1885949592643453e-04  -6.1684470525059156e-05
 +0   -4.3019561172646822e-07  +0.0000000000000000e+00
 +1   -3.1885949592643453e-04  +6.1684470525059156e-05
 +2   -7.6751592258162181e-03  +3.2625002185090067e-03
 +3   +8.4637820395596617e-06  -3.1041391601871056e-06
 +4   -4.6309187080482440e-05  +2.8245968320497067e-05
 +5   +1.2498544066578832e-07  -5.0838435221651427e-08
 +6   -3.0450343859085846e-07  +2.3577246938774207e-07
 +7   +2.4891794353940556e-09  -6.6525505196000313e-10
 +8   -1.2572978831379436e-09  +1.8991010518265138e-09
 +9   +6.8414771892005785e-10  -4.8355889073718330e-11
+10   +5.4078908168915274e-10  -2.3009297563929340e-11
+11   +4.6797415496931076e-10  -3.6415987774640826e-11
+12   +3.9944819001904315e-10  -3.3861059142783811e-11
+13   +3.4519012553171978e-10  -3.1858022272794869e-11
+14   +3.0127169864385192e-10  -2.9929516111025751e-11
+15   +2.6532464383624165e-10  -2.8189752676108954e-11
+16   +2.3555345474457548e-10  -2.6614133795804722e-11
+17   +2.1063737018354319e-10  -2.5184332726559122e-11
+18   +1.8958635862988392e-10  -2.3883037787351008e-11
+19   +1.7164791441533557e-10  -2.2694940117110522e-11
+20   +1.5624270457264210e-10  -2.1606805413615610e-11
+21   +1.4291898784035667e-10  -2.0607068422947866e-11
+22   +1.3132069081475384e-10  -1.9685700138926097e-11
+23   +1.2116432429469823e-10  -1.8834088978701776e-11
+24   +1.1222193140826043e-10  -1.8044714011646119e-11
+25   +1.0430866275211453e-10  -1.7311058796331419e-11
+26   +9.7273407686384571e-11  -1.6627361941007832e-11
+27   +9.0991653131955462e-11  -1.5988703533579015e-11
+28   +8.5360173618754020e-11  -1.5390724234611220e-11
+29   +8.0292647546639333e-11  -1.4829575891500257e-11
+30   +7.5716704304967115e-11  -1.4301903889010168e-11

