-30   +1.0349511295886514e-10  +2.3488986428911800e-10
-29   +1.0399069719139155e-10  +2.4415057563580753e-10
-28   +1.0453533436634761e-10  +2.5407240991249475e-10
-27   +1.0513541398530583e-10  +2.6473339473384668e-10
-26   +1.0579820874844195e-10  +2.7622430979395300e-10
-25   +1.0653219652802037e-10  +2.8865142707342635e-10
-24   +1.0734702355861058e-10  +3.0213994347853585e-10
-23   +1.0825386495367092e-10  +3.1683823188700085e-10
-22   +1.0926541687986229e-10  +3.3292352281422456e-10
-21   +1.1039605971348097e-10  +3.5060902768508911e-10
-20   +1.1166168317451125e-10  +3.7015335868108609e-10
-19   +1.1307915210982480e-10  +3.9187270330109181e-10
-18   +1.1467006299609290e-10  +4.1615687796026665e-10
-17   +1.1643515502139403e-10  +4.4349071326018499e-10
-16   +1.1883120536883305e-10  +4.7448161339093969e-10
-15   +1.2054014728286769e-10  +5.0989510503442630e-10
-14   +1.6292445731716426e-10  +5.5069974991054020e-10
-13   +1.2627790916255519e-10  +5.9810372200484030e-10
-12   +3.6086241008630388e-09  +6.5378970271422772e-10
-11   +2.8240079227448771e-10  +7.1883416164410771e-10
-10   +2.7550014923671607e-07  +8.1738725361418263e-10
 -9   +1.4379727262164143e-08  +8.7831752523123892e-10
 -8   +1.8437801875029088e-05  +3.5000041844956720e-09
 -7   +8.5788154026854632e-07  +5.5775655707309060e-10
 -6   +8.3913163273036519e-04  +2.9080185262474194e-07
 -5   +1.2776379263703277e-05  -4.0114235526835769e-08
 -4   -4.8607557389760228e-06  +3.2926448796724037e-05
 -3   -2.2733318750299630e-06  -2.5358369335167680e-06
 -2   +4.7275535109311660e-04  +3.5902851521773193e-03
 -1   -5.7127693535806926e-06  +7.1454531554802166e-05
 +0   -1.9384462986844758e-05  +0.0000000000000000e+00
 +1   -5.7127693535806926e-06  -7.1454531554802166e-05
 +2   +4.7275535109311660e-04  -3.5902851521773193e-03
 +3   -2.2733318750299630e-06  +2.5358369335167680e-06
 +4   -4.8607557389760228e-06  -3.2926448796724037e-05
 +5   +1.2776379263703277e-05  +4.0114235526835769e-08
 +6   +8.3913163273036519e-04  -2.9080185262474194e-07
 +7   +8.5788154026854632e-07  -5.5775655707309060e-10
 +8   +1.8437801875029088e-05  -3.5000041844956720e-09
 +9   +1.4379727262164143e-08  -8.7831752523123892e-10
+10   +2.7550014923671607e-07  -8.1738725361418263e-10
+11   +2.8240079227448771e-10  -7.1883416164410771e-10
+12   +3.6086241008630388e-09  -6.5378970271422772e-10
+13   +1.2627790916255519e-10  -5.9810372200484030e-10
+14   +1.6292445731716426e-10  -5.5069974991054020e-10
+15   +1.2054014728286769e-10  -5.0989510503442630e-10
+16   +1.1883120536883305e-10  -4.7448161339093969e-10
+17   +1.1643515502139403e-10  -4.4349071326018499e-10
+18   +1.1467006299609290e-10  -4.1615687796026665e-10
+19   +1.1307915210982480e-10  -3.9187270330109181e-10
+20   +1.1166168317451125e-10  -3.7015335868108609e-10
+21   +1.1039605971348097e-10  -3.5060902768508911e-10
+22   +1.0926541687986229e-10  -3.3292352281422456e-10
+23   +1.0825386495367092e-10  -3.1683823188700085e-10
+24   +1.0734702355861058e-10  -3.0213994347853585e-10
+25   +1.0653219652802037e-10  -2.8865142707342635e-10
+26   +1.0579820874844195e-10  -2.7622430979395300e-10
+27   +1.0513541398530583e-10  -2.6473339473384668e-10
+28   +1.0453533436634761e-10  -2.5407240991249475e-10
+29   +1.0399069719139155e-10  -2.4415057563580753e-10
+30   +1.0349511295886514e-10  -2.3488986428911800e-10

