-30   -5.4832377473511097e-11  -1.9072189998480433e-10
-29   -5.3243306564818953e-11  -1.9807539699394432e-10
-28   -5.1479283042893786e-11  -2.0593390710938230e-10
-27   -4.9513748570986457e-11  -2.1435431704482804e-10
-26   -4.7314805977783252e-11  -2.2340210609939005e-10
-25   -4.4844034774239192e-11  -2.3315344951386536e-10
-24   -4.2054797771549178e-11  -2.4369700667818500e-10
-23   -3.8890037207300324e-11  -2.5513686135341910e-10
-22   -3.5279304319284484e-11  -2.6759582857967740e-10
-21   -3.1134759939147691e-11  -2.8121970020648103e-10
-20   -2.6346174634004277e-11  -2.9618259609841141e-10
-19   -2.0773162904836105e-11  -3.1269413833449869e-10
-18   -1.4235506362449944e-11  -3.3100786169247585e-10
-17   -6.4950847606099740e-12  -3.5143182012950338e-10
-16   +2.7452219675536654e-12  -3.7434792512020218e-10
-15   +1.4284153467438643e-11  -4.0017253988224641e-10
-14   +2.7278399837713422e-11  -4.2973686632577060e-10
-13   +8.6285729229674210e-11  -4.6312551877171003e-10
-12   +4.1086765549243937e-11  -5.0853416080764304e-10
-11   +4.7086800041735174e-09  -1.1542120207497325e-09
-10   -1.5713197822204431e-09  -6.6512164045076643e-10
 -9   +4.7772019959092523e-07  -1.4983753077491432e-07
 -8   -7.7333284494675757e-08  +2.5497680377485952e-08
 -7   +4.3399342939897775e-05  -2.5651625226359393e-05
 -6   +3.1944633166298640e-07  +1.5969838214480677e-06
 -5   +2.9217293285285378e-03  -3.3661175929198964e-03
 -4   +2.3209353423316712e-04  -1.7742126744744487e-04
 -3   +6.8366095730946194e-02  -2.7875019190127887e-01
 -2   -1.9869215785035693e-04  +2.2114181867574960e-05
 -1   -2.4548738995646955e-03  -1.4078018809712775e-03
 +0   +3.7746908152244052e-08  +0.0000000000000000e+00
 +1   -2.4548738995646955e-03  +1.4078018809712775e-03
 +2   -1.9869215785035693e-04  -2.2114181867574960e-05
 +3   +6.8366095730946194e-02  +2.7875019190127887e-01
 +4   +2.3209353423316712e-04  +1.7742126744744487e-04
 +5   +2.9217293285285378e-03  +3.3661175929198964e-03
 +6   +3.1944633166298640e-07  -1.5969838214480677e-06
 +7   +4.3399342939897775e-05  +2.5651625226359393e-05
 +8   -7.7333284494675757e-08  -2.5497680377485952e-08
 +9   +4.7772019959092523e-07  +1.4983753077491432e-07
+10   -1.5713197822204431e-09  +6.6512164045076643e-10
+11   +4.7086800041735174e-09  +1.1542120207497325e-09
+12   +4.1086765549243937e-11  +5.0853416080764304e-10
+13   +8.6285729229674210e-11  +4.6312551877171003e-10
+14   +2.7278399837713422e-11  +4.2973686632577060e-10
+15   +1.4284153467438643e-11  +4.0017253988224641e-10
+16   +2.7452219675536654e-12  +3.7434792512020218e-10
+17   -6.4950847606099740e-12  +3.5143182012950338e-10
+18   -1.4235506362449944e-11  +3.3100786169247585e-10
+19   -2.0773162904836105e-11  +3.1269413833449869e-10
+20   -2.6346174634004277e-11  +2.9618259609841141e-10
+21   -3.1134759939147691e-11  +2.8121970020648103e-10
+22   -3.5279304319284484e-11  +2.6759582857967740e-10
+23   -3.8890037207300324e-11  +2.5513686135341910e-10
+24   -4.2054797771549178e-11  +2.4369700667818500e-10
+25   -4.4844034774239192e-11  +2.3315344951386536e-10
+26   -4.7314805977783252e-11  +2.2340210609939005e-10
+27   -4.9513748570986457e-11  +2.1435431704482804e-10
+28   -5.1479283042893786e-11  +2.0593390710938230e-10
+29   -5.3243306564818953e-11  +1.9807539699394432e-10
+30   -5.4832377473511097e-11  +1.9072189998480433e-10

