-30   +7.9833989260060072e-10  +1.8303496342742676e-09
-29   +8.0035332025397602e-10  +1.9099787972608357e-09
-28   +8.0190356949518260e-10  +1.9960005886486326e-09
-27   +8.0279808021312224e-10  +2.0892299513403711e-09
-26   +8.0278030489887480e-10  +2.1906181498945695e-09
-25   +8.0150743231052595e-10  +2.3012802910314640e-09
-24   +7.9851961980538354e-10  +2.4225285174275418e-09
-23   +7.9319778418525860e-10  +2.5559126773358478e-09
-22   +7.8470394618803442e-10  +2.7032691054526336e-09
-21   +7.7189817426479963e-10  +2.8667792804512142e-09
-20   +7.5321021101370357e-10  +3.0490384382047365e-09
-19   +7.2651361046170354e-10  +3.2531332918718207e-09
-18   +6.8799200577357275e-10  +3.4827252470819799e-09
-17   +6.3574139194316462e-10  +3.7421284980577288e-09
-16   +4.9151713748698617e-10  +4.0363617498845223e-09
-15   +4.4489161706601020e-10  +4.3711318559674825e-09
-14   -5.4037882984146855e-09  +4.7526785273066230e-09
-13   -8.7900248757783866e-10  +5.1873544559374587e-09
-12   -4.1787589246836788e-07  +5.6811008621026570e-09
-11   -6.0130510308375070e-08  +6.2370761489427806e-09
-10   -2.5366788022844129e-05  +6.8844237598236392e-09
 -9   -2.4627716556637386e-06  +7.5378277998496508e-09
 -8   -1.0160496004524005e-03  +1.1364409948754882e-08
 -7   -1.4753020078258408e-05  +8.7458452952348570e-09
 -6   +8.4229562590741919e-06  +3.5359237858693436e-07
 -5   +4.6837428364786749e-06  -2.0946030882092135e-08
 -4   -4.4911744092477208e-04  +3.7615675641368128e-05
 -3   +4.3840283069000740e-06  -1.9609840873965977e-06
 -2   +2.4640064747864867e-05  +3.9180760271828865e-03
 -1   -4.2043948017124149e-06  +8.1219838173432769e-05
 +0   +4.6788581074625491e-07  +0.0000000000000000e+00
 +1   -4.2043948017124149e-06  -8.1219838173432769e-05
 +2   +2.4640064747864867e-05  -3.9180760271828865e-03
 +3   +4.3840283069000740e-06  +1.9609840873965977e-06
 +4   -4.4911744092477208e-04  -3.7615675641368128e-05
 +5   +4.6837428364786749e-06  +2.0946030882092135e-08
 +6   +8.4229562590741919e-06  -3.5359237858693436e-07
 +7   -1.4753020078258408e-05  -8.7458452952348570e-09
 +8   -1.0160496004524005e-03  -1.1364409948754882e-08
 +9   -2.4627716556637386e-06  -7.5378277998496508e-09
+10   -2.5366788022844129e-05  -6.8844237598236392e-09
+11   -6.0130510308375070e-08  -6.2370761489427806e-09
+12   -4.1787589246836788e-07  -5.6811008621026570e-09
+13   -8.7900248757783866e-10  -5.1873544559374587e-09
+14   -5.4037882984146855e-09  -4.7526785273066230e-09
+15   +4.4489161706601020e-10  -4.3711318559674825e-09
+16   +4.9151713748698617e-10  -4.0363617498845223e-09
+17   +6.3574139194316462e-10  -3.7421284980577288e-09
+18   +6.8799200577357275e-10  -3.4827252470819799e-09
+19   +7.2651361046170354e-10  -3.2531332918718207e-09
+20   +7.5321021101370357e-10  -3.0490384382047365e-09
+21   +7.7189817426479963e-10  -2.8667792804512142e-09
+22   +7.8470394618803442e-10  -2.7032691054526336e-09
+23   +7.9319778418525860e-10  -2.5559126773358478e-09
+24   +7.9851961980538354e-10  -2.4225285174275418e-09
+25   +8.0150743231052595e-10  -2.3012802910314640e-09
+26   +8.0278030489887480e-10  -2.1906181498945695e-09
+27   +8.0279808021312224e-10  -2.0892299513403711e-09
+28   +8.0190356949518260e-10  -1.9960005886486326e-09
+29   +8.0035332025397602e-10  -1.9099787972608357e-09
+30   +7.9833989260060072e-10  -1.8303496342742676e-09

