-30   +5.9522680802225376e-11  -2.5293356694646584e-11
-29   +6.4133841578846753e-11  -2.6231180123351812e-11
-28   +6.9240695172281525e-11  -2.7229012093604531e-11
-27   +7.4916320180798993e-11  -2.8293059056580086e-11
-26   +8.1247860491731005e-11  -2.9430327483747866e-11
-25   +8.8339535221980546e-11  -3.0648761807289524e-11
-24   +9.6317142440330071e-11  -3.1957620274271948e-11
-23   +1.0533335567208790e-10  -3.3367299280955949e-11
-22   +1.1557500047229356e-10  -3.4889976011747303e-11
-21   +1.2727257070057950e-10  -3.6539673583913072e-11
-20   +1.4071290600426994e-10  -3.8332739165645208e-11
-19   +1.5625633138097465e-10  -4.0288096200828153e-11
-18   +1.7436045809361252e-10  -4.2427904666952995e-11
-17   +1.9561252917662792e-10  -4.4778160944662649e-11
-16   +2.2077605217481871e-10  -4.7369110775189187e-11
-15   +2.5085668264554492e-10  -5.0236182112474687e-11
-14   +2.8719808257123425e-10  -5.3419139695794361e-11
-13   +3.3163008970458796e-10  -5.6968526867750197e-11
-12   +3.8657446224295747e-10  -6.0800652558330061e-11
-11   +4.5604558788271127e-10  -6.5428809130953720e-11
-10   +5.3020962783474926e-10  -5.4379676512391755e-11
 -9   +6.7557239026726368e-10  -8.2410775227619649e-11
 -8   -1.2627343736567131e-09  +1.8619996555385293e-09
 -7   +2.4885991181112312e-09  -7.0581517960578824e-10
 -6   -3.0449482754397396e-07  +2.3572822146388735e-07
 -5   +1.2499311165020723e-07  -5.0890074272759364e-08
 -4   -4.6309135768667827e-05  +2.8245917127244627e-05
 -3   +8.4636586456861956e-06  -3.1041910283211271e-06
 -2   -7.6751590738466276e-03  +3.2625001719626449e-03
 -1   -3.1885928402468442e-04  +6.1684441925163687e-05
 +0   -4.2997838999570964e-07  +0.0000000000000000e+00
 +1   -3.1885928402468442e-04  -6.1684441925163687e-05
 +2   -7.6751590738466276e-03  -3.2625001719626449e-03
 +3   +8.4636586456861956e-06  +3.1041910283211271e-06
 +4   -4.6309135768667827e-05  -2.8245917127244627e-05
 +5   +1.2499311165020723e-07  +5.0890074272759364e-08
 +6   -3.0449482754397396e-07  -2.3572822146388735e-07
 +7   +2.4885991181112312e-09  +7.0581517960578824e-10
 +8   -1.2627343736567131e-09  -1.8619996555385293e-09
 +9   +6.7557239026726368e-10  +8.2410775227619649e-11
+10   +5.3020962783474926e-10  +5.4379676512391755e-11
+11   +4.5604558788271127e-10  +6.5428809130953720e-11
+12   +3.8657446224295747e-10  +6.0800652558330061e-11
+13   +3.3163008970458796e-10  +5.6968526867750197e-11
+14   +2.8719808257123425e-10  +5.3419139695794361e-11
+15   +2.5085668264554492e-10  +5.0236182112474687e-11
+16   +2.2077605217481871e-10  +4.7369110775189187e-11
+17   +1.9561252917662792e-10  +4.4778160944662649e-11
+18   +1.7436045809361252e-10  +4.2427904666952995e-11
+19   +1.5625633138097465e-10  +4.0288096200828153e-11
+20   +1.4071290600426994e-10  +3.8332739165645208e-11
+21   +1.2727257070057950e-10  +3.6539673583913072e-11
+22   +1.1557500047229356e-10  +3.4889976011747303e-11
+23   +1.0533335567208790e-10  +3.3367299280955949e-11
+24   +9.6317142440330071e-11  +3.1957620274271948e-11
+25   +8.8339535221980546e-11  +3.0648761807289524e-11
+26   +8.1247860491731005e-11  +2.9430327483747866e-11
+27   +7.4916320180798993e-11  +2.8293059056580086e-11
+28   +6.9240695172281525e-11  +2.7229012093604531e-11
+29   +6.4133841578846753e-11  +2.6231180123351812e-11
+30   +5.9522680802225376e-11  +2.5293356694646584e-11

