-30   -3.2871695787727615e-09  -1.6795909756449581e-08
-29   -3.0338326546165393e-09  -1.7386105872321786e-08
-28   -2.7545526902844459e-09  -1.8010255666129062e-08
-27   -2.4457449094622532e-09  -1.8671310187907561e-08
-26   -2.1031971704397991e-09  -1.9372523409081316e-08
-25   -1.7219373034631262e-09  -2.0117479238866287e-08
-24   -1.2960672970235004e-09  -2.0910117566774082e-08
-23   -8.1855558108435889e-10  -2.1754754963290039e-08
-22   -2.8097512621771739e-10  -2.2656096263863729e-08
-21   +3.2682806432439590e-10  -2.3619228529467217e-08
-20   +1.0171572071818982e-09  -2.4649585324195768e-08
-19   +1.8050041190253681e-09  -2.5752861132906680e-08
-18   +2.7087399937756635e-09  -2.6934845156609681e-08
-17   +3.7510137870568347e-09  -2.8201129622192366e-08
-16   +4.9598411790738443e-09  -2.9556586248815103e-08
-15   +6.3711856512065125e-09  -3.1004888356292904e-08
-14   +8.0254378817407636e-09  -3.2545684335289427e-08
-13   +1.0088221212651688e-08  -3.4194675490790803e-08
-12   +1.2295486933103932e-08  -3.5897412287599932e-08
-11   +2.5912827613971603e-08  -3.7933794626205629e-08
-10   +1.8301574848611900e-08  -4.0967294283807984e-08
 -9   +1.0304124011465072e-06  +1.3371983997447989e-07
 -8   +7.4218787092229493e-08  -1.4445740122839307e-07
 -7   +8.0251876140867242e-05  +3.7550794376478257e-05
 -6   +6.2911450453358685e-06  -2.7057182666869613e-06
 -5   +4.4217871526252509e-03  +4.6485741238685100e-03
 -4   +2.4653890708845044e-04  +1.9504616379569423e-04
 -3   +6.8339682601068527e-02  +2.7875530259568365e-01
 -2   -2.1157536745502936e-04  -2.9783417938205930e-05
 -1   -2.7740431614515135e-03  +1.0147668004770148e-03
 +0   +9.8122867459555257e-06  +0.0000000000000000e+00
 +1   -2.7740431614515135e-03  -1.0147668004770148e-03
 +2   -2.1157536745502936e-04  +2.9783417938205930e-05
 +3   +6.8339682601068527e-02  -2.7875530259568365e-01
 +4   +2.4653890708845044e-04  -1.9504616379569423e-04
 +5   +4.4217871526252509e-03  -4.6485741238685100e-03
 +6   +6.2911450453358685e-06  +2.7057182666869613e-06
 +7   +8.0251876140867242e-05  -3.7550794376478257e-05
 +8   +7.4218787092229493e-08  +1.4445740122839307e-07
 +9   +1.0304124011465072e-06  -1.3371983997447989e-07
+10   +1.8301574848611900e-08  +4.0967294283807984e-08
+11   +2.5912827613971603e-08  +3.7933794626205629e-08
+12   +1.2295486933103932e-08  +3.5897412287599932e-08
+13   +1.0088221212651688e-08  +3.4194675490790803e-08
+14   +8.0254378817407636e-09  +3.2545684335289427e-08
+15   +6.3711856512065125e-09  +3.1004888356292904e-08
+16   +4.9598411790738443e-09  +2.9556586248815103e-08
+17   +3.7510137870568347e-09  +2.8201129622192366e-08
+18   +2.7087399937756635e-09  +2.6934845156609681e-08
+19   +1.8050041190253681e-09  +2.5752861132906680e-08
+20   +1.0171572071818982e-09  +2.4649585324195768e-08
+21   +3.2682806432439590e-10  +2.3619228529467217e-08
+22   -2.8097512621771739e-10  +2.2656096263863729e-08
+23   -8.1855558108435889e-10  +2.1754754963290039e-08
+24   -1.2960672970235004e-09  +2.0910117566774082e-08
+25   -1.7219373034631262e-09  +2.0117479238866287e-08
+26   -2.1031971704397991e-09  +1.9372523409081316e-08
+27   -2.4457449094622532e-09  +1.8671310187907561e-08
+28   -2.7545526902844459e-09  +1.8010255666129062e-08
+29   -3.0338326546165393e-09  +1.7386105872321786e-08
+30   -3.2871695787727615e-09  +1.6795909756449581e-08

