-30   +4.1643754883858201e-11  +1.8060083351550003e-10
-29   +3.9391028393439176e-11  +1.8737445278732424e-10
-28   +3.6893144415539564e-11  +1.9459036140653018e-10
-27   +3.4113591927143468e-11  +2.0229499159065307e-10
-26   +3.1008635502431189e-11  +2.1054123344583793e-10
-25   +2.7525954262163529e-11  +2.1938978774746092e-10
-24   +2.3602386617934648e-11  +2.2891007585170798e-10
-23   +1.9161085050525388e-11  +2.3918238577042028e-10
-22   +1.4108112846021545e-11  +2.5029929350713965e-10
-21   +8.3276286840102544e-12  +2.6236820329433219e-10
-20   +1.6759199500898387e-12  +2.7551397112337741e-10
-19   -6.0270456304495020e-12  +2.8988148800983762e-10
-18   -1.5007809283842808e-11  +3.0564399697888662e-10
-17   -2.5553925335558322e-11  +3.2298251134024137e-10
-16   -3.8031739063984222e-11  +3.4256965196559975e-10
-15   -5.2908811248034320e-11  +3.6334709413769324e-10
-14   -7.0780739141380127e-11  +4.2699163273398812e-10
-13   -9.2376796316512216e-11  +4.1417858324682085e-10
-12   -1.1881804785130417e-10  +3.9233962928273527e-09
-11   -1.4991822901043733e-10  +6.2764705135616457e-10
-10   -2.1650796388516637e-10  +2.7588015194122356e-07
 -9   -2.0018276170251771e-10  +1.4799569329828715e-08
 -8   -3.8155666370851729e-09  +1.8438267556603509e-05
 -7   +1.7692898842348484e-09  +8.5840013018180266e-07
 -6   -4.3891635997296895e-07  +8.3913221566060377e-04
 -5   +1.0573420321828036e-07  +1.2777066226697801e-05
 -4   -5.4013626835143497e-05  -4.8594505206805909e-06
 -3   +4.7484237223028537e-06  -2.2671906514504878e-06
 -2   -6.6087635658051008e-03  +4.7282223625553339e-04
 -1   -2.6168759663073703e-04  -4.7541460139531737e-06
 +0   -9.9999807358998294e-01  +0.0000000000000000e+00
 +1   -2.6168759663073703e-04  +4.7541460139531737e-06
 +2   -6.6087635658051008e-03  -4.7282223625553339e-04
 +3   +4.7484237223028537e-06  +2.2671906514504878e-06
 +4   -5.4013626835143497e-05  +4.8594505206805909e-06
 +5   +1.0573420321828036e-07  -1.2777066226697801e-05
 +6   -4.3891635997296895e-07  -8.3913221566060377e-04
 +7   +1.7692898842348484e-09  -8.5840013018180266e-07
 +8   -3.8155666370851729e-09  -1.8438267556603509e-05
 +9   -2.0018276170251771e-10  -1.4799569329828715e-08
+10   -2.1650796388516637e-10  -2.7588015194122356e-07
+11   -1.4991822901043733e-10  -6.2764705135616457e-10
+12   -1.1881804785130417e-10  -3.9233962928273527e-09
+13   -9.2376796316512216e-11  -4.1417858324682085e-10
+14   -7.0780739141380127e-11  -4.2699163273398812e-10
+15   -5.2908811248034320e-11  -3.6334709413769324e-10
+16   -3.8031739063984222e-11  -3.4256965196559975e-10
+17   -2.5553925335558322e-11  -3.2298251134024137e-10
+18   -1.5007809283842808e-11  -3.0564399697888662e-10
+19   -6.0270456304495020e-12  -2.8988148800983762e-10
+20   +1.6759199500898387e-12  -2.7551397112337741e-10
+21   +8.3276286840102544e-12  -2.6236820329433219e-10
+22   +1.4108112846021545e-11  -2.5029929350713965e-10
+23   +1.9161085050525388e-11  -2.3918238577042028e-10
+24   +2.3602386617934648e-11  -2.2891007585170798e-10
+25   +2.7525954262163529e-11  -2.1938978774746092e-10
+26   +3.1008635502431189e-11  -2.1054123344583793e-10
+27   +3.4113591927143468e-11  -2.0229499159065307e-10
+28   +3.6893144415539564e-11  -1.9459036140653018e-10
+29   +3.9391028393439176e-11  -1.8737445278732424e-10
+30   +4.1643754883858201e-11  -1.8060083351550003e-10

