-30   -1.7737948674146026e-10  -1.1568479061247936e-09
-29   -1.5640895670102455e-10  -1.1962503386871382e-09
-28   -1.3330312373356206e-10  -1.2377604844048922e-09
-27   -1.0776927214090993e-10  -1.2815360492876967e-09
-26   -7.9464193572077026e-11  -1.3277449493128926e-09
-25   -4.7983507296888112e-11  -1.3765643411164059e-09
-24   -1.2848644851823878e-11  -1.4281786495899042e-09
-23   +2.6509610984425300e-11  -1.4827756368052870e-09
-22   +7.0771175831093983e-11  -1.5405406368479711e-09
-21   +1.2075252376224591e-10  -1.6016469390510300e-09
-20   +1.7743900106488185e-10  -1.6662404264368772e-09
-19   +2.4202525099754557e-10  -1.7344165354349972e-09
-18   +3.1596654259504285e-10  -1.8061849038891753e-09
-17   +4.0104771956500345e-10  -1.8814046486518924e-09
-16   +4.9944443548002024e-10  -1.9597516821689495e-09
-15   +6.1417947853496181e-10  -2.0394678137530667e-09
-14   +7.4777673147834866e-10  -2.1225328296862104e-09
-13   +9.2467118386441231e-10  -2.0958524001423722e-09
-12   +1.1086568477811819e-09  -2.2884504668142865e-09
-11   +1.6130569892708192e-09  +8.4854941094707580e-09
-10   +3.1587814677968783e-09  -2.5090590204677191e-09
 -9   -1.7287825045427036e-07  +1.0055657147541874e-06
 -8   +1.0424578673178424e-07  +4.4560573655058492e-08
 -7   -3.7591592302861285e-05  +8.0216491830461102e-05
 -6   +2.6658034237178763e-06  +6.2493467127300989e-06
 -5   -4.6486150484929987e-03  +4.4217352871113611e-03
 -4   -1.9505383340485347e-04  +2.4651166100029035e-04
 -3   -2.7875526751365115e-01  +6.8339477704715351e-02
 -2   +3.0073243113471444e-05  -2.0992151340212741e-04
 -1   -9.9161045400671674e-04  -2.7489137026976539e-03
 +0   +2.1774128367882744e-06  +0.0000000000000000e+00
 +1   -9.9161045400671674e-04  +2.7489137026976539e-03
 +2   +3.0073243113471444e-05  +2.0992151340212741e-04
 +3   -2.7875526751365115e-01  -6.8339477704715351e-02
 +4   -1.9505383340485347e-04  -2.4651166100029035e-04
 +5   -4.6486150484929987e-03  -4.4217352871113611e-03
 +6   +2.6658034237178763e-06  -6.2493467127300989e-06
 +7   -3.7591592302861285e-05  -8.0216491830461102e-05
 +8   +1.0424578673178424e-07  -4.4560573655058492e-08
 +9   -1.7287825045427036e-07  -1.0055657147541874e-06
+10   +3.1587814677968783e-09  +2.5090590204677191e-09
+11   +1.6130569892708192e-09  -8.4854941094707580e-09
+12   +1.1086568477811819e-09  +2.2884504668142865e-09
+13   +9.2467118386441231e-10  +2.0958524001423722e-09
+14   +7.4777673147834866e-10  +2.1225328296862104e-09
+15   +6.1417947853496181e-10  +2.0394678137530667e-09
+16   +4.9944443548002024e-10  +1.9597516821689495e-09
+17   +4.0104771956500345e-10  +1.8814046486518924e-09
+18   +3.1596654259504285e-10  +1.8061849038891753e-09
+19   +2.4202525099754557e-10  +1.7344165354349972e-09
+20   +1.7743900106488185e-10  +1.6662404264368772e-09
+21   +1.2075252376224591e-10  +1.6016469390510300e-09
+22   +7.0771175831093983e-11  +1.5405406368479711e-09
+23   +2.6509610984425300e-11  +1.4827756368052870e-09
+24   -1.2848644851823878e-11  +1.4281786495899042e-09
+25   -4.7983507296888112e-11  +1.3765643411164059e-09
+26   -7.9464193572077026e-11  +1.3277449493128926e-09
+27   -1.0776927214090993e-10  +1.2815360492876967e-09
+28   -1.3330312373356206e-10  +1.2377604844048922e-09
+29   -1.5640895670102455e-10  +1.1962503386871382e-09
+30   -1.7737948674146026e-10  +1.1568479061247936e-09

