-30   -1.6221539360644675e-11  -3.0001828631721616e-11
-29   -1.6460527333800465e-11  -3.1123421534092623e-11
-28   -1.6725147608252658e-11  -3.2317985280971571e-11
-27   -1.7019196195899027e-11  -3.3593156273125871e-11
-26   -1.7347246924094053e-11  -3.4957749818444416e-11
-25   -1.7714569434941913e-11  -3.6421794943121682e-11
-24   -1.8127785001123050e-11  -3.7996860083300365e-11
-23   -1.8594757439031697e-11  -3.9696248938914976e-11
-22   -1.9124996601336976e-11  -4.1535599570263709e-11
-21   -1.9730479467841675e-11  -4.3533026804924852e-11
-20   -2.0426089779324587e-11  -4.5709807986793514e-11
-19   -2.1230192091546222e-11  -4.8091138596845479e-11
-18   -2.2166511165713142e-11  -5.0706868891520918e-11
-17   -2.3265170220330779e-11  -5.3592449876879967e-11
-16   -2.4565431320654656e-11  -5.6790613818227407e-11
-15   -2.6118773505414552e-11  -6.0352514250723983e-11
-14   -2.7995097087782627e-11  -6.4339246366311957e-11
-13   -3.0285528318381556e-11  -6.8827677942517087e-11
-12   -3.3255502415308145e-11  -7.3828476478201479e-11
-11   -3.6753053268866845e-11  -7.9694881195931640e-11
-10   -5.9978858863800605e-11  -8.0494341546150229e-11
 -9   -5.2583741950464253e-11  -9.5479895923227501e-11
 -8   -2.4684484667227651e-09  -1.8216462190997273e-10
 -7   -5.0168545370628039e-10  -1.7776179796462932e-10
 -6   -2.3775493585144623e-07  -1.4210874574211147e-07
 -5   -4.9652624401825714e-08  -1.0855986763793359e-08
 -4   -7.0844945360784736e-06  -2.5058531713552260e-05
 -3   -2.2329060950197926e-06  -3.4013353536955019e-06
 -2   +1.0396326826209539e-03  -9.6938325209322313e-04
 -1   +1.0694141705156711e-05  -1.8147247091563682e-05
 +0   +3.3436578080758145e-05  +0.0000000000000000e+00
 +1   +1.0694141705156711e-05  +1.8147247091563682e-05
 +2   +1.0396326826209539e-03  +9.6938325209322313e-04
 +3   -2.2329060950197926e-06  +3.4013353536955019e-06
 +4   -7.0844945360784736e-06  +2.5058531713552260e-05
 +5   -4.9652624401825714e-08  +1.0855986763793359e-08
 +6   -2.3775493585144623e-07  +1.4210874574211147e-07
 +7   -5.0168545370628039e-10  +1.7776179796462932e-10
 +8   -2.4684484667227651e-09  +1.8216462190997273e-10
 +9   -5.2583741950464253e-11  +9.5479895923227501e-11
+10   -5.9978858863800605e-11  +8.0494341546150229e-11
+11   -3.6753053268866845e-11  +7.9694881195931640e-11
+12   -3.3255502415308145e-11  +7.3828476478201479e-11
+13   -3.0285528318381556e-11  +6.8827677942517087e-11
+14   -2.7995097087782627e-11  +6.4339246366311957e-11
+15   -2.6118773505414552e-11  +6.0352514250723983e-11
+16   -2.4565431320654656e-11  +5.6790613818227407e-11
+17   -2.3265170220330779e-11  +5.3592449876879967e-11
+18   -2.2166511165713142e-11  +5.0706868891520918e-11
+19   -2.1230192091546222e-11  +4.8091138596845479e-11
+20   -2.0426089779324587e-11  +4.5709807986793514e-11
+21   -1.9730479467841675e-11  +4.3533026804924852e-11
+22   -1.9124996601336976e-11  +4.1535599570263709e-11
+23   -1.8594757439031697e-11  +3.9696248938914976e-11
+24   -1.8127785001123050e-11  +3.7996860083300365e-11
+25   -1.7714569434941913e-11  +3.6421794943121682e-11
+26   -1.7347246924094053e-11  +3.4957749818444416e-11
+27   -1.7019196195899027e-11  +3.3593156273125871e-11
+28   -1.6725147608252658e-11  +3.2317985280971571e-11
+29   -1.6460527333800465e-11  +3.1123421534092623e-11
+30   -1.6221539360644675e-11  +3.0001828631721616e-11

