-30   +5.6958456075802150e-11  -1.1104066927456109e-10
-29   +6.3912450631126537e-11  -1.1550905963249448e-10
-28   +7.1654689609181691e-11  -1.2030437691260160e-10
-27   +8.0309357366171391e-11  -1.2546568735002053e-10
-26   +9.0025978178762406e-11  -1.3103829823023715e-10
-25   +1.0098627699786200e-10  -1.3707485269581309e-10
-24   +1.1341242779308689e-10  -1.4363712417160035e-10
-23   +1.2757839894092093e-10  -1.5079748940104984e-10
-22   +1.4382509035783110e-10  -1.5864132032113358e-10
-21   +1.6258045382737024e-10  -1.6726880323155982e-10
-20   +1.8438710656223331e-10  -1.7680713028508298e-10
-19   +2.0993939986682776e-10  -1.8736986127982787e-10
-18   +2.4013532895967572e-10  -1.9994869757249021e-10
-17   +2.7614652221083895e-10  -2.1245901784597576e-10
-16   +3.1951279799288474e-10  -2.9747827827279459e-10
-15   +3.7226318004794651e-10  -2.5733437364997623e-10
-14   +4.3705560294805059e-10  -5.9800507750702075e-09
-13   +5.1722469273540243e-10  -1.2733682761137497e-09
-12   +6.1676673234212121e-10  -4.1800837314480838e-07
-11   +7.3656483591614422e-10  -5.9886828597813259e-08
-10   +8.6551335398935900e-10  -2.5366006017798517e-05
 -9   +8.8590966044233972e-10  -2.4612244597991618e-06
 -8   -2.1490337147807236e-09  -1.0160469821613675e-03
 -7   -3.9897026788750422e-09  -1.4748924135770480e-05
 -6   -4.7924703307757778e-07  +8.4289597070709303e-06
 -5   +1.2722549427430518e-07  +4.6920472928009528e-06
 -4   -6.1650173569566307e-05  -4.4910646777046798e-04
 -3   +7.5705191789278726e-06  +4.3931934902025879e-06
 -2   -7.5889518768073282e-03  +2.4652108093118434e-05
 -1   -2.7612798155550249e-04  -4.1373284807047392e-06
 +0   -1.4999973420163961e+00  +0.0000000000000000e+00
 +1   -2.7612798155550249e-04  +4.1373284807047392e-06
 +2   -7.5889518768073282e-03  -2.4652108093118434e-05
 +3   +7.5705191789278726e-06  -4.3931934902025879e-06
 +4   -6.1650173569566307e-05  +4.4910646777046798e-04
 +5   +1.2722549427430518e-07  -4.6920472928009528e-06
 +6   -4.7924703307757778e-07  -8.4289597070709303e-06
 +7   -3.9897026788750422e-09  +1.4748924135770480e-05
 +8   -2.1490337147807236e-09  +1.0160469821613675e-03
 +9   +8.8590966044233972e-10  +2.4612244597991618e-06
+10   +8.6551335398935900e-10  +2.5366006017798517e-05
+11   +7.3656483591614422e-10  +5.9886828597813259e-08
+12   +6.1676673234212121e-10  +4.1800837314480838e-07
+13   +5.1722469273540243e-10  +1.2733682761137497e-09
+14   +4.3705560294805059e-10  +5.9800507750702075e-09
+15   +3.7226318004794651e-10  +2.5733437364997623e-10
+16   +3.1951279799288474e-10  +2.9747827827279459e-10
+17   +2.7614652221083895e-10  +2.1245901784597576e-10
+18   +2.4013532895967572e-10  +1.9994869757249021e-10
+19   +2.0993939986682776e-10  +1.8736986127982787e-10
+20   +1.8438710656223331e-10  +1.7680713028508298e-10
+21   +1.6258045382737024e-10  +1.6726880323155982e-10
+22   +1.4382509035783110e-10  +1.5864132032113358e-10
+23   +1.2757839894092093e-10  +1.5079748940104984e-10
+24   +1.1341242779308689e-10  +1.4363712417160035e-10
+25   +1.0098627699786200e-10  +1.3707485269581309e-10
+26   +9.0025978178762406e-11  +1.3103829823023715e-10
+27   +8.0309357366171391e-11  +1.2546568735002053e-10
+28   +7.1654689609181691e-11  +1.2030437691260160e-10
+29   +6.3912450631126537e-11  +1.1550905963249448e-10
+30   +5.6958456075802150e-11  +1.1104066927456109e-10

