-30   -2.1735371264021009e-10  -1.2069241205129510e-09
-29   -1.9761228214102157e-10  -1.2480347084414920e-09
-28   -1.7587432205660972e-10  -1.2913430414358312e-09
-27   -1.5186888257245991e-10  -1.3370129355811941e-09
-26   -1.2527895007953650e-10  -1.3852186727582875e-09
-25   -9.5731963248160973e-11  -1.4361435761239369e-09
-24   -6.2788229384843327e-11  -1.4899778595945775e-09
-23   -2.5926727376419894e-11  -1.5469144940146749e-09
-22   +1.5472761558780741e-11  -1.6071424474770669e-09
-21   +6.2151538989510642e-11  -1.6708357536832550e-09
-20   +1.1499908456273655e-10  -1.7381369486937588e-09
-19   +1.7508702209292887e-10  -1.8091309283787146e-09
-18   +2.4371027498546671e-10  -1.8838049158613379e-09
-17   +3.2243641053211439e-10  -1.9619903324446270e-09
-16   +4.1317043694937706e-10  -2.0432491760035083e-09
-15   +5.1816577098802511e-10  -2.1271413444538911e-09
-14   +6.4045531794968222e-10  -2.2108120850045700e-09
-13   +7.8273019416946309e-10  -2.3356205063821517e-09
-12   +9.5620617993873227e-10  -2.3463209254396210e-09
-11   +1.7525102826880464e-09  -7.0520792049140017e-09
-10   +1.4401152368444444e-09  -7.8031732868165427e-10
 -9   +1.5081902167451456e-07  -4.8003178054847632e-07
 -8   -2.4281020874107516e-08  +7.5139336047271780e-08
 -7   +2.5653144148681127e-05  -4.3401302655408053e-05
 -6   -1.5954674413837410e-06  -3.2119064146353770e-07
 -5   +3.3661216595087919e-03  -2.9217294229313749e-03
 -4   +1.7740441520064197e-04  -2.3211561904950623e-04
 -3   +2.7875025327355701e-01  -6.8366049864278133e-02
 -2   -2.2629409130943001e-05  +1.9690642019826738e-04
 -1   +1.4057303772897023e-03  +2.4374761111654090e-03
 +0   -9.6957556129767763e-06  +0.0000000000000000e+00
 +1   +1.4057303772897023e-03  -2.4374761111654090e-03
 +2   -2.2629409130943001e-05  -1.9690642019826738e-04
 +3   +2.7875025327355701e-01  +6.8366049864278133e-02
 +4   +1.7740441520064197e-04  +2.3211561904950623e-04
 +5   +3.3661216595087919e-03  +2.9217294229313749e-03
 +6   -1.5954674413837410e-06  +3.2119064146353770e-07
 +7   +2.5653144148681127e-05  +4.3401302655408053e-05
 +8   -2.4281020874107516e-08  -7.5139336047271780e-08
 +9   +1.5081902167451456e-07  +4.8003178054847632e-07
+10   +1.4401152368444444e-09  +7.8031732868165427e-10
+11   +1.7525102826880464e-09  +7.0520792049140017e-09
+12   +9.5620617993873227e-10  +2.3463209254396210e-09
+13   +7.8273019416946309e-10  +2.3356205063821517e-09
+14   +6.4045531794968222e-10  +2.2108120850045700e-09
+15   +5.1816577098802511e-10  +2.1271413444538911e-09
+16   +4.1317043694937706e-10  +2.0432491760035083e-09
+17   +3.2243641053211439e-10  +1.9619903324446270e-09
+18   +2.4371027498546671e-10  +1.8838049158613379e-09
+19   +1.7508702209292887e-10  +1.8091309283787146e-09
+20   +1.1499908456273655e-10  +1.7381369486937588e-09
+21   +6.2151538989510642e-11  +1.6708357536832550e-09
+22   +1.5472761558780741e-11  +1.6071424474770669e-09
+23   -2.5926727376419894e-11  +1.5469144940146749e-09
+24   -6.2788229384843327e-11  +1.4899778595945775e-09
+25   -9.5731963248160973e-11  +1.4361435761239369e-09
+26   -1.2527895007953650e-10  +1.3852186727582875e-09
+27   -1.5186888257245991e-10  +1.3370129355811941e-09
+28   -1.7587432205660972e-10  +1.2913430414358312e-09
+29   -1.9761228214102157e-10  +1.2480347084414920e-09
+30   -2.1735371264021009e-10  +1.2069241205129510e-09

