-30   +9.6694314826242866e-16  +0.0000000000000000e+00
-29   -9.7211574345126497e-16  +0.0000000000000000e+00
-28   +9.7792684032156522e-16  +0.0000000000000000e+00
-27   -9.8443554033205650e-16  +0.0000000000000000e+00
-26   +9.9225271491804150e-16  +0.0000000000000000e+00
-25   -1.0008592685171127e-15  +0.0000000000000000e+00
-24   +1.0101886797156079e-15  +0.0000000000000000e+00
-23   -1.0208477876664402e-15  +0.0000000000000000e+00
-22   +1.0320939083020564e-15  +0.0000000000000000e+00
-21   -1.0460919735543596e-15  +0.0000000000000000e+00
-20   +1.0627078158907664e-15  +0.0000000000000000e+00
-19   -1.0806596136154315e-15  +0.0000000000000000e+00
-18   +1.1021380782623952e-15  +0.0000000000000000e+00
-17   -1.1254997419483161e-15  +0.0000000000000000e+00
-16   +1.1550800235073795e-15  +0.0000000000000000e+00
-15   -1.1917315288994062e-15  +0.0000000000000000e+00
-14   +1.2359407960051798e-15  +0.0000000000000000e+00
-13   -1.5068514642898228e-15  +0.0000000000000000e+00
-12   +1.4082105169896024e-15  +0.0000000000000000e+00
-11   -2.6597083197841648e-14  +0.0000000000000000e+00
-10   +7.2549672931514860e-15  +0.0000000000000000e+00
 -9   -2.8063004379063647e-12  +0.0000000000000000e+00
 -8   +5.4307020554788133e-13  +0.0000000000000000e+00
 -7   -3.0543109367476062e-10  +0.0000000000000000e+00
 -6   +4.8852343148424559e-11  +0.0000000000000000e+00
 -5   -3.1658790070541531e-08  +0.0000000000000000e+00
 -4   +3.8772518900381669e-09  +0.0000000000000000e+00
 -3   -2.8275013389458847e-06  +0.0000000000000000e+00
 -2   -1.1418561405980137e-09  +0.0000000000000000e+00
 -1   -3.8406699388797817e-07  +0.0000000000000000e+00
 +0   +3.6015708398840128e-09  +0.0000000000000000e+00
 +1   -3.8406699388797817e-07  +0.0000000000000000e+00
 +2   -1.1418561405980137e-09  +0.0000000000000000e+00
 +3   -2.8275013389458847e-06  +0.0000000000000000e+00
 +4   +3.8772518900381669e-09  +0.0000000000000000e+00
 +5   -3.1658790070541531e-08  +0.0000000000000000e+00
 +6   +4.8852343148424559e-11  +0.0000000000000000e+00
 +7   -3.0543109367476062e-10  +0.0000000000000000e+00
 +8   +5.4307020554788133e-13  +0.0000000000000000e+00
 +9   -2.8063004379063647e-12  +0.0000000000000000e+00
+10   +7.2549672931514860e-15  +0.0000000000000000e+00
+11   -2.6597083197841648e-14  +0.0000000000000000e+00
+12   +1.4082105169896024e-15  +0.0000000000000000e+00
+13   -1.5068514642898228e-15  +0.0000000000000000e+00
+14   +1.2359407960051798e-15  +0.0000000000000000e+00
+15   -1.1917315288994062e-15  +0.0000000000000000e+00
+16   +1.1550800235073795e-15  +0.0000000000000000e+00
+17   -1.1254997419483161e-15  +0.0000000000000000e+00
+18   +1.1021380782623952e-15  +0.0000000000000000e+00
+19   -1.0806596136154315e-15  +0.0000000000000000e+00
+20   +1.0627078158907664e-15  +0.0000000000000000e+00
+21   -1.0460919735543596e-15  +0.0000000000000000e+00
+22   +1.0320939083020564e-15  +0.0000000000000000e+00
+23   -1.0208477876664402e-15  +0.0000000000000000e+00
+24   +1.0101886797156079e-15  +0.0000000000000000e+00
+25   -1.0008592685171127e-15  +0.0000000000000000e+00
+26   +9.9225271491804150e-16  +0.0000000000000000e+00
+27   -9.8443554033205650e-16  +0.0000000000000000e+00
+28   +9.7792684032156522e-16  +0.0000000000000000e+00
+29   -9.7211574345126497e-16  +0.0000000000000000e+00
+30   +9.6694314826242866e-16  +0.0000000000000000e+00

