-30   +0.0000000000000000e+00  +3.1756836390197474e-16
-29   -0.0000000000000000e+00  -3.2893350290459730e-16
-28   +0.0000000000000000e+00  +3.4155527653391561e-16
-27   -0.0000000000000000e+00  -3.5499749480099836e-16
-26   +0.0000000000000000e+00  +3.6955898614077148e-16
-25   -0.0000000000000000e+00  -3.8471157282847626e-16
-24   +0.0000000000000000e+00  +4.0140751602348047e-16
-23   -0.0000000000000000e+00  -4.1994521042782814e-16
-22   +0.0000000000000000e+00  +4.3961857913283518e-16
-21   -0.0000000000000000e+00  -4.6064135592751413e-16
-20   +0.0000000000000000e+00  +4.8222412285426710e-16
-19   -0.0000000000000000e+00  -5.0768090727461143e-16
-18   +0.0000000000000000e+00  +5.3724213114099987e-16
-17   -0.0000000000000000e+00  -5.6812540282398583e-16
-16   +0.0000000000000000e+00  +6.0087991298327101e-16
-15   -0.0000000000000000e+00  -6.3383339014079517e-16
-14   +0.0000000000000000e+00  +6.7755862753601117e-16
-13   -0.0000000000000000e+00  -3.2634181163467916e-16
-12   +0.0000000000000000e+00  +6.4123798565790350e-16
-11   +0.0000000000000000e+00  +4.6558582531136900e-14
-10   -0.0000000000000000e+00  -1.2584118594043848e-14
 -9   +0.0000000000000000e+00  +5.5434970205656449e-12
 -8   -0.0000000000000000e+00  -1.2061055548728960e-12
 -7   +0.0000000000000000e+00  +6.4405450057300792e-10
 -6   -0.0000000000000000e+00  -9.6696344673790226e-11
 -5   +0.0000000000000000e+00  +7.3280007156484616e-08
 -4   -0.0000000000000000e+00  -5.9664812086159784e-09
 -3   +0.0000000000000000e+00  +7.6421465100100640e-06
 -2   +0.0000000000000000e+00  +1.8072935058323064e-08
 -1   -0.0000000000000000e+00  -9.3978462555739555e-07
 +0   +0.0000000000000000e+00  +0.0000000000000000e+00
 +1   +0.0000000000000000e+00  +9.3978462555739555e-07
 +2   -0.0000000000000000e+00  -1.8072935058323064e-08
 +3   -0.0000000000000000e+00  -7.6421465100100640e-06
 +4   +0.0000000000000000e+00  +5.9664812086159784e-09
 +5   -0.0000000000000000e+00  -7.3280007156484616e-08
 +6   +0.0000000000000000e+00  +9.6696344673790226e-11
 +7   -0.0000000000000000e+00  -6.4405450057300792e-10
 +8   +0.0000000000000000e+00  +1.2061055548728960e-12
 +9   -0.0000000000000000e+00  -5.5434970205656449e-12
+10   +0.0000000000000000e+00  +1.2584118594043848e-14
+11   -0.0000000000000000e+00  -4.6558582531136900e-14
+12   -0.0000000000000000e+00  -6.4123798565790350e-16
+13   +0.0000000000000000e+00  +3.2634181163467916e-16
+14   -0.0000000000000000e+00  -6.7755862753601117e-16
+15   +0.0000000000000000e+00  +6.3383339014079517e-16
+16   -0.0000000000000000e+00  -6.0087991298327101e-16
+17   +0.0000000000000000e+00  +5.6812540282398583e-16
+18   -0.0000000000000000e+00  -5.3724213114099987e-16
+19   +0.0000000000000000e+00  +5.0768090727461143e-16
+20   -0.0000000000000000e+00  -4.8222412285426710e-16
+21   +0.0000000000000000e+00  +4.6064135592751413e-16
+22   -0.0000000000000000e+00  -4.3961857913283518e-16
+23   +0.0000000000000000e+00  +4.1994521042782814e-16
+24   -0.0000000000000000e+00  -4.0140751602348047e-16
+25   +0.0000000000000000e+00  +3.8471157282847626e-16
+26   -0.0000000000000000e+00  -3.6955898614077148e-16
+27   +0.0000000000000000e+00  +3.5499749480099836e-16
+28   -0.0000000000000000e+00  -3.4155527653391561e-16
+29   +0.0000000000000000e+00  +3.2893350290459730e-16
+30   -0.0000000000000000e+00  -3.1756836390197474e-16

