-30   -0.0000000000000000e+00  -2.3438743435512021e-15
-29   +0.0000000000000000e+00  +2.4252404995488444e-15
-28   -0.0000000000000000e+00  -2.5139781228349009e-15
-27   +0.0000000000000000e+00  +2.6093514472670930e-15
-26   -0.0000000000000000e+00  -2.7269530849312741e-15
-25   +0.0000000000000000e+00  +2.8476148357905203e-15
-24   -0.0000000000000000e+00  -2.9698628157167633e-15
-23   +0.0000000000000000e+00  +3.1068778009261268e-15
-22   -0.0000000000000000e+00  -3.2320858610298685e-15
-21   +0.0000000000000000e+00  +3.3946242868817653e-15
-20   -0.0000000000000000e+00  -3.5816732582310156e-15
-19   +0.0000000000000000e+00  +3.7617802770271044e-15
-18   -0.0000000000000000e+00  -3.9715563383945782e-15
-17   +0.0000000000000000e+00  +4.1743337821460198e-15
-16   -0.0000000000000000e+00  -4.4250111896643360e-15
-15   +0.0000000000000000e+00  +4.6956372552277043e-15
-14   -0.0000000000000000e+00  -5.0487554239232605e-15
-13   +0.0000000000000000e+00  +5.2154034998740856e-15
-12   -0.0000000000000000e+00  -5.6353615693756125e-15
-11   -0.0000000000000000e+00  -1.1026789300028997e-14
-10   +0.0000000000000000e+00  +5.3427276800926505e-15
 -9   -0.0000000000000000e+00  -1.9630693068346950e-12
 -8   +0.0000000000000000e+00  +8.4672403113314434e-13
 -7   -0.0000000000000000e+00  -2.1358159729623394e-10
 -6   +0.0000000000000000e+00  +1.8425565808157985e-11
 -5   -0.0000000000000000e+00  -1.9258926376922799e-08
 -4   -0.0000000000000000e+00  -1.1009130174938115e-08
 -3   +0.0000000000000000e+00  +2.0253634688149434e-07
 -2   -0.0000000000000000e+00  -1.7768540383187896e-08
 -1   +0.0000000000000000e+00  +1.2358634530942432e-06
 +0   +0.0000000000000000e+00  +0.0000000000000000e+00
 +1   -0.0000000000000000e+00  -1.2358634530942432e-06
 +2   +0.0000000000000000e+00  +1.7768540383187896e-08
 +3   -0.0000000000000000e+00  -2.0253634688149434e-07
 +4   +0.0000000000000000e+00  +1.1009130174938115e-08
 +5   +0.0000000000000000e+00  +1.9258926376922799e-08
 +6   -0.0000000000000000e+00  -1.8425565808157985e-11
 +7   +0.0000000000000000e+00  +2.1358159729623394e-10
 +8   -0.0000000000000000e+00  -8.4672403113314434e-13
 +9   +0.0000000000000000e+00  +1.9630693068346950e-12
+10   -0.0000000000000000e+00  -5.3427276800926505e-15
+11   +0.0000000000000000e+00  +1.1026789300028997e-14
+12   +0.0000000000000000e+00  +5.6353615693756125e-15
+13   -0.0000000000000000e+00  -5.2154034998740856e-15
+14   +0.0000000000000000e+00  +5.0487554239232605e-15
+15   -0.0000000000000000e+00  -4.6956372552277043e-15
+16   +0.0000000000000000e+00  +4.4250111896643360e-15
+17   -0.0000000000000000e+00  -4.1743337821460198e-15
+18   +0.0000000000000000e+00  +3.9715563383945782e-15
+19   -0.0000000000000000e+00  -3.7617802770271044e-15
+20   +0.0000000000000000e+00  +3.5816732582310156e-15
+21   -0.0000000000000000e+00  -3.3946242868817653e-15
+22   +0.0000000000000000e+00  +3.2320858610298685e-15
+23   -0.0000000000000000e+00  -3.1068778009261268e-15
+24   +0.0000000000000000e+00  +2.9698628157167633e-15
+25   -0.0000000000000000e+00  -2.8476148357905203e-15
+26   +0.0000000000000000e+00  +2.7269530849312741e-15
+27   -0.0000000000000000e+00  -2.6093514472670930e-15
+28   +0.0000000000000000e+00  +2.5139781228349009e-15
+29   -0.0000000000000000e+00  -2.4252404995488444e-15
+30   +0.0000000000000000e+00  +2.3438743435512021e-15

