-30   -3.2398775612013010e-16  +0.0000000000000000e+00
-29   +3.4170627717482263e-16  +0.0000000000000000e+00
-28   -3.4516383316091646e-16  +0.0000000000000000e+00
-27   +3.4680383681233919e-16  +0.0000000000000000e+00
-26   -3.4633006278898109e-16  +0.0000000000000000e+00
-25   +3.5806415305551100e-16  +0.0000000000000000e+00
-24   -3.6011774624691929e-16  +0.0000000000000000e+00
-23   +3.5101484180100043e-16  +0.0000000000000000e+00
-22   -3.5119678810827556e-16  +0.0000000000000000e+00
-21   +3.5875162112721012e-16  +0.0000000000000000e+00
-20   -3.9249625240100703e-16  +0.0000000000000000e+00
-19   +3.9346227615171801e-16  +0.0000000000000000e+00
-18   -3.6648191561741904e-16  +0.0000000000000000e+00
-17   +3.7378282783815244e-16  +0.0000000000000000e+00
-16   -4.0423818585702181e-16  +0.0000000000000000e+00
-15   +4.3721536289238950e-16  +0.0000000000000000e+00
-14   -4.5412326471427308e-16  +0.0000000000000000e+00
-13   +6.4027829228656474e-16  +0.0000000000000000e+00
-12   -6.2399968153764929e-16  +0.0000000000000000e+00
-11   +2.9723614359108320e-14  +0.0000000000000000e+00
-10   -1.7709147013136068e-14  +0.0000000000000000e+00
 -9   +4.1204047388775174e-12  +0.0000000000000000e+00
 -8   -1.8341106688282917e-12  +0.0000000000000000e+00
 -7   +6.0947576357260308e-10  +0.0000000000000000e+00
 -6   -2.0282277346458438e-10  +0.0000000000000000e+00
 -5   +9.7686921534836122e-08  +0.0000000000000000e+00
 -4   -2.5619278262576354e-08  +0.0000000000000000e+00
 -3   +1.8361998962285453e-05  +0.0000000000000000e+00
 -2   +2.7768706102776216e-08  +0.0000000000000000e+00
 -1   -1.3600211758449653e-06  +0.0000000000000000e+00
 +0   +3.7406802197425406e-09  +0.0000000000000000e+00
 +1   -1.3600211758449653e-06  +0.0000000000000000e+00
 +2   +2.7768706102776216e-08  +0.0000000000000000e+00
 +3   +1.8361998962285453e-05  +0.0000000000000000e+00
 +4   -2.5619278262576354e-08  +0.0000000000000000e+00
 +5   +9.7686921534836122e-08  +0.0000000000000000e+00
 +6   -2.0282277346458438e-10  +0.0000000000000000e+00
 +7   +6.0947576357260308e-10  +0.0000000000000000e+00
 +8   -1.8341106688282917e-12  +0.0000000000000000e+00
 +9   +4.1204047388775174e-12  +0.0000000000000000e+00
+10   -1.7709147013136068e-14  +0.0000000000000000e+00
+11   +2.9723614359108320e-14  +0.0000000000000000e+00
+12   -6.2399968153764929e-16  +0.0000000000000000e+00
+13   +6.4027829228656474e-16  +0.0000000000000000e+00
+14   -4.5412326471427308e-16  +0.0000000000000000e+00
+15   +4.3721536289238950e-16  +0.0000000000000000e+00
+16   -4.0423818585702181e-16  +0.0000000000000000e+00
+17   +3.7378282783815244e-16  +0.0000000000000000e+00
+18   -3.6648191561741904e-16  +0.0000000000000000e+00
+19   +3.9346227615171801e-16  +0.0000000000000000e+00
+20   -3.9249625240100703e-16  +0.0000000000000000e+00
+21   +3.5875162112721012e-16  +0.0000000000000000e+00
+22   -3.5119678810827556e-16  +0.0000000000000000e+00
+23   +3.5101484180100043e-16  +0.0000000000000000e+00
+24   -3.6011774624691929e-16  +0.0000000000000000e+00
+25   +3.5806415305551100e-16  +0.0000000000000000e+00
+26   -3.4633006278898109e-16  +0.0000000000000000e+00
+27   +3.4680383681233919e-16  +0.0000000000000000e+00
+28   -3.4516383316091646e-16  +0.0000000000000000e+00
+29   +3.4170627717482263e-16  +0.0000000000000000e+00
+30   -3.2398775612013010e-16  +0.0000000000000000e+00

