-30   -3.1469892531528502e-08  +1.0576165922888097e-07
-29   +3.0623817814160559e-08  -1.0971621343889173e-07
-28   -2.9686823765891168e-08  +1.1392815282684636e-07
-27   +2.8645504294335540e-08  -1.1842453575937744e-07
-26   -2.7483900280860999e-08  +1.2323626424171002e-07
-25   +2.6182896736854968e-08  -1.2839877450600201e-07
-24   -2.4719448400706983e-08  +1.3395287742253274e-07
-23   +2.3065575868600484e-08  -1.3994578554481370e-07
-22   -2.1187051846650558e-08  +1.4643237479416171e-07
-21   +1.9041664488876002e-08  -1.5347674077154736e-07
-20   -1.6576896276042988e-08  +1.6115412737741001e-07
-19   +1.3726785331496535e-08  -1.6955332384011154e-07
-18   -1.0407627630035292e-08  +1.7877965111994685e-07
-17   +6.5120123976424315e-09  -1.8895868196876717e-07
-16   -1.9004194639014238e-09  +2.0024085458806332e-07
-15   -3.6107257888545530e-09  -2.1280721346654978e-07
-14   +1.0266844789966794e-08  +2.2687590776299704e-07
-13   -1.8393249424329282e-08  -2.4271784119707190e-07
-12   +2.8470806699637510e-08  +2.6062811586736604e-07
-11   -4.0317787836259845e-08  -2.8181029016457231e-07
-10   +5.7315727429906388e-08  +3.0424282413535852e-07
 -9   +1.0508369684008671e-08  -4.1972272079636420e-07
 -8   +1.1090057824782577e-07  +3.5664335709673677e-07
 -7   +9.3398240696554230e-06  -9.8796099372246503e-06
 -6   +7.4145806400656793e-07  -1.1141606046730358e-07
 -5   +9.3796562824306989e-04  -9.3870849689538824e-04
 -4   +4.7465928946914129e-05  -4.6580955911305499e-05
 -3   +7.0346015680018734e-02  -7.0347088374805342e-02
 -2   -3.1700684157697351e-05  +3.3307124954516933e-05
 -1   -3.3087475387849467e-04  +3.2834576211388856e-04
 +0   -9.0625684273625453e-07  +0.0000000000000000e+00
 +1   -3.3087475387849467e-04  -3.2834576211388856e-04
 +2   -3.1700684157697351e-05  -3.3307124954516933e-05
 +3   +7.0346015680018734e-02  +7.0347088374805342e-02
 +4   +4.7465928946914129e-05  +4.6580955911305499e-05
 +5   +9.3796562824306989e-04  +9.3870849689538824e-04
 +6   +7.4145806400656793e-07  +1.1141606046730358e-07
 +7   +9.3398240696554230e-06  +9.8796099372246503e-06
 +8   +1.1090057824782577e-07  -3.5664335709673677e-07
 +9   +1.0508369684008671e-08  +4.1972272079636420e-07
+10   +5.7315727429906388e-08  -3.0424282413535852e-07
+11   -4.0317787836259845e-08  +2.8181029016457231e-07
+12   +2.8470806699637510e-08  -2.6062811586736604e-07
+13   -1.8393249424329282e-08  +2.4271784119707190e-07
+14   +1.0266844789966794e-08  -2.2687590776299704e-07
+15   -3.6107257888545530e-09  +2.1280721346654978e-07
+16   -1.9004194639014238e-09  -2.0024085458806332e-07
+17   +6.5120123976424315e-09  +1.8895868196876717e-07
+18   -1.0407627630035292e-08  -1.7877965111994685e-07
+19   +1.3726785331496535e-08  +1.6955332384011154e-07
+20   -1.6576896276042988e-08  -1.6115412737741001e-07
+21   +1.9041664488876002e-08  +1.5347674077154736e-07
+22   -2.1187051846650558e-08  -1.4643237479416171e-07
+23   +2.3065575868600484e-08  +1.3994578554481370e-07
+24   -2.4719448400706983e-08  -1.3395287742253274e-07
+25   +2.6182896736854968e-08  +1.2839877450600201e-07
+26   -2.7483900280860999e-08  -1.2323626424171002e-07
+27   +2.8645504294335540e-08  +1.1842453575937744e-07
+28   -2.9686823765891168e-08  -1.1392815282684636e-07
+29   +3.0623817814160559e-08  +1.0971621343889173e-07
+30   -3.1469892531528502e-08  -1.0576165922888097e-07

