-30   -1.3554256051622116e-08  +3.2353036309773346e-08
-29   +1.3572989978269497e-08  -3.3638782078849269e-08
-28   -1.3592115506004705e-08  +3.5017619957882790e-08
-27   +1.3611364369583023e-08  -3.6500739217470141e-08
-26   -1.3630335607123456e-08  +3.8101206424181842e-08
-25   +1.3648439239036784e-08  -3.9834377012535647e-08
-24   -1.3664814891849397e-08  +4.1718419488192516e-08
-23   +1.3678212765251342e-08  -4.3774989558719773e-08
-22   -1.3686818036810798e-08  +4.6030105913113190e-08
-21   +1.3687988079076284e-08  -4.8515300604547569e-08
-20   -1.3677854383768329e-08  +5.1269147404411617e-08
-19   +1.3650709994628676e-08  -5.4339317938951334e-08
-18   -1.3598051376699054e-08  +5.7785383307114371e-08
-17   +1.3507051782231358e-08  -6.1682683447874149e-08
-16   -1.3358079435189473e-08  +6.6127744870415007e-08
-15   +1.3120571576674558e-08  -7.1245969014491101e-08
-14   -1.2746005656021329e-08  +7.7202677444476740e-08
-13   +1.2155601766557331e-08  -8.4219124644579931e-08
-12   -1.1218188329880982e-08  +9.2595764428311125e-08
-11   +9.7090893854498929e-09  -1.0274558534697375e-07
-10   -7.2331958553458447e-09  +1.1523996244451679e-07
 -9   +3.0645774934062880e-09  -1.3085913686762555e-07
 -8   +3.8562561019607114e-09  +1.5073737696396600e-07
 -7   -1.6845887128261843e-08  -1.7572324136515341e-07
 -6   -1.1995961742332458e-08  +2.4124287093442546e-07
 -5   -7.5676897046062082e-08  -2.5689933907248666e-07
 -4   -7.3108977292128614e-06  +1.1078859752010270e-05
 -3   -1.6421473351224716e-06  -1.3966337128012148e-06
 -2   +3.7243498374674259e-04  +2.7562155442594884e-03
 -1   +1.5965108831743466e-05  +2.4542848093311447e-04
 +0   +3.9345129381275029e-01  +0.0000000000000000e+00
 +1   +1.5965108831743466e-05  -2.4542848093311447e-04
 +2   +3.7243498374674259e-04  -2.7562155442594884e-03
 +3   -1.6421473351224716e-06  +1.3966337128012148e-06
 +4   -7.3108977292128614e-06  -1.1078859752010270e-05
 +5   -7.5676897046062082e-08  +2.5689933907248666e-07
 +6   -1.1995961742332458e-08  -2.4124287093442546e-07
 +7   -1.6845887128261843e-08  +1.7572324136515341e-07
 +8   +3.8562561019607114e-09  -1.5073737696396600e-07
 +9   +3.0645774934062880e-09  +1.3085913686762555e-07
+10   -7.2331958553458447e-09  -1.1523996244451679e-07
+11   +9.7090893854498929e-09  +1.0274558534697375e-07
+12   -1.1218188329880982e-08  -9.2595764428311125e-08
+13   +1.2155601766557331e-08  +8.4219124644579931e-08
+14   -1.2746005656021329e-08  -7.7202677444476740e-08
+15   +1.3120571576674558e-08  +7.1245969014491101e-08
+16   -1.3358079435189473e-08  -6.6127744870415007e-08
+17   +1.3507051782231358e-08  +6.1682683447874149e-08
+18   -1.3598051376699054e-08  -5.7785383307114371e-08
+19   +1.3650709994628676e-08  +5.4339317938951334e-08
+20   -1.3677854383768329e-08  -5.1269147404411617e-08
+21   +1.3687988079076284e-08  +4.8515300604547569e-08
+22   -1.3686818036810798e-08  -4.6030105913113190e-08
+23   +1.3678212765251342e-08  +4.3774989558719773e-08
+24   -1.3664814891849397e-08  -4.1718419488192516e-08
+25   +1.3648439239036784e-08  +3.9834377012535647e-08
+26   -1.3630335607123456e-08  -3.8101206424181842e-08
+27   +1.3611364369583023e-08  +3.6500739217470141e-08
+28   -1.3592115506004705e-08  -3.5017619957882790e-08
+29   +1.3572989978269497e-08  +3.3638782078849269e-08
+30   -1.3554256051622116e-08  -3.2353036309773346e-08

