-30   -7.2861393561855760e-09  +1.8567980959657063e-08
-29   +7.2606735924096036e-09  -1.9288412319189615e-08
-28   -7.2320132431164146e-09  +2.0058960727973948e-08
-27   +7.1995970477312426e-09  -2.0885374491602916e-08
-26   -7.1627347521147129e-09  +2.1774316520319795e-08
-25   +7.1205701842201840e-09  -2.2733554132990238e-08
-24   -7.0720313424354395e-09  +2.3772197729627271e-08
-23   +7.0157624302632341e-09  -2.4901004118647287e-08
-22   -6.9500298642409488e-09  +2.6132765284702168e-08
-21   +6.8725905360993521e-09  -2.7482812270078105e-08
-20   -6.7805043654074983e-09  +2.8969674917646523e-08
-19   +6.6698630248321949e-09  -3.0615956477653228e-08
-18   -6.5353905249145773e-09  +3.2449507284507046e-08
-17   +6.3698436335966262e-09  -3.4505021067572742e-08
-16   -6.1630889825410840e-09  +3.6826240981847127e-08
-15   +5.9007274677928992e-09  -3.9468978203309990e-08
-14   -5.5614476630987306e-09  +4.2505826907952306e-08
-13   +5.1209926491534618e-09  -4.6024703522543094e-08
-12   -4.5089196681917209e-09  +5.0174853846239794e-08
-11   +4.4750876139176589e-09  -5.4302678363478623e-08
-10   -2.4364305974544478e-09  +6.1104633674848906e-08
 -9   +8.9503820184326149e-08  +2.0408699052760459e-08
 -8   +6.7398957410499192e-09  +8.2274574072596604e-08
 -7   +9.4774310939294299e-06  +9.3946108526428148e-06
 -6   +5.5879332087445052e-07  +6.4923038007719525e-07
 -5   +9.3820928312609241e-04  +9.3811298165294595e-04
 -4   +4.7140784733910509e-05  +4.7231294495979607e-05
 -3   +7.0346440351504794e-02  +7.0346412337005282e-02
 -2   -3.2237786498438760e-05  -3.2683100892619033e-05
 -1   -3.3025864377849004e-04  -3.2874776359179456e-04
 +0   -1.5420555053690873e-06  +0.0000000000000000e+00
 +1   -3.3025864377849004e-04  +3.2874776359179456e-04
 +2   -3.2237786498438760e-05  +3.2683100892619033e-05
 +3   +7.0346440351504794e-02  -7.0346412337005282e-02
 +4   +4.7140784733910509e-05  -4.7231294495979607e-05
 +5   +9.3820928312609241e-04  -9.3811298165294595e-04
 +6   +5.5879332087445052e-07  -6.4923038007719525e-07
 +7   +9.4774310939294299e-06  -9.3946108526428148e-06
 +8   +6.7398957410499192e-09  -8.2274574072596604e-08
 +9   +8.9503820184326149e-08  -2.0408699052760459e-08
+10   -2.4364305974544478e-09  -6.1104633674848906e-08
+11   +4.4750876139176589e-09  +5.4302678363478623e-08
+12   -4.5089196681917209e-09  -5.0174853846239794e-08
+13   +5.1209926491534618e-09  +4.6024703522543094e-08
+14   -5.5614476630987306e-09  -4.2505826907952306e-08
+15   +5.9007274677928992e-09  +3.9468978203309990e-08
+16   -6.1630889825410840e-09  -3.6826240981847127e-08
+17   +6.3698436335966262e-09  +3.4505021067572742e-08
+18   -6.5353905249145773e-09  -3.2449507284507046e-08
+19   +6.6698630248321949e-09  +3.0615956477653228e-08
+20   -6.7805043654074983e-09  -2.8969674917646523e-08
+21   +6.8725905360993521e-09  +2.7482812270078105e-08
+22   -6.9500298642409488e-09  -2.6132765284702168e-08
+23   +7.0157624302632341e-09  +2.4901004118647287e-08
+24   -7.0720313424354395e-09  -2.3772197729627271e-08
+25   +7.1205701842201840e-09  +2.2733554132990238e-08
+26   -7.1627347521147129e-09  -2.1774316520319795e-08
+27   +7.1995970477312426e-09  +2.0885374491602916e-08
+28   -7.2320132431164146e-09  -2.0058960727973948e-08
+29   +7.2606735924096036e-09  +1.9288412319189615e-08
+30   -7.2861393561855760e-09  -1.8567980959657063e-08

