-30   -3.5223744514492329e-10  +5.2483636602222976e-10
-29   +3.6011709892920027e-10  -5.4325861753129063e-10
-28   -3.6880233793200260e-10  +5.6273829880585988e-10
-27   +3.7840424669672419e-10  -5.8336696557166302e-10
-26   -3.8905323898083519e-10  +6.0524551700555857e-10
-25   +4.0090323169096159e-10  -6.2848497279970342e-10
-24   -4.1413665493767351e-10  +6.5320726019374303e-10
-23   +4.2897088996549029e-10  -6.7954582667996578e-10
-22   -4.4566621735547431e-10  +7.0764590896499285e-10
-21   +4.6453605728916060e-10  -7.3766425382744154e-10
-20   -4.8595974025937161e-10  +7.6976791299470734e-10
-19   +5.1039903632446677e-10  -8.0413144504040583e-10
-18   -5.3841899410451790e-10  +8.4093152241579407e-10
-17   +5.7071493713040258e-10  -8.8033749176312562e-10
-16   -6.0814668748045082e-10  +9.2249545034038293e-10
-15   +6.5178221629502253e-10  -9.6750184927544912e-10
-14   -7.0295248184342940e-10  +1.0153608271973203e-09
-13   +7.6331891961567943e-10  -1.0659155469496679e-09
-12   -8.3494490596884837e-10  +1.1187409696053558e-09
-11   +9.2041014139699528e-10  -1.1729617948596548e-09
-10   -1.0212876244336195e-09  +1.2274413060023036e-09
 -9   +1.1446382079226874e-09  -1.2785337937368027e-09
 -8   -1.0005782086263770e-09  +1.4404664095660619e-09
 -7   +1.3359577203814572e-09  -1.4488794932395630e-09
 -6   +5.0546079585545979e-08  +3.6292518425493923e-08
 -5   -4.3491530605444251e-09  -1.8378526705533956e-08
 -4   +7.4601519489631331e-06  +1.0815781583755250e-05
 -3   +1.3981409407218223e-06  -1.1434638509338908e-06
 -2   -3.7210261125565885e-04  +2.7560242487933316e-03
 -1   -1.6347205254835339e-05  +2.4552594597676813e-04
 +0   -3.9345089825260948e-01  +0.0000000000000000e+00
 +1   -1.6347205254835339e-05  -2.4552594597676813e-04
 +2   -3.7210261125565885e-04  -2.7560242487933316e-03
 +3   +1.3981409407218223e-06  +1.1434638509338908e-06
 +4   +7.4601519489631331e-06  -1.0815781583755250e-05
 +5   -4.3491530605444251e-09  +1.8378526705533956e-08
 +6   +5.0546079585545979e-08  -3.6292518425493923e-08
 +7   +1.3359577203814572e-09  +1.4488794932395630e-09
 +8   -1.0005782086263770e-09  -1.4404664095660619e-09
 +9   +1.1446382079226874e-09  +1.2785337937368027e-09
+10   -1.0212876244336195e-09  -1.2274413060023036e-09
+11   +9.2041014139699528e-10  +1.1729617948596548e-09
+12   -8.3494490596884837e-10  -1.1187409696053558e-09
+13   +7.6331891961567943e-10  +1.0659155469496679e-09
+14   -7.0295248184342940e-10  -1.0153608271973203e-09
+15   +6.5178221629502253e-10  +9.6750184927544912e-10
+16   -6.0814668748045082e-10  -9.2249545034038293e-10
+17   +5.7071493713040258e-10  +8.8033749176312562e-10
+18   -5.3841899410451790e-10  -8.4093152241579407e-10
+19   +5.1039903632446677e-10  +8.0413144504040583e-10
+20   -4.8595974025937161e-10  -7.6976791299470734e-10
+21   +4.6453605728916060e-10  +7.3766425382744154e-10
+22   -4.4566621735547431e-10  -7.0764590896499285e-10
+23   +4.2897088996549029e-10  +6.7954582667996578e-10
+24   -4.1413665493767351e-10  -6.5320726019374303e-10
+25   +4.0090323169096159e-10  +6.2848497279970342e-10
+26   -3.8905323898083519e-10  -6.0524551700555857e-10
+27   +3.7840424669672419e-10  +5.8336696557166302e-10
+28   -3.6880233793200260e-10  -5.6273829880585988e-10
+29   +3.6011709892920027e-10  +5.4325861753129063e-10
+30   -3.5223744514492329e-10  -5.2483636602222976e-10

