-30   -1.4532410078237279e-08  +4.8878019583645550e-08
-29   +1.4140582856897800e-08  -5.0705494776802734e-08
-28   -1.3706649050781042e-08  +5.2651895422581128e-08
-27   +1.3224399758306479e-08  -5.4729720908100891e-08
-26   -1.2686443895178213e-08  +5.6953245813383990e-08
-25   +1.2083928657045382e-08  -5.9338838263109756e-08
-24   -1.1406181020067447e-08  +6.1905347935216792e-08
-23   +1.0640242761714755e-08  -6.4674579697940931e-08
-22   -9.7702619907267180e-09  +6.7671875819631136e-08
-21   +8.7766889923919566e-09  -7.0926833304421709e-08
-20   -7.6352011079224214e-09  +7.4474193183068378e-08
-19   +6.3152493960385211e-09  -7.8354944679661313e-08
-18   -4.7780680348317244e-09  +8.2617700449270976e-08
-17   +2.9739117816074359e-09  -8.7320408506990381e-08
-16   -8.3817075339023432e-10  +9.2532469937985828e-08
-15   -1.7143121273719401e-09  -9.8337461184574865e-08
-14   +4.7967873878887986e-09  +1.0483571571106290e-07
-13   -8.5768013169081152e-09  -1.1216213233864869e-07
-12   +1.3229748718839451e-08  +1.2042536987960534e-07
-11   -2.0641954476396210e-08  -1.3138597846199396e-07
-10   +2.6767309887644617e-08  +1.4076887781249111e-07
 -9   -2.1837246223571924e-07  -3.3492877521341911e-07
 -8   +5.9381156614047288e-08  +1.7704666261012292e-07
 -7   -2.1232120838549436e-05  -2.1348097410016891e-05
 -6   -1.6519101429120888e-07  -5.6287242516109289e-08
 -5   -2.4117698612558607e-03  -2.4118611193528010e-03
 -4   -1.5449420008700504e-04  -1.5445253722582019e-04
 -3   -2.5268961621276415e-01  -2.5268949303403965e-01
 -2   +1.3795346010240787e-04  +1.3616504164872366e-04
 -1   +2.1310144964516520e-03  +2.1422671242802152e-03
 +0   -7.1447432673930198e-06  +0.0000000000000000e+00
 +1   +2.1310144964516520e-03  -2.1422671242802152e-03
 +2   +1.3795346010240787e-04  -1.3616504164872366e-04
 +3   -2.5268961621276415e-01  +2.5268949303403965e-01
 +4   -1.5449420008700504e-04  +1.5445253722582019e-04
 +5   -2.4117698612558607e-03  +2.4118611193528010e-03
 +6   -1.6519101429120888e-07  +5.6287242516109289e-08
 +7   -2.1232120838549436e-05  +2.1348097410016891e-05
 +8   +5.9381156614047288e-08  -1.7704666261012292e-07
 +9   -2.1837246223571924e-07  +3.3492877521341911e-07
+10   +2.6767309887644617e-08  -1.4076887781249111e-07
+11   -2.0641954476396210e-08  +1.3138597846199396e-07
+12   +1.3229748718839451e-08  -1.2042536987960534e-07
+13   -8.5768013169081152e-09  +1.1216213233864869e-07
+14   +4.7967873878887986e-09  -1.0483571571106290e-07
+15   -1.7143121273719401e-09  +9.8337461184574865e-08
+16   -8.3817075339023432e-10  -9.2532469937985828e-08
+17   +2.9739117816074359e-09  +8.7320408506990381e-08
+18   -4.7780680348317244e-09  -8.2617700449270976e-08
+19   +6.3152493960385211e-09  +7.8354944679661313e-08
+20   -7.6352011079224214e-09  -7.4474193183068378e-08
+21   +8.7766889923919566e-09  +7.0926833304421709e-08
+22   -9.7702619907267180e-09  -6.7671875819631136e-08
+23   +1.0640242761714755e-08  +6.4674579697940931e-08
+24   -1.1406181020067447e-08  -6.1905347935216792e-08
+25   +1.2083928657045382e-08  +5.9338838263109756e-08
+26   -1.2686443895178213e-08  -5.6953245813383990e-08
+27   +1.3224399758306479e-08  +5.4729720908100891e-08
+28   -1.3706649050781042e-08  -5.2651895422581128e-08
+29   +1.4140582856897800e-08  +5.0705494776802734e-08
+30   -1.4532410078237279e-08  -4.8878019583645550e-08

