-30   -3.7054262941645958e-08  +1.5807561420808698e-07
-29   +3.5092268674795792e-08  -1.6391967099469951e-07
-28   -3.2917073021834282e-08  +1.7013501224654778e-07
-27   +3.0496796904176860e-08  -1.7675912600837079e-07
-26   -2.7793389511509139e-08  +1.8383446085303016e-07
-25   +2.4761143939360778e-08  -1.9140920822643909e-07
-24   -2.1344781806651584e-08  +1.9953821373980400e-07
-23   +1.7476958948334453e-08  -2.0828403100306903e-07
-22   -1.3074985289399958e-08  +2.1771812560783806e-07
-21   +8.0364665286218155e-09  -2.2792222172135274e-07
-20   -2.2334489939883475e-09  +2.3898975242968949e-07
-19   -4.4955387093952592e-09  -2.5102731250104443e-07
-18   +1.2356436611520695e-08  +2.6415589034203410e-07
-17   -2.1614916642550973e-08  -2.7851142130343747e-07
-16   +3.2617938434944392e-08  +2.9424374967274174e-07
-15   -4.5824593434049773e-08  -3.1151220007089195e-07
-14   +6.1850783860284628e-08  +3.3047420360628460e-07
-13   -8.1534583809918814e-08  -3.5125989088282052e-07
-12   +1.0603229983457715e-07  +3.7391828376888158e-07
-11   -1.3695841758825774e-07  -3.9830568151240033e-07
-10   +1.7658486368755893e-07  +4.2385157281233092e-07
 -9   -2.2807583160931197e-07  -4.4909026546530391e-07
 -8   +2.9598968454026489e-07  +4.7024931004880991e-07
 -7   -3.8439283895378010e-07  -4.8110100962302513e-07
 -6   +5.3148583119773928e-07  +4.0148244968751558e-07
 -5   -6.0888205428593304e-07  -3.8801785778361375e-07
 -4   +2.9523572328738959e-06  -1.1040153054316809e-05
 -3   +1.3480552034530397e-06  -4.6948989732087699e-07
 -2   -7.0905546449144725e-04  -1.6527794143475151e-03
 -1   -2.1576423142610230e-05  -1.1519034413788505e-04
 +0   -1.8076896090668546e-01  +0.0000000000000000e+00
 +1   -2.1576423142610230e-05  +1.1519034413788505e-04
 +2   -7.0905546449144725e-04  +1.6527794143475151e-03
 +3   +1.3480552034530397e-06  +4.6948989732087699e-07
 +4   +2.9523572328738959e-06  +1.1040153054316809e-05
 +5   -6.0888205428593304e-07  +3.8801785778361375e-07
 +6   +5.3148583119773928e-07  -4.0148244968751558e-07
 +7   -3.8439283895378010e-07  +4.8110100962302513e-07
 +8   +2.9598968454026489e-07  -4.7024931004880991e-07
 +9   -2.2807583160931197e-07  +4.4909026546530391e-07
+10   +1.7658486368755893e-07  -4.2385157281233092e-07
+11   -1.3695841758825774e-07  +3.9830568151240033e-07
+12   +1.0603229983457715e-07  -3.7391828376888158e-07
+13   -8.1534583809918814e-08  +3.5125989088282052e-07
+14   +6.1850783860284628e-08  -3.3047420360628460e-07
+15   -4.5824593434049773e-08  +3.1151220007089195e-07
+16   +3.2617938434944392e-08  -2.9424374967274174e-07
+17   -2.1614916642550973e-08  +2.7851142130343747e-07
+18   +1.2356436611520695e-08  -2.6415589034203410e-07
+19   -4.4955387093952592e-09  +2.5102731250104443e-07
+20   -2.2334489939883475e-09  -2.3898975242968949e-07
+21   +8.0364665286218155e-09  +2.2792222172135274e-07
+22   -1.3074985289399958e-08  -2.1771812560783806e-07
+23   +1.7476958948334453e-08  +2.0828403100306903e-07
+24   -2.1344781806651584e-08  -1.9953821373980400e-07
+25   +2.4761143939360778e-08  +1.9140920822643909e-07
+26   -2.7793389511509139e-08  -1.8383446085303016e-07
+27   +3.0496796904176860e-08  +1.7675912600837079e-07
+28   -3.2917073021834282e-08  -1.7013501224654778e-07
+29   +3.5092268674795792e-08  +1.6391967099469951e-07
+30   -3.7054262941645958e-08  -1.5807561420808698e-07

