-30   -3.3517237190907888e-09  +8.5535017244718340e-09
-29   +3.3396706179758057e-09  -8.8853796694736970e-09
-28   -3.3261089005553813e-09  +9.2403452995597046e-09
-27   +3.3107741213484900e-09  -9.6210464799628952e-09
-26   -3.2933411647104436e-09  +1.0030552767337690e-08
-25   +3.2734067990285822e-09  -1.0472442237799040e-08
-24   -3.2504664111452231e-09  +1.0950911733250551e-08
-23   +3.2238821112139288e-09  -1.1470916272926412e-08
-22   -3.1928384737867877e-09  +1.2038348709261268e-08
-21   +3.1562807980677553e-09  -1.2660270817335753e-08
-20   -3.1128273153720737e-09  +1.3345217984755822e-08
-19   +3.0606418793702157e-09  -1.4103601113246216e-08
-18   -2.9972469047922006e-09  +1.4948247525702785e-08
-17   +2.9192428905449125e-09  -1.5895135989212613e-08
-16   -2.8218729812855672e-09  +1.6964406369825331e-08
-15   +2.6984674907159445e-09  -1.8181899381506298e-08
-14   -2.5388148806096409e-09  +1.9580635370962286e-08
-13   +2.3416002719277502e-09  -2.1217966865265991e-08
-12   -2.0468632570222182e-09  +2.3115374561273130e-08
-11   +3.2060096285481561e-09  -2.6940204355811344e-08
-10   -1.2853770471559091e-09  +2.8328480076478040e-08
 -9   +1.8232427618977501e-07  -2.1357533873104734e-07
 -8   -9.1332946954401630e-09  +4.5888283377695996e-08
 -7   +2.1162294521251024e-05  -2.1206478374829370e-05
 -6   +2.6276888225334706e-07  -2.0830665312823208e-07
 -5   +2.4116319748190436e-03  -2.4117003970788660e-03
 -4   +1.5469206287433673e-04  -1.5461624271702624e-04
 -3   +2.5268933955908973e-01  -2.5268932912502007e-01
 -2   -1.3754857423789484e-04  +1.3604596539441806e-04
 -1   -2.1315496053187434e-03  +2.1423332062933905e-03
 +0   +7.7362670376808270e-06  +0.0000000000000000e+00
 +1   -2.1315496053187434e-03  -2.1423332062933905e-03
 +2   -1.3754857423789484e-04  -1.3604596539441806e-04
 +3   +2.5268933955908973e-01  +2.5268932912502007e-01
 +4   +1.5469206287433673e-04  +1.5461624271702624e-04
 +5   +2.4116319748190436e-03  +2.4117003970788660e-03
 +6   +2.6276888225334706e-07  +2.0830665312823208e-07
 +7   +2.1162294521251024e-05  +2.1206478374829370e-05
 +8   -9.1332946954401630e-09  -4.5888283377695996e-08
 +9   +1.8232427618977501e-07  +2.1357533873104734e-07
+10   -1.2853770471559091e-09  -2.8328480076478040e-08
+11   +3.2060096285481561e-09  +2.6940204355811344e-08
+12   -2.0468632570222182e-09  -2.3115374561273130e-08
+13   +2.3416002719277502e-09  +2.1217966865265991e-08
+14   -2.5388148806096409e-09  -1.9580635370962286e-08
+15   +2.6984674907159445e-09  +1.8181899381506298e-08
+16   -2.8218729812855672e-09  -1.6964406369825331e-08
+17   +2.9192428905449125e-09  +1.5895135989212613e-08
+18   -2.9972469047922006e-09  -1.4948247525702785e-08
+19   +3.0606418793702157e-09  +1.4103601113246216e-08
+20   -3.1128273153720737e-09  -1.3345217984755822e-08
+21   +3.1562807980677553e-09  +1.2660270817335753e-08
+22   -3.1928384737867877e-09  -1.2038348709261268e-08
+23   +3.2238821112139288e-09  +1.1470916272926412e-08
+24   -3.2504664111452231e-09  -1.0950911733250551e-08
+25   +3.2734067990285822e-09  +1.0472442237799040e-08
+26   -3.2933411647104436e-09  -1.0030552767337690e-08
+27   +3.3107741213484900e-09  +9.6210464799628952e-09
+28   -3.3261089005553813e-09  -9.2403452995597046e-09
+29   +3.3396706179758057e-09  +8.8853796694736970e-09
+30   -3.3517237190907888e-09  -8.5535017244718340e-09

