-30   +1.6284785272147369e-10  -2.4250506764185741e-10
-29   -1.6649376778668916e-10  +2.5101549780838547e-10
-28   +1.7051240747689838e-10  -2.6001420241562326e-10
-27   -1.7495514693968321e-10  +2.6954342533827467e-10
-26   +1.7988232467430461e-10  -2.7964969789693250e-10
-25   -1.8536512915848850e-10  +2.9038423494907595e-10
-24   +1.9148795208850924e-10  -3.0180324768507031e-10
-23   -1.9835133504965371e-10  +3.1396823776669302e-10
-22   +2.0607567317405703e-10  -3.2694612997764490e-10
-21   -2.1480590235327980e-10  +3.4080909731584633e-10
-20   +2.2471746560754692e-10  -3.5563401303356544e-10
-19   -2.3602385596963035e-10  +3.7150113457924564e-10
-18   +2.4898635816652083e-10  -3.8849155223555543e-10
-17   -2.6392640333911568e-10  +4.0668282760948259e-10
-16   +2.8124140570414702e-10  -4.2614153330256154e-10
-15   -3.0142489066508309e-10  +4.4691102465882794e-10
-14   +3.2509187354305591e-10  -4.6899143272505762e-10
-13   -3.5300922180335806e-10  +4.9230841868632006e-10
-12   +3.8615021607243251e-10  -5.1664216175079455e-10
-11   -4.2564580706536463e-10  +5.4162785328149658e-10
-10   +4.7518996165514396e-10  -5.6380609369483702e-10
 -9   -5.2923367540666026e-10  +5.8811839446133711e-10
 -8   +8.8114040309212711e-10  -2.0816399818990361e-10
 -7   -5.5190125005879260e-10  +4.3725759907041506e-10
 -6   +3.4300268102592977e-08  +6.4295719621322895e-08
 -5   +1.9488846773300136e-08  -1.1760543246283788e-08
 -4   +2.2122621560339871e-06  +1.1293236842760546e-05
 -3   +2.0981903676401307e-06  +4.3114456426174781e-07
 -2   -7.0966803368039517e-04  +1.6526538253598122e-03
 -1   -2.1146440181390517e-05  +1.1531612580762385e-04
 +0   -1.8076931234078480e-01  +0.0000000000000000e+00
 +1   -2.1146440181390517e-05  -1.1531612580762385e-04
 +2   -7.0966803368039517e-04  -1.6526538253598122e-03
 +3   +2.0981903676401307e-06  -4.3114456426174781e-07
 +4   +2.2122621560339871e-06  -1.1293236842760546e-05
 +5   +1.9488846773300136e-08  +1.1760543246283788e-08
 +6   +3.4300268102592977e-08  -6.4295719621322895e-08
 +7   -5.5190125005879260e-10  -4.3725759907041506e-10
 +8   +8.8114040309212711e-10  +2.0816399818990361e-10
 +9   -5.2923367540666026e-10  -5.8811839446133711e-10
+10   +4.7518996165514396e-10  +5.6380609369483702e-10
+11   -4.2564580706536463e-10  -5.4162785328149658e-10
+12   +3.8615021607243251e-10  +5.1664216175079455e-10
+13   -3.5300922180335806e-10  -4.9230841868632006e-10
+14   +3.2509187354305591e-10  +4.6899143272505762e-10
+15   -3.0142489066508309e-10  -4.4691102465882794e-10
+16   +2.8124140570414702e-10  +4.2614153330256154e-10
+17   -2.6392640333911568e-10  -4.0668282760948259e-10
+18   +2.4898635816652083e-10  +3.8849155223555543e-10
+19   -2.3602385596963035e-10  -3.7150113457924564e-10
+20   +2.2471746560754692e-10  +3.5563401303356544e-10
+21   -2.1480590235327980e-10  -3.4080909731584633e-10
+22   +2.0607567317405703e-10  +3.2694612997764490e-10
+23   -1.9835133504965371e-10  -3.1396823776669302e-10
+24   +1.9148795208850924e-10  +3.0180324768507031e-10
+25   -1.8536512915848850e-10  -2.9038423494907595e-10
+26   +1.7988232467430461e-10  +2.7964969789693250e-10
+27   -1.7495514693968321e-10  -2.6954342533827467e-10
+28   +1.7051240747689838e-10  +2.6001420241562326e-10
+29   -1.6649376778668916e-10  -2.5101549780838547e-10
+30   +1.6284785272147369e-10  +2.4250506764185741e-10

