-30   +4.6353323958511942e-15  -7.4769914612439506e-15
-29   -4.7281082796445824e-15  +7.7966902840648062e-15
-28   +4.8191084759659489e-15  -8.0740483691825861e-15
-27   -4.9572152640445244e-15  +8.4024106990291022e-15
-26   +5.0955551862563608e-15  -8.7345053653456126e-15
-25   -5.2467535769486194e-15  +9.1253553657926384e-15
-24   +5.4418162479646415e-15  -9.5223056213184547e-15
-23   -5.6383189193913306e-15  +9.9844530379409833e-15
-22   +5.8739370596569377e-15  -1.0411027873168125e-14
-21   -6.1330728586214951e-15  +1.0969863641044806e-14
-20   +6.4200330962427199e-15  -1.1523737672922436e-14
-19   -6.7518699678363768e-15  +1.2152356851405987e-14
-18   +7.1914268548369677e-15  -1.2788290691301884e-14
-17   -7.6952507850877028e-15  +1.3574772794142212e-14
-16   +8.8306152898087517e-15  -1.4966183596634042e-14
-15   -9.1997747537220137e-15  +1.5591523233416284e-14
-14   +7.7502783710378757e-14  -8.4016206994380609e-14
-13   -3.0607081195154851e-14  +3.7351334393215991e-14
-12   +8.2761109279109206e-12  -8.2828473007616056e-12
-11   -1.7402303150836299e-12  +1.7476950560349667e-12
-10   +1.0154100310807640e-09  -1.0154060294927346e-09
 -9   -1.3092871060377495e-10  +1.3103581892795975e-10
 -8   +1.2549836263379870e-07  -1.2549713223011768e-07
 -7   -6.4890815625242918e-09  +6.5018925620628648e-09
 -6   +1.5605478754020305e-05  -1.5605330938288774e-05
 -5   +2.9513146713438993e-07  -2.9351324336440935e-07
 -4   +1.9450867423186973e-03  -1.9450696767666076e-03
 -3   +1.3484641201989592e-04  -1.3464680127193751e-04
 -2   +2.3469921561656976e-01  -2.3469746553126050e-01
 -1   -1.1834861136461830e-04  +1.2462414110585385e-04
 +0   -3.5462333249396266e-03  +0.0000000000000000e+00
 +1   -1.1834861136461830e-04  -1.2462414110585385e-04
 +2   +2.3469921561656976e-01  +2.3469746553126050e-01
 +3   +1.3484641201989592e-04  +1.3464680127193751e-04
 +4   +1.9450867423186973e-03  +1.9450696767666076e-03
 +5   +2.9513146713438993e-07  +2.9351324336440935e-07
 +6   +1.5605478754020305e-05  +1.5605330938288774e-05
 +7   -6.4890815625242918e-09  -6.5018925620628648e-09
 +8   +1.2549836263379870e-07  +1.2549713223011768e-07
 +9   -1.3092871060377495e-10  -1.3103581892795975e-10
+10   +1.0154100310807640e-09  +1.0154060294927346e-09
+11   -1.7402303150836299e-12  -1.7476950560349667e-12
+12   +8.2761109279109206e-12  +8.2828473007616056e-12
+13   -3.0607081195154851e-14  -3.7351334393215991e-14
+14   +7.7502783710378757e-14  +8.4016206994380609e-14
+15   -9.1997747537220137e-15  -1.5591523233416284e-14
+16   +8.8306152898087517e-15  +1.4966183596634042e-14
+17   -7.6952507850877028e-15  -1.3574772794142212e-14
+18   +7.1914268548369677e-15  +1.2788290691301884e-14
+19   -6.7518699678363768e-15  -1.2152356851405987e-14
+20   +6.4200330962427199e-15  +1.1523737672922436e-14
+21   -6.1330728586214951e-15  -1.0969863641044806e-14
+22   +5.8739370596569377e-15  +1.0411027873168125e-14
+23   -5.6383189193913306e-15  -9.9844530379409833e-15
+24   +5.4418162479646415e-15  +9.5223056213184547e-15
+25   -5.2467535769486194e-15  -9.1253553657926384e-15
+26   +5.0955551862563608e-15  +8.7345053653456126e-15
+27   -4.9572152640445244e-15  -8.4024106990291022e-15
+28   +4.8191084759659489e-15  +8.0740483691825861e-15
+29   -4.7281082796445824e-15  -7.7966902840648062e-15
+30   +4.6353323958511942e-15  +7.4769914612439506e-15

