-30   -1.1392218194256328e-15  +6.0433203092104888e-15
-29   +1.0633229073768874e-15  -6.3108668389350351e-15
-28   -9.5498127696746915e-16  +6.5378301611901165e-15
-27   +8.5421391953313054e-16  -6.8184578583787524e-15
-26   -7.3321118162436008e-16  +7.0968712217601462e-15
-25   +6.0291958789152786e-16  -7.4334337553586468e-15
-24   -4.1531080897942401e-16  +7.7572970142003157e-15
-23   +2.4742613730271941e-16  -8.1221466177341070e-15
-22   -5.6222829653241484e-17  +8.5118934850659288e-15
-21   -1.8177723089168515e-16  -8.9536745077644567e-15
-20   +4.4460524983473799e-16  +9.4351697192666866e-15
-19   -7.6216540226478284e-16  -9.9759227333598384e-15
-18   +1.0881332035334762e-15  +1.0544915856008443e-14
-17   -1.5306977325283748e-15  -1.1259802646106290e-14
-16   +2.6067192082592404e-15  +1.2550368184935402e-14
-15   -2.9013740627322751e-15  -1.3073642473925574e-14
-14   +7.1039764636443712e-14  +8.1391936197766090e-14
-13   -2.4001117276043155e-14  -3.4606350501905807e-14
-12   +8.2693829002427518e-12  +8.2800053373859409e-12
-11   -1.7332066216047793e-12  -1.7448647040346671e-12
-10   +1.0154026914274213e-09  +1.0154031899067035e-09
 -9   -1.3092092139967714e-10  -1.3103314261545764e-10
 -8   +1.2549835424859500e-07  +1.2549712993797985e-07
 -7   -6.4890722183581960e-09  -6.5018910432539369e-09
 -6   +1.5605478743413321e-05  +1.5605330938325247e-05
 -5   +2.9513147855182263e-07  +2.9351323928929149e-07
 -4   +1.9450867423067841e-03  +1.9450696767757542e-03
 -3   +1.3484641192551550e-04  +1.3464680114389557e-04
 -2   +2.3469921561664789e-01  +2.3469746553113024e-01
 -1   -1.1834861131744187e-04  -1.2462414110601562e-04
 +0   -3.5462333249878012e-03  +0.0000000000000000e+00
 +1   -1.1834861131744187e-04  +1.2462414110601562e-04
 +2   +2.3469921561664789e-01  -2.3469746553113024e-01
 +3   +1.3484641192551550e-04  -1.3464680114389557e-04
 +4   +1.9450867423067841e-03  -1.9450696767757542e-03
 +5   +2.9513147855182263e-07  -2.9351323928929149e-07
 +6   +1.5605478743413321e-05  -1.5605330938325247e-05
 +7   -6.4890722183581960e-09  +6.5018910432539369e-09
 +8   +1.2549835424859500e-07  -1.2549712993797985e-07
 +9   -1.3092092139967714e-10  +1.3103314261545764e-10
+10   +1.0154026914274213e-09  -1.0154031899067035e-09
+11   -1.7332066216047793e-12  +1.7448647040346671e-12
+12   +8.2693829002427518e-12  -8.2800053373859409e-12
+13   -2.4001117276043155e-14  +3.4606350501905807e-14
+14   +7.1039764636443712e-14  -8.1391936197766090e-14
+15   -2.9013740627322751e-15  +1.3073642473925574e-14
+16   +2.6067192082592404e-15  -1.2550368184935402e-14
+17   -1.5306977325283748e-15  +1.1259802646106290e-14
+18   +1.0881332035334762e-15  -1.0544915856008443e-14
+19   -7.6216540226478284e-16  +9.9759227333598384e-15
+20   +4.4460524983473799e-16  -9.4351697192666866e-15
+21   -1.8177723089168515e-16  +8.9536745077644567e-15
+22   -5.6222829653241484e-17  -8.5118934850659288e-15
+23   +2.4742613730271941e-16  +8.1221466177341070e-15
+24   -4.1531080897942401e-16  -7.7572970142003157e-15
+25   +6.0291958789152786e-16  +7.4334337553586468e-15
+26   -7.3321118162436008e-16  -7.0968712217601462e-15
+27   +8.5421391953313054e-16  +6.8184578583787524e-15
+28   -9.5498127696746915e-16  -6.5378301611901165e-15
+29   +1.0633229073768874e-15  +6.3108668389350351e-15
+30   -1.1392218194256328e-15  -6.0433203092104888e-15

