-30   +1.0627672864890503e-07  -3.5742516311682392e-07
-29   -1.0341196525440153e-07  +3.7078809957047721e-07
-28   +1.0023939446455201e-07  -3.8502057480520816e-07
-27   -9.6713637980848478e-08  +4.0021397261466006e-07
-26   +9.2780677753575747e-08  -4.1647265169672568e-07
-25   -8.8375816552231710e-08  +4.3391627590662293e-07
-24   +8.3421058176602718e-08  -4.5268264869006310e-07
-23   -7.7821711772192085e-08  +4.7293117690137902e-07
-22   +7.1461948685087744e-08  -4.9484712450333076e-07
-21   -6.4198929275296506e-08  +5.1864685919483795e-07
-20   +5.5854954449242060e-08  -5.4458435095513015e-07
-19   -4.6206854521830560e-08  +5.7295924729509869e-07
-18   +3.4971461578212523e-08  -6.0412692835962131e-07
-17   -2.1785450644122328e-08  +6.3851102495639006e-07
-16   +6.1769603182150277e-09  -6.7661894233132414e-07
-15   +1.2475024983772198e-08  +7.1906095681893417e-07
-14   -3.4999536599260451e-08  -7.6657297682889534e-07
-13   +6.2525597072985091e-08  +8.2004750548266313e-07
-12   -9.6597446451741032e-08  -8.8054452356126935e-07
-11   +1.3993051239250984e-07  +9.4986622490897634e-07
-10   -1.9463482265542360e-07  -1.0284597844283494e-06
 -9   +3.2678040621705183e-07  +1.1794037593168742e-06
 -8   -4.0344518500483114e-07  -1.2643883758716221e-06
 -7   +7.2673334361068884e-06  +8.1163309298491535e-06
 -6   -2.6857985152769505e-06  -3.4845846724034578e-06
 -5   +7.0356985355353289e-04  +7.0424688930352368e-04
 -4   +5.4034551644477200e-05  +5.3614580776653696e-05
 -3   +8.8149691224853347e-02  +8.8149615253376279e-02
 -2   -5.6540062080032071e-05  -5.5061100293909306e-05
 -1   -6.8450879576108280e-04  -6.9030046413415952e-04
 +0   -1.8397616341833911e-07  +0.0000000000000000e+00
 +1   -6.8450879576108280e-04  +6.9030046413415952e-04
 +2   -5.6540062080032071e-05  +5.5061100293909306e-05
 +3   +8.8149691224853347e-02  -8.8149615253376279e-02
 +4   +5.4034551644477200e-05  -5.3614580776653696e-05
 +5   +7.0356985355353289e-04  -7.0424688930352368e-04
 +6   -2.6857985152769505e-06  +3.4845846724034578e-06
 +7   +7.2673334361068884e-06  -8.1163309298491535e-06
 +8   -4.0344518500483114e-07  +1.2643883758716221e-06
 +9   +3.2678040621705183e-07  -1.1794037593168742e-06
+10   -1.9463482265542360e-07  +1.0284597844283494e-06
+11   +1.3993051239250984e-07  -9.4986622490897634e-07
+12   -9.6597446451741032e-08  +8.8054452356126935e-07
+13   +6.2525597072985091e-08  -8.2004750548266313e-07
+14   -3.4999536599260451e-08  +7.6657297682889534e-07
+15   +1.2475024983772198e-08  -7.1906095681893417e-07
+16   +6.1769603182150277e-09  +6.7661894233132414e-07
+17   -2.1785450644122328e-08  -6.3851102495639006e-07
+18   +3.4971461578212523e-08  +6.0412692835962131e-07
+19   -4.6206854521830560e-08  -5.7295924729509869e-07
+20   +5.5854954449242060e-08  +5.4458435095513015e-07
+21   -6.4198929275296506e-08  -5.1864685919483795e-07
+22   +7.1461948685087744e-08  +4.9484712450333076e-07
+23   -7.7821711772192085e-08  -4.7293117690137902e-07
+24   +8.3421058176602718e-08  +4.5268264869006310e-07
+25   -8.8375816552231710e-08  -4.3391627590662293e-07
+26   +9.2780677753575747e-08  +4.1647265169672568e-07
+27   -9.6713637980848478e-08  -4.0021397261466006e-07
+28   +1.0023939446455201e-07  +3.8502057480520816e-07
+29   -1.0341196525440153e-07  -3.7078809957047721e-07
+30   +1.0627672864890503e-07  +3.5742516311682392e-07

