-30   +1.2743101256971594e-08  -5.4186014526266901e-08
-29   -1.2073437609638096e-08  +5.6190967976200452e-08
-28   +1.1330922438875132e-08  -5.8323496814276130e-08
-27   -1.0504647453581025e-08  +6.0596508927220549e-08
-26   +9.5815890105047263e-09  -6.3024625327735047e-08
-25   -8.5460986425598165e-09  +6.5624451398616551e-08
-24   +7.3792450017872683e-09  -6.8414893470898917e-08
-23   -6.0579567432364029e-09  +7.1417525381644984e-08
-22   +4.5538945317491251e-09  -7.4657008042282767e-08
-21   -2.8319519828795444e-09  +7.8161559895242182e-08
-20   +8.4823980704533219e-10  -8.1963465838558340e-08
-19   +1.4526549621163765e-09  +8.6099590289956509e-08
-18   -4.1414438423714820e-09  -9.0611818897527512e-08
-17   +7.3094010642564346e-09  +9.5547273216107671e-08
-16   -1.1075804673887012e-08  -1.0095798596079619e-07
-15   +1.5598591975124795e-08  +1.0689941968434643e-07
-14   -2.1089809269428966e-08  -1.1342660786130912e-07
-13   +2.7838234454120475e-08  +1.2058547487273388e-07
-12   -3.6242700500762913e-08  -1.2839443114769931e-07
-11   +4.6860530918518532e-08  +1.3680576960284415e-07
-10   -6.0483715924177068e-08  -1.4563135940140904e-07
 -9   +7.8192374128154837e-08  +1.5434864936447732e-07
 -8   -1.0293895370369517e-07  -1.6240104708126128e-07
 -7   +1.3261045241765360e-07  +1.6495570701813602e-07
 -6   -4.6818550179179152e-07  -1.7547681551948588e-07
 -5   +2.4068379606105918e-07  +3.2599749244235409e-08
 -4   -5.3063638247735516e-05  +2.8780023765632917e-05
 -3   -9.2652723962933405e-06  -8.7658167275895639e-06
 -2   -9.8419596452563166e-04  +1.1651894751108723e-02
 -1   -3.4287275572277778e-05  +8.7414870799390747e-04
 +0   +1.3340229258635570e+00  +0.0000000000000000e+00
 +1   -3.4287275572277778e-05  -8.7414870799390747e-04
 +2   -9.8419596452563166e-04  -1.1651894751108723e-02
 +3   -9.2652723962933405e-06  +8.7658167275895639e-06
 +4   -5.3063638247735516e-05  -2.8780023765632917e-05
 +5   +2.4068379606105918e-07  -3.2599749244235409e-08
 +6   -4.6818550179179152e-07  +1.7547681551948588e-07
 +7   +1.3261045241765360e-07  -1.6495570701813602e-07
 +8   -1.0293895370369517e-07  +1.6240104708126128e-07
 +9   +7.8192374128154837e-08  -1.5434864936447732e-07
+10   -6.0483715924177068e-08  +1.4563135940140904e-07
+11   +4.6860530918518532e-08  -1.3680576960284415e-07
+12   -3.6242700500762913e-08  +1.2839443114769931e-07
+13   +2.7838234454120475e-08  -1.2058547487273388e-07
+14   -2.1089809269428966e-08  +1.1342660786130912e-07
+15   +1.5598591975124795e-08  -1.0689941968434643e-07
+16   -1.1075804673887012e-08  +1.0095798596079619e-07
+17   +7.3094010642564346e-09  -9.5547273216107671e-08
+18   -4.1414438423714820e-09  +9.0611818897527512e-08
+19   +1.4526549621163765e-09  -8.6099590289956509e-08
+20   +8.4823980704533219e-10  +8.1963465838558340e-08
+21   -2.8319519828795444e-09  -7.8161559895242182e-08
+22   +4.5538945317491251e-09  +7.4657008042282767e-08
+23   -6.0579567432364029e-09  -7.1417525381644984e-08
+24   +7.3792450017872683e-09  +6.8414893470898917e-08
+25   -8.5460986425598165e-09  -6.5624451398616551e-08
+26   +9.5815890105047263e-09  +6.3024625327735047e-08
+27   -1.0504647453581025e-08  -6.0596508927220549e-08
+28   +1.1330922438875132e-08  +5.8323496814276130e-08
+29   -1.2073437609638096e-08  -5.6190967976200452e-08
+30   +1.2743101256971594e-08  +5.4186014526266901e-08

