-30   +2.4598524291123257e-08  -6.2722744538222678e-08
-29   -2.4511490075565312e-08  +6.5156241256525032e-08
-28   +2.4413550404425094e-08  -6.7759007875158945e-08
-27   -2.4302791423641559e-08  +7.0550455993196373e-08
-26   +2.4176860111471598e-08  -7.3553085558530469e-08
-25   -2.4032838278349415e-08  +7.6793124773382352e-08
-24   +2.3867073098376221e-08  -8.0301336009327911e-08
-23   -2.3674945821450578e-08  +8.4114039017848431e-08
-22   +2.3450552214492534e-08  -8.8274423184508869e-08
-21   -2.3186254915777213e-08  +9.2834246805223786e-08
-20   +2.2872046506427191e-08  -9.7856063086412915e-08
-19   -2.2494628258970094e-08  +1.0341616915602718e-07
-18   +2.2036053833255635e-08  -1.0960856380188354e-07
-17   -2.1471693438866064e-08  +1.1655032966927473e-07
-16   +2.0767111480421056e-08  -1.2438905741337189e-07
-15   -1.9873210036520933e-08  +1.3331328307674843e-07
-14   +1.8718229423682885e-08  -1.4356715268024705e-07
-13   -1.7199449193553168e-08  +1.5547650311222774e-07
-12   +1.5144786203752828e-08  -1.6946394189685184e-07
-11   -1.2828000549649065e-08  +1.8664949244592227e-07
-10   +8.8058018144070867e-09  -2.0682796849000604e-07
 -9   -6.3848811646795928e-08  +2.9263635194392902e-07
 -8   +3.6925811279111509e-08  -3.0594499322294273e-07
 -7   -6.7580171837759818e-06  +7.0813770040953121e-06
 -6   +1.9741007253460501e-06  -2.3734618254586071e-06
 -5   -7.0256342235912816e-04  +7.0307256533577820e-04
 -4   -5.5478989978784835e-05  +5.4811500018672599e-05
 -3   -8.8147602415611453e-02  +8.8148484845662206e-02
 -2   +5.3560271592460390e-05  -5.4166678060154468e-05
 -1   +6.8843128809441170e-04  -6.9078726688364864e-04
 +0   -4.1555570451070476e-06  +0.0000000000000000e+00
 +1   +6.8843128809441170e-04  +6.9078726688364864e-04
 +2   +5.3560271592460390e-05  +5.4166678060154468e-05
 +3   -8.8147602415611453e-02  -8.8148484845662206e-02
 +4   -5.5478989978784835e-05  -5.4811500018672599e-05
 +5   -7.0256342235912816e-04  -7.0307256533577820e-04
 +6   +1.9741007253460501e-06  +2.3734618254586071e-06
 +7   -6.7580171837759818e-06  -7.0813770040953121e-06
 +8   +3.6925811279111509e-08  +3.0594499322294273e-07
 +9   -6.3848811646795928e-08  -2.9263635194392902e-07
+10   +8.8058018144070867e-09  +2.0682796849000604e-07
+11   -1.2828000549649065e-08  -1.8664949244592227e-07
+12   +1.5144786203752828e-08  +1.6946394189685184e-07
+13   -1.7199449193553168e-08  -1.5547650311222774e-07
+14   +1.8718229423682885e-08  +1.4356715268024705e-07
+15   -1.9873210036520933e-08  -1.3331328307674843e-07
+16   +2.0767111480421056e-08  +1.2438905741337189e-07
+17   -2.1471693438866064e-08  -1.1655032966927473e-07
+18   +2.2036053833255635e-08  +1.0960856380188354e-07
+19   -2.2494628258970094e-08  -1.0341616915602718e-07
+20   +2.2872046506427191e-08  +9.7856063086412915e-08
+21   -2.3186254915777213e-08  -9.2834246805223786e-08
+22   +2.3450552214492534e-08  +8.8274423184508869e-08
+23   -2.3674945821450578e-08  -8.4114039017848431e-08
+24   +2.3867073098376221e-08  +8.0301336009327911e-08
+25   -2.4032838278349415e-08  -7.6793124773382352e-08
+26   +2.4176860111471598e-08  +7.3553085558530469e-08
+27   -2.4302791423641559e-08  -7.0550455993196373e-08
+28   +2.4413550404425094e-08  +6.7759007875158945e-08
+29   -2.4511490075565312e-08  -6.5156241256525032e-08
+30   +2.4598524291123257e-08  +6.2722744538222678e-08

