-30   -1.1907570485370664e-09  +1.7734006822532630e-09
-29   +1.2174080733514839e-09  -1.8356356214010895e-09
-28   -1.2467833127757154e-09  +1.9014412341004852e-09
-27   +1.2792581837278805e-09  -1.9711265770884045e-09
-26   -1.3152736884110529e-09  +2.0450319668992347e-09
-25   +1.3553500038910217e-09  -2.1235319920463257e-09
-24   -1.4001038482732652e-09  +2.2070378903867084e-09
-23   +1.4502698601608380e-09  -2.2959996364815678e-09
-22   -1.5067278035517615e-09  +2.3909068238675833e-09
-21   +1.5705367174619902e-09  -2.4922877821019031e-09
-20   -1.6429784664234307e-09  +2.6007052753571108e-09
-19   +1.7256129980272877e-09  -2.7167469399654985e-09
-18   -1.8203493307300143e-09  +2.8410071886012665e-09
-17   +1.9295359657975312e-09  -2.9740550882424854e-09
-16   -2.0560767031917760e-09  +3.1163802497652098e-09
-15   +2.2035775315871341e-09  -3.2683038479452411e-09
-14   -2.3765318327483927e-09  +3.4298343108492249e-09
-13   +2.5805466039321485e-09  -3.6004344604145359e-09
-12   -2.8226510817733348e-09  +3.7786906188716336e-09
-11   +3.1114214690924023e-09  -3.9615305370725015e-09
-10   -3.4649206450197700e-09  +4.1486825410602316e-09
 -9   +3.8780284796883750e-09  -4.3129783886388960e-09
 -8   -5.8371580235801667e-09  +5.0418088550776557e-09
 -7   +5.4854030811096692e-09  -3.9791252372838962e-09
 -6   -3.0259438379385619e-07  +1.9609654082814087e-08
 -5   +3.0497000223708262e-08  +1.0056760872449449e-07
 -4   -5.2815672256871117e-05  -2.8862610974044634e-05
 -3   -9.5155625248806508e-06  +8.7743877676532390e-06
 -2   -9.8399473508081693e-04  -1.1651847398666182e-02
 -1   -3.4424032392011742e-05  -8.7419448224693456e-04
 +0   +1.3340230349310516e+00  +0.0000000000000000e+00
 +1   -3.4424032392011742e-05  +8.7419448224693456e-04
 +2   -9.8399473508081693e-04  +1.1651847398666182e-02
 +3   -9.5155625248806508e-06  -8.7743877676532390e-06
 +4   -5.2815672256871117e-05  +2.8862610974044634e-05
 +5   +3.0497000223708262e-08  -1.0056760872449449e-07
 +6   -3.0259438379385619e-07  -1.9609654082814087e-08
 +7   +5.4854030811096692e-09  +3.9791252372838962e-09
 +8   -5.8371580235801667e-09  -5.0418088550776557e-09
 +9   +3.8780284796883750e-09  +4.3129783886388960e-09
+10   -3.4649206450197700e-09  -4.1486825410602316e-09
+11   +3.1114214690924023e-09  +3.9615305370725015e-09
+12   -2.8226510817733348e-09  -3.7786906188716336e-09
+13   +2.5805466039321485e-09  +3.6004344604145359e-09
+14   -2.3765318327483927e-09  -3.4298343108492249e-09
+15   +2.2035775315871341e-09  +3.2683038479452411e-09
+16   -2.0560767031917760e-09  -3.1163802497652098e-09
+17   +1.9295359657975312e-09  +2.9740550882424854e-09
+18   -1.8203493307300143e-09  -2.8410071886012665e-09
+19   +1.7256129980272877e-09  +2.7167469399654985e-09
+20   -1.6429784664234307e-09  -2.6007052753571108e-09
+21   +1.5705367174619902e-09  +2.4922877821019031e-09
+22   -1.5067278035517615e-09  -2.3909068238675833e-09
+23   +1.4502698601608380e-09  +2.2959996364815678e-09
+24   -1.4001038482732652e-09  -2.2070378903867084e-09
+25   +1.3553500038910217e-09  +2.1235319920463257e-09
+26   -1.3152736884110529e-09  -2.0450319668992347e-09
+27   +1.2792581837278805e-09  +1.9711265770884045e-09
+28   -1.2467833127757154e-09  -1.9014412341004852e-09
+29   +1.2174080733514839e-09  +1.8356356214010895e-09
+30   -1.1907570485370664e-09  -1.7734006822532630e-09

