-30   +1.0906691142589042e-08  -3.6800156180951591e-08
-29   -1.0609242633306123e-08  +3.8175489138776200e-08
-28   +1.0279839450960409e-08  -3.9640253394008480e-08
-27   -9.9137717579633649e-09  +4.1203837700550749e-08
-26   +9.5054333682227506e-09  -4.2876962465668011e-08
-25   -9.0481098247803819e-09  +4.4671917325266265e-08
-24   +8.5337070940320323e-09  -4.6602851546909950e-08
-23   -7.9523995939305017e-09  +4.8686127661052154e-08
-22   +7.2921689453123023e-09  -5.0940756906353557e-08
-21   -6.5381956337417591e-09  +5.3388932939992848e-08
-20   +5.6720455317502342e-09  -5.6056695564146431e-08
-19   -4.6705703189933395e-09  +5.8974750846318994e-08
-18   +3.5044030562675762e-09  -6.2179493549608543e-08
-17   -2.1358705756411793e-09  +6.5714273567640532e-08
-16   +5.1605519895381556e-10  -6.9630962068902733e-08
-15   +1.4193482264763575e-09  +7.3991918156370725e-08
-14   -3.7563316097270729e-09  -7.8872068237862828e-08
-13   +6.6042676566382535e-09  +8.4368801648608265e-08
-12   -1.0138738770973673e-08  -9.0575296166087071e-08
-11   +1.3614934138821689e-08  +9.8589683716342950e-08
-10   -1.9691515557141721e-08  -1.0622247968210712e-07
 -9   -1.0801752943419995e-07  +2.5048695284242305e-07
 -8   +5.0466017759008175e-09  -1.6775609384648129e-07
 -7   -1.9757829385462318e-05  +1.9945568618240078e-05
 -6   +1.7107255454517701e-06  -1.9297543368378830e-06
 -5   -3.0755527806560564e-03  +3.0758115832196665e-03
 -4   -2.5667266785021106e-04  +2.5634783174999974e-04
 -3   -5.1916286092820985e-01  +5.1916340535750871e-01
 -2   +2.9396571852295628e-04  -2.9782396366866777e-04
 -1   +3.4383067064945949e-03  -3.4101416554336490e-03
 +0   -3.1770814461683688e-06  +0.0000000000000000e+00
 +1   +3.4383067064945949e-03  +3.4101416554336490e-03
 +2   +2.9396571852295628e-04  +2.9782396366866777e-04
 +3   -5.1916286092820985e-01  -5.1916340535750871e-01
 +4   -2.5667266785021106e-04  -2.5634783174999974e-04
 +5   -3.0755527806560564e-03  -3.0758115832196665e-03
 +6   +1.7107255454517701e-06  +1.9297543368378830e-06
 +7   -1.9757829385462318e-05  -1.9945568618240078e-05
 +8   +5.0466017759008175e-09  +1.6775609384648129e-07
 +9   -1.0801752943419995e-07  -2.5048695284242305e-07
+10   -1.9691515557141721e-08  +1.0622247968210712e-07
+11   +1.3614934138821689e-08  -9.8589683716342950e-08
+12   -1.0138738770973673e-08  +9.0575296166087071e-08
+13   +6.6042676566382535e-09  -8.4368801648608265e-08
+14   -3.7563316097270729e-09  +7.8872068237862828e-08
+15   +1.4193482264763575e-09  -7.3991918156370725e-08
+16   +5.1605519895381556e-10  +6.9630962068902733e-08
+17   -2.1358705756411793e-09  -6.5714273567640532e-08
+18   +3.5044030562675762e-09  +6.2179493549608543e-08
+19   -4.6705703189933395e-09  -5.8974750846318994e-08
+20   +5.6720455317502342e-09  +5.6056695564146431e-08
+21   -6.5381956337417591e-09  -5.3388932939992848e-08
+22   +7.2921689453123023e-09  +5.0940756906353557e-08
+23   -7.9523995939305017e-09  -4.8686127661052154e-08
+24   +8.5337070940320323e-09  +4.6602851546909950e-08
+25   -9.0481098247803819e-09  -4.4671917325266265e-08
+26   +9.5054333682227506e-09  +4.2876962465668011e-08
+27   -9.9137717579633649e-09  -4.1203837700550749e-08
+28   +1.0279839450960409e-08  +3.9640253394008480e-08
+29   -1.0609242633306123e-08  -3.8175489138776200e-08
+30   +1.0906691142589042e-08  +3.6800156180951591e-08

