-30   +9.9382703580858421e-08  -2.3851132192762142e-07
-29   -9.9482266244756300e-08  +2.4797718236197579e-07
-28   +9.9580894374833000e-08  -2.5812690589254524e-07
-27   -9.9676111780798006e-08  +2.6904248929747401e-07
-26   +9.9764385261322965e-08  -2.8081965047761244e-07
-25   -9.9840696189460461e-08  +2.9357082865435920e-07
-24   +9.9897924930468275e-08  -3.0742900364944581e-07
-23   -9.9925956657464396e-08  +3.2255260458850135e-07
-22   +9.9910367959746861e-08  -3.3913188348995297e-07
-21   -9.9830472705141740e-08  +3.5739728123157176e-07
-20   +9.9656373845173768e-08  -3.7763053649895181e-07
-19   -9.9344446510873677e-08  +4.0017961902896013e-07
-18   +9.8830299586252829e-08  -4.2547906441480121e-07
-17   -9.8017602667084090e-08  +4.5407803881289638e-07
-16   +9.6759982534224264e-08  -4.8667960721470694e-07
-15   -9.4831024769203952e-08  +5.2419642581424181e-07
-14   +9.1873327186164898e-08  -5.6783071345468667e-07
-13   -8.7309627055555041e-08  +6.1919018080283603e-07
-12   +8.0183244140656196e-08  -6.8045655088821201e-07
-11   -6.8862674555889533e-08  +7.5462780879127003e-07
-10   +5.0480243593759515e-08  -8.4584790335371125e-07
 -9   -1.9814389319340940e-08  +9.5980930156151325e-07
 -8   -3.2500124931596408e-08  -1.1037179817501699e-06
 -7   +1.2664594524975226e-07  +1.2865245002212874e-06
 -6   -2.2384358411412554e-07  -1.5008005643306842e-06
 -5   +6.4808462974543423e-07  +1.7396695389441091e-06
 -4   +1.0004620419526619e-05  -7.9014613533671434e-06
 -3   +4.5177226472611695e-06  -1.3854036634717687e-06
 -2   -6.8038155210967358e-05  -1.9838363965079993e-03
 -1   +9.3154069331374337e-08  -9.8327740261902120e-05
 +0   -1.3726989738202178e-01  +0.0000000000000000e+00
 +1   +9.3154069331374337e-08  +9.8327740261902120e-05
 +2   -6.8038155210967358e-05  +1.9838363965079993e-03
 +3   +4.5177226472611695e-06  +1.3854036634717687e-06
 +4   +1.0004620419526619e-05  +7.9014613533671434e-06
 +5   +6.4808462974543423e-07  -1.7396695389441091e-06
 +6   -2.2384358411412554e-07  +1.5008005643306842e-06
 +7   +1.2664594524975226e-07  -1.2865245002212874e-06
 +8   -3.2500124931596408e-08  +1.1037179817501699e-06
 +9   -1.9814389319340940e-08  -9.5980930156151325e-07
+10   +5.0480243593759515e-08  +8.4584790335371125e-07
+11   -6.8862674555889533e-08  -7.5462780879127003e-07
+12   +8.0183244140656196e-08  +6.8045655088821201e-07
+13   -8.7309627055555041e-08  -6.1919018080283603e-07
+14   +9.1873327186164898e-08  +5.6783071345468667e-07
+15   -9.4831024769203952e-08  -5.2419642581424181e-07
+16   +9.6759982534224264e-08  +4.8667960721470694e-07
+17   -9.8017602667084090e-08  -4.5407803881289638e-07
+18   +9.8830299586252829e-08  +4.2547906441480121e-07
+19   -9.9344446510873677e-08  -4.0017961902896013e-07
+20   +9.9656373845173768e-08  +3.7763053649895181e-07
+21   -9.9830472705141740e-08  -3.5739728123157176e-07
+22   +9.9910367959746861e-08  +3.3913188348995297e-07
+23   -9.9925956657464396e-08  -3.2255260458850135e-07
+24   +9.9897924930468275e-08  +3.0742900364944581e-07
+25   -9.9840696189460461e-08  -2.9357082865435920e-07
+26   +9.9764385261322965e-08  +2.8081965047761244e-07
+27   -9.9676111780798006e-08  -2.6904248929747401e-07
+28   +9.9580894374833000e-08  +2.5812690589254524e-07
+29   -9.9482266244756300e-08  -2.4797718236197579e-07
+30   +9.9382703580858421e-08  +2.3851132192762142e-07

