-30   +2.5417869452625505e-09  -6.5078998428492087e-09
-29   -2.5320461137591541e-09  +6.7603797387057943e-09
-28   +2.5210946257311349e-09  -7.0304197307658005e-09
-27   -2.5087219211543842e-09  +7.3200337392188037e-09
-26   +2.4946691068534029e-09  -7.6315553083240912e-09
-25   -2.4786157083280959e-09  +7.9677049294798162e-09
-24   +2.4601611179225941e-09  -8.3316729684812354e-09
-23   -2.4387995045816820e-09  +8.7272262932758243e-09
-22   +2.4138854404115072e-09  -9.1588436303274233e-09
-21   -2.3845851543904696e-09  +9.6318922205596670e-09
-20   +2.3498081642248711e-09  -1.0152857841811173e-08
-19   -2.3081075321368046e-09  +1.0729650809034014e-08
-18   +2.2575347914157554e-09  -1.1372015006028835e-08
-17   -2.1954202782690574e-09  +1.2092085648782966e-08
-16   +2.1180377004454226e-09  -1.2905156923401303e-08
-15   -2.0201332206881973e-09  +1.3830704623036189e-08
-14   +1.8938823852817227e-09  -1.4894113090524271e-08
-13   -1.7348162603601126e-09  +1.6121563416170637e-08
-12   +1.5101916742251911e-09  -1.7572524733121579e-08
-11   -2.1622310941436587e-09  +1.8337146474450577e-08
-10   +1.3091327240796621e-09  -2.0834811718440055e-08
 -9   -1.3573030948774872e-07  -1.1167486871618585e-07
 -8   +4.1524151064472012e-08  +1.5263497272410344e-08
 -7   -1.9805931138083302e-05  -1.9777201220022382e-05
 -6   +1.7744416337789445e-06  +1.7432655858383757e-06
 -5   -3.0756374326751279e-03  -3.0756055349314940e-03
 -4   -2.5655999183414873e-04  -2.5657235254361046e-04
 -3   -5.1916298862371624e-01  -5.1916319132114164e-01
 -2   +2.9415814101542323e-04  +2.9761346497122164e-04
 -1   +3.4380922434095202e-03  +3.4102805511028139e-03
 +0   -2.9562296983772402e-06  +0.0000000000000000e+00
 +1   +3.4380922434095202e-03  -3.4102805511028139e-03
 +2   +2.9415814101542323e-04  -2.9761346497122164e-04
 +3   -5.1916298862371624e-01  +5.1916319132114164e-01
 +4   -2.5655999183414873e-04  +2.5657235254361046e-04
 +5   -3.0756374326751279e-03  +3.0756055349314940e-03
 +6   +1.7744416337789445e-06  -1.7432655858383757e-06
 +7   -1.9805931138083302e-05  +1.9777201220022382e-05
 +8   +4.1524151064472012e-08  -1.5263497272410344e-08
 +9   -1.3573030948774872e-07  +1.1167486871618585e-07
+10   +1.3091327240796621e-09  +2.0834811718440055e-08
+11   -2.1622310941436587e-09  -1.8337146474450577e-08
+12   +1.5101916742251911e-09  +1.7572524733121579e-08
+13   -1.7348162603601126e-09  -1.6121563416170637e-08
+14   +1.8938823852817227e-09  +1.4894113090524271e-08
+15   -2.0201332206881973e-09  -1.3830704623036189e-08
+16   +2.1180377004454226e-09  +1.2905156923401303e-08
+17   -2.1954202782690574e-09  -1.2092085648782966e-08
+18   +2.2575347914157554e-09  +1.1372015006028835e-08
+19   -2.3081075321368046e-09  -1.0729650809034014e-08
+20   +2.3498081642248711e-09  +1.0152857841811173e-08
+21   -2.3845851543904696e-09  -9.6318922205596670e-09
+22   +2.4138854404115072e-09  +9.1588436303274233e-09
+23   -2.4387995045816820e-09  -8.7272262932758243e-09
+24   +2.4601611179225941e-09  +8.3316729684812354e-09
+25   -2.4786157083280959e-09  -7.9677049294798162e-09
+26   +2.4946691068534029e-09  +7.6315553083240912e-09
+27   -2.5087219211543842e-09  -7.3200337392188037e-09
+28   +2.5210946257311349e-09  +7.0304197307658005e-09
+29   -2.5320461137591541e-09  -6.7603797387057943e-09
+30   +2.5417869452625505e-09  +6.5078998428492087e-09

