-30   +1.2294169730674365e-10  -1.8282761115665488e-10
-29   -1.2569830662642999e-10  +1.8923981115115509e-10
-28   +1.2873655952936806e-10  -1.9601943760455533e-10
-27   -1.3209526613510440e-10  +2.0319821856349410e-10
-26   +1.3581998011312968e-10  -2.1081107752027550e-10
-25   -1.3996442291474467e-10  +2.1889642939572358e-10
-24   +1.4459231170869132e-10  -2.2749644230005293e-10
-23   -1.4977950162819946e-10  +2.3665719726621194e-10
-22   +1.5561682157860684e-10  -2.4642879004929043e-10
-21   -1.6221359521803492e-10  +2.5686523171125875e-10
-20   +1.6970208386053834e-10  -2.6802394768463320e-10
-19   -1.7824324440244204e-10  +2.7996478026405464e-10
-18   +1.8803391749363337e-10  -2.9274804910147485e-10
-17   -1.9931620087400397e-10  +3.0643122868994753e-10
-16   +2.1238928843937015e-10  -3.2106324915083590e-10
-15   -2.2762447017619606e-10  +3.3667525778438737e-10
-14   +2.4548402155943763e-10  -3.5326546031313977e-10
-13   -2.6654477264488219e-10  +3.7077587015106297e-10
-12   +2.9151436864821766e-10  -3.8903654755453101e-10
-11   -3.2133908537908814e-10  +4.0779965605940065e-10
-10   +3.5513270869363911e-10  -4.2439393129953099e-10
 -9   -4.0371291813107073e-10  +4.4500601243074499e-10
 -8   +8.3044735672378380e-11  -2.3374392043092419e-10
 -7   -9.9572439999256086e-10  +4.7453269708546607e-10
 -6   -7.0571041274744805e-08  +9.9822916800931375e-09
 -5   -4.9847134957147488e-08  -1.8470984252720123e-08
 -4   -1.1112113973188139e-05  -5.9605956929079086e-06
 -3   -2.7105980092821655e-06  -3.2550569375943820e-06
 -2   +6.5577370422547317e-05  -1.9824228104935041e-03
 -1   +2.7357342566186874e-06  -9.9048138893302205e-05
 +0   +1.3726696879950936e-01  +0.0000000000000000e+00
 +1   +2.7357342566186874e-06  +9.9048138893302205e-05
 +2   +6.5577370422547317e-05  +1.9824228104935041e-03
 +3   -2.7105980092821655e-06  +3.2550569375943820e-06
 +4   -1.1112113973188139e-05  +5.9605956929079086e-06
 +5   -4.9847134957147488e-08  +1.8470984252720123e-08
 +6   -7.0571041274744805e-08  -9.9822916800931375e-09
 +7   -9.9572439999256086e-10  -4.7453269708546607e-10
 +8   +8.3044735672378380e-11  +2.3374392043092419e-10
 +9   -4.0371291813107073e-10  -4.4500601243074499e-10
+10   +3.5513270869363911e-10  +4.2439393129953099e-10
+11   -3.2133908537908814e-10  -4.0779965605940065e-10
+12   +2.9151436864821766e-10  +3.8903654755453101e-10
+13   -2.6654477264488219e-10  -3.7077587015106297e-10
+14   +2.4548402155943763e-10  +3.5326546031313977e-10
+15   -2.2762447017619606e-10  -3.3667525778438737e-10
+16   +2.1238928843937015e-10  +3.2106324915083590e-10
+17   -1.9931620087400397e-10  -3.0643122868994753e-10
+18   +1.8803391749363337e-10  +2.9274804910147485e-10
+19   -1.7824324440244204e-10  -2.7996478026405464e-10
+20   +1.6970208386053834e-10  +2.6802394768463320e-10
+21   -1.6221359521803492e-10  -2.5686523171125875e-10
+22   +1.5561682157860684e-10  +2.4642879004929043e-10
+23   -1.4977950162819946e-10  -2.3665719726621194e-10
+24   +1.4459231170869132e-10  +2.2749644230005293e-10
+25   -1.3996442291474467e-10  -2.1889642939572358e-10
+26   +1.3581998011312968e-10  +2.1081107752027550e-10
+27   -1.3209526613510440e-10  -2.0319821856349410e-10
+28   +1.2873655952936806e-10  +1.9601943760455533e-10
+29   -1.2569830662642999e-10  -1.8923981115115509e-10
+30   +1.2294169730674365e-10  +1.8282761115665488e-10

