-30   +1.6685836097400048e-14  -3.9621655376615706e-14
-29   -1.6721524507658578e-14  +4.1218517700575962e-14
-28   +1.6734336246830135e-14  -4.2807348570969862e-14
-27   -1.6784064562786338e-14  +4.4579127131141225e-14
-26   +1.6838639627862961e-14  -4.6436922173137495e-14
-25   -1.6894852880917119e-14  +4.8500756326456875e-14
-24   +1.6870645877494558e-14  -5.0672757695974139e-14
-23   -1.6933130963827457e-14  +5.3038419706026075e-14
-22   +1.7036687471282370e-14  -5.5600253613364512e-14
-21   -1.7080043689411388e-14  +5.8471745565599180e-14
-20   +1.7163788688427375e-14  -6.1579086019758557e-14
-19   -1.7244443088389854e-14  +6.5035676795771001e-14
-18   +1.7453809196987236e-14  -6.8798945890511175e-14
-17   -1.7552925968239026e-14  +7.3225769322835247e-14
-16   +1.7423829264638655e-14  -7.8332591250253109e-14
-15   -1.7526167658196886e-14  +8.3898268599153524e-14
-14   -2.0142410335258790e-14  -1.2806865335372688e-13
-13   +1.6369758990589675e-14  +1.3205512910129783e-13
-12   -5.1729218137895006e-12  -5.2976829114883397e-12
-11   +3.3846744126708815e-12  +3.5198685155712331e-12
-10   -7.2137261523717825e-10  -7.2153411087369949e-10
 -9   +3.0203045814013374e-10  +3.0212105573937785e-10
 -8   -1.0383760860776814e-07  -1.0383970531851443e-07
 -7   +2.1265375483456819e-08  +2.1253935812525555e-08
 -6   -1.5768873641320744e-05  -1.5769184690222193e-05
 -5   +3.8634985131223874e-07  +3.8439595772184828e-07
 -4   -2.6256191179996544e-03  -2.6256771277144344e-03
 -3   -2.4806399319427061e-04  -2.4845012392245947e-04
 -2   -5.3254539189938355e-01  -5.3256207041548242e-01
 -1   +2.8568793549595188e-04  +2.8549174781725974e-04
 +0   +6.0318135236007301e-03  +0.0000000000000000e+00
 +1   +2.8568793549595188e-04  -2.8549174781725974e-04
 +2   -5.3254539189938355e-01  +5.3256207041548242e-01
 +3   -2.4806399319427061e-04  +2.4845012392245947e-04
 +4   -2.6256191179996544e-03  +2.6256771277144344e-03
 +5   +3.8634985131223874e-07  -3.8439595772184828e-07
 +6   -1.5768873641320744e-05  +1.5769184690222193e-05
 +7   +2.1265375483456819e-08  -2.1253935812525555e-08
 +8   -1.0383760860776814e-07  +1.0383970531851443e-07
 +9   +3.0203045814013374e-10  -3.0212105573937785e-10
+10   -7.2137261523717825e-10  +7.2153411087369949e-10
+11   +3.3846744126708815e-12  -3.5198685155712331e-12
+12   -5.1729218137895006e-12  +5.2976829114883397e-12
+13   +1.6369758990589675e-14  -1.3205512910129783e-13
+14   -2.0142410335258790e-14  +1.2806865335372688e-13
+15   -1.7526167658196886e-14  -8.3898268599153524e-14
+16   +1.7423829264638655e-14  +7.8332591250253109e-14
+17   -1.7552925968239026e-14  -7.3225769322835247e-14
+18   +1.7453809196987236e-14  +6.8798945890511175e-14
+19   -1.7244443088389854e-14  -6.5035676795771001e-14
+20   +1.7163788688427375e-14  +6.1579086019758557e-14
+21   -1.7080043689411388e-14  -5.8471745565599180e-14
+22   +1.7036687471282370e-14  +5.5600253613364512e-14
+23   -1.6933130963827457e-14  -5.3038419706026075e-14
+24   +1.6870645877494558e-14  +5.0672757695974139e-14
+25   -1.6894852880917119e-14  -4.8500756326456875e-14
+26   +1.6838639627862961e-14  +4.6436922173137495e-14
+27   -1.6784064562786338e-14  -4.4579127131141225e-14
+28   +1.6734336246830135e-14  +4.2807348570969862e-14
+29   -1.6721524507658578e-14  -4.1218517700575962e-14
+30   +1.6685836097400048e-14  +3.9621655376615706e-14

