-30   +1.6812880952584798e-14  -3.6054565323613336e-14
-29   -1.6911865937569853e-14  +3.7534055605542386e-14
-28   +1.6998691707502199e-14  -3.8926284567444504e-14
-27   -1.7192933914449236e-14  +4.0525495438199884e-14
-26   +1.7344399558183173e-14  -4.2200099777579084e-14
-25   -1.7516278101523081e-14  +4.4049894197132761e-14
-24   +1.7749697815833641e-14  -4.5988087322678497e-14
-23   -1.7980794067479937e-14  +4.8193999079460880e-14
-22   +1.8253383444189446e-14  -5.0427021116076035e-14
-21   -1.8566607563393943e-14  +5.3054152901560757e-14
-20   +1.8876858861930893e-14  -5.5822065291517202e-14
-19   -1.9236406305099543e-14  +5.8915093103986126e-14
-18   +1.9719599747739549e-14  -6.2191218280008822e-14
-17   -2.0294371199878585e-14  +6.6104754586832295e-14
-16   +2.1253269823494098e-14  -7.0638462794424219e-14
-15   -2.2084256414688025e-14  +7.5592771668855316e-14
-14   +6.1093467210646254e-14  -1.1898974281176237e-13
-13   -5.8796688905694224e-14  +1.2212847390275926e-13
-12   +5.2170504815377376e-12  -5.2867099443489963e-12
-11   -3.4312352037176226e-12  +3.5074187201049601e-12
-10   +7.2142222107274142e-10  -7.2152001693754875e-10
 -9   -3.0208406355379290e-10  +3.0210472452876407e-10
 -8   +1.0383766748105806e-07  -1.0383968606655560e-07
 -7   -2.1265441840706885e-08  +2.1253912984011778e-08
 -6   +1.5768873718059184e-05  -1.5769184662917347e-05
 -5   -3.8634994435158651e-07  +3.8439592724174513e-07
 -4   +2.6256191181137931e-03  -2.6256771276855560e-03
 -3   +2.4806399280716978e-04  -2.4845012369860138e-04
 -2   +5.3254539189918215e-01  -5.3256207041569259e-01
 -1   -2.8568793558686180e-04  +2.8549174777788645e-04
 +0   -6.0318135235058710e-03  +0.0000000000000000e+00
 +1   -2.8568793558686180e-04  -2.8549174777788645e-04
 +2   +5.3254539189918215e-01  +5.3256207041569259e-01
 +3   +2.4806399280716978e-04  +2.4845012369860138e-04
 +4   +2.6256191181137931e-03  +2.6256771276855560e-03
 +5   -3.8634994435158651e-07  -3.8439592724174513e-07
 +6   +1.5768873718059184e-05  +1.5769184662917347e-05
 +7   -2.1265441840706885e-08  -2.1253912984011778e-08
 +8   +1.0383766748105806e-07  +1.0383968606655560e-07
 +9   -3.0208406355379290e-10  -3.0210472452876407e-10
+10   +7.2142222107274142e-10  +7.2152001693754875e-10
+11   -3.4312352037176226e-12  -3.5074187201049601e-12
+12   +5.2170504815377376e-12  +5.2867099443489963e-12
+13   -5.8796688905694224e-14  -1.2212847390275926e-13
+14   +6.1093467210646254e-14  +1.1898974281176237e-13
+15   -2.2084256414688025e-14  -7.5592771668855316e-14
+16   +2.1253269823494098e-14  +7.0638462794424219e-14
+17   -2.0294371199878585e-14  -6.6104754586832295e-14
+18   +1.9719599747739549e-14  +6.2191218280008822e-14
+19   -1.9236406305099543e-14  -5.8915093103986126e-14
+20   +1.8876858861930893e-14  +5.5822065291517202e-14
+21   -1.8566607563393943e-14  -5.3054152901560757e-14
+22   +1.8253383444189446e-14  +5.0427021116076035e-14
+23   -1.7980794067479937e-14  -4.8193999079460880e-14
+24   +1.7749697815833641e-14  +4.5988087322678497e-14
+25   -1.7516278101523081e-14  -4.4049894197132761e-14
+26   +1.7344399558183173e-14  +4.2200099777579084e-14
+27   -1.7192933914449236e-14  -4.0525495438199884e-14
+28   +1.6998691707502199e-14  +3.8926284567444504e-14
+29   -1.6911865937569853e-14  -3.7534055605542386e-14
+30   +1.6812880952584798e-14  +3.6054565323613336e-14

