-30   +2.4600332505721370e-08  -6.2728824440268246e-08
-29   -2.4513252321376460e-08  +6.5162558169870099e-08
-28   +2.4415261567734548e-08  -6.7765578439167939e-08
-27   -2.4304445640802861e-08  +7.0557298823513632e-08
-26   +2.4178450525607675e-08  -7.3560221501374683e-08
-25   -2.4034356944756164e-08  +7.6800577327793414e-08
-24   +2.3868510653833655e-08  -8.0309131786094346e-08
-23   -2.3676291198688737e-08  +8.4122208321668826e-08
-22   +2.3451792210025853e-08  -8.8283000785510903e-08
-21   -2.3187373698856115e-08  +9.2843272766130184e-08
-20   +2.2873024851282571e-08  -9.7865584032564086e-08
-19   -2.2495442633235676e-08  +1.0342623974582157e-07
-18   +2.2036675078911458e-08  -1.0961924875055715e-07
-17   -2.1472084966982996e-08  +1.1656170645765737e-07
-16   +2.0767226750081006e-08  -1.2440121992188554e-07
-15   -1.9872988792231747e-08  +1.3332634671323279e-07
-14   +1.8717592237165554e-08  -1.4358126178751296e-07
-13   -1.7198289022818828e-08  +1.5549184172180088e-07
-12   +1.5142954842676886e-08  -1.6948075052938739e-07
-11   -1.2825286402685650e-08  +1.8666809469399110e-07
-10   +8.8018904849619473e-09  -2.0684881648352028e-07
 -9   -6.3843212210866284e-08  +2.9266010847167882e-07
 -8   +3.6917703185734951e-08  -3.0597269726024359e-07
 -7   -6.7580050772339531e-06  +7.0814104289060548e-06
 -6   +1.9740814019901278e-06  -2.3735045661611714e-06
 -5   -7.0256338931408402e-04  +7.0307262441536588e-04
 -4   -5.5479068176937669e-05  +5.4811392455983484e-05
 -3   -8.8147602434375680e-02  +8.8148484860763821e-02
 -2   +5.3560387814673545e-05  -5.4166612665725352e-05
 -1   +6.8843121446582518e-04  -6.9078729200685565e-04
 +0   -4.1541473099730157e-06  +0.0000000000000000e+00
 +1   +6.8843121446582518e-04  +6.9078729200685565e-04
 +2   +5.3560387814673545e-05  +5.4166612665725352e-05
 +3   -8.8147602434375680e-02  -8.8148484860763821e-02
 +4   -5.5479068176937669e-05  -5.4811392455983484e-05
 +5   -7.0256338931408402e-04  -7.0307262441536588e-04
 +6   +1.9740814019901278e-06  +2.3735045661611714e-06
 +7   -6.7580050772339531e-06  -7.0814104289060548e-06
 +8   +3.6917703185734951e-08  +3.0597269726024359e-07
 +9   -6.3843212210866284e-08  -2.9266010847167882e-07
+10   +8.8018904849619473e-09  +2.0684881648352028e-07
+11   -1.2825286402685650e-08  -1.8666809469399110e-07
+12   +1.5142954842676886e-08  +1.6948075052938739e-07
+13   -1.7198289022818828e-08  -1.5549184172180088e-07
+14   +1.8717592237165554e-08  +1.4358126178751296e-07
+15   -1.9872988792231747e-08  -1.3332634671323279e-07
+16   +2.0767226750081006e-08  +1.2440121992188554e-07
+17   -2.1472084966982996e-08  -1.1656170645765737e-07
+18   +2.2036675078911458e-08  +1.0961924875055715e-07
+19   -2.2495442633235676e-08  -1.0342623974582157e-07
+20   +2.2873024851282571e-08  +9.7865584032564086e-08
+21   -2.3187373698856115e-08  -9.2843272766130184e-08
+22   +2.3451792210025853e-08  +8.8283000785510903e-08
+23   -2.3676291198688737e-08  -8.4122208321668826e-08
+24   +2.3868510653833655e-08  +8.0309131786094346e-08
+25   -2.4034356944756164e-08  -7.6800577327793414e-08
+26   +2.4178450525607675e-08  +7.3560221501374683e-08
+27   -2.4304445640802861e-08  -7.0557298823513632e-08
+28   +2.4415261567734548e-08  +6.7765578439167939e-08
+29   -2.4513252321376460e-08  -6.5162558169870099e-08
+30   +2.4600332505721370e-08  +6.2728824440268246e-08

