-30   +2.5604284668587990e-09  -6.5436367087629849e-09
-29   -2.5509565872443164e-09  +6.7975096866140405e-09
-28   +2.5403039215477415e-09  -7.0690406639396295e-09
-27   -2.5282644954297195e-09  +7.3602549239944710e-09
-26   +2.5145848346219598e-09  -7.6734993518172577e-09
-25   -2.4989512618043520e-09  +8.0115099069157876e-09
-24   +2.4809712260623207e-09  -8.3774953168019890e-09
-23   -2.4601490038131563e-09  +8.7752441716866938e-09
-22   +2.4358513676854681e-09  -9.2092612078516832e-09
-21   -2.4072603274435593e-09  +9.6849450883452248e-09
-20   +2.3733049377500829e-09  -1.0208819992964033e-08
-19   -2.3325636839317085e-09  +1.0788843442290886e-08
-18   +2.2831209010589663e-09  -1.1434818471961578e-08
-17   -2.2223503476600558e-09  +1.2158955192109265e-08
-16   +2.1465841195039079e-09  -1.2976644154921782e-08
-15   -2.0506484404646160e-09  +1.3907487718025195e-08
-14   +1.9268310395430337e-09  -1.4977039828925267e-08
-13   -1.7708247070871085e-09  +1.6211715005072128e-08
-12   +1.5501265038411052e-09  -1.7671313384199385e-08
-11   -2.2073297793958342e-09  +1.8446472114486697e-08
-10   +1.3612328820347974e-09  -2.0957326840262720e-08
 -9   -1.3579227875247790e-07  -1.1153527844741663e-07
 -8   +4.1600772515333048e-08  +1.5100753847352217e-08
 -7   -1.9806031115520899e-05  -1.9777004937629367e-05
 -6   +1.7745835521282219e-06  +1.7430149390037064e-06
 -5   -3.0756376565513862e-03  -3.0756051868273664e-03
 -4   -2.5655950133186627e-04  -2.5657298717639022e-04
 -3   -5.1916298854284648e-01  -5.1916319123146060e-01
 -2   +2.9415748037143276e-04  +2.9761391624071715e-04
 -1   +3.4380926481649399e-03  +3.4102804087148410e-03
 +0   -2.9564437248413845e-06  +0.0000000000000000e+00
 +1   +3.4380926481649399e-03  -3.4102804087148410e-03
 +2   +2.9415748037143276e-04  -2.9761391624071715e-04
 +3   -5.1916298854284648e-01  +5.1916319123146060e-01
 +4   -2.5655950133186627e-04  +2.5657298717639022e-04
 +5   -3.0756376565513862e-03  +3.0756051868273664e-03
 +6   +1.7745835521282219e-06  -1.7430149390037064e-06
 +7   -1.9806031115520899e-05  +1.9777004937629367e-05
 +8   +4.1600772515333048e-08  -1.5100753847352217e-08
 +9   -1.3579227875247790e-07  +1.1153527844741663e-07
+10   +1.3612328820347974e-09  +2.0957326840262720e-08
+11   -2.2073297793958342e-09  -1.8446472114486697e-08
+12   +1.5501265038411052e-09  +1.7671313384199385e-08
+13   -1.7708247070871085e-09  -1.6211715005072128e-08
+14   +1.9268310395430337e-09  +1.4977039828925267e-08
+15   -2.0506484404646160e-09  -1.3907487718025195e-08
+16   +2.1465841195039079e-09  +1.2976644154921782e-08
+17   -2.2223503476600558e-09  -1.2158955192109265e-08
+18   +2.2831209010589663e-09  +1.1434818471961578e-08
+19   -2.3325636839317085e-09  -1.0788843442290886e-08
+20   +2.3733049377500829e-09  +1.0208819992964033e-08
+21   -2.4072603274435593e-09  -9.6849450883452248e-09
+22   +2.4358513676854681e-09  +9.2092612078516832e-09
+23   -2.4601490038131563e-09  -8.7752441716866938e-09
+24   +2.4809712260623207e-09  +8.3774953168019890e-09
+25   -2.4989512618043520e-09  -8.0115099069157876e-09
+26   +2.5145848346219598e-09  +7.6734993518172577e-09
+27   -2.5282644954297195e-09  -7.3602549239944710e-09
+28   +2.5403039215477415e-09  +7.0690406639396295e-09
+29   -2.5509565872443164e-09  -6.7975096866140405e-09
+30   +2.5604284668587990e-09  +6.5436367087629849e-09

