-30   +7.2886921403569305e-09  -1.8572873129490902e-08
-29   -7.2632632768640865e-09  +1.9293495226216935e-08
-28   +7.2346439241346427e-09  -2.0064247786394904e-08
-27   -7.2022734568220382e-09  +2.0890880657595967e-08
-26   +7.1654623648328432e-09  -2.1780058601408963e-08
-25   -7.1233554052418149e-09  +2.2739551038672844e-08
-24   +7.0748816878100287e-09  -2.3778470891345324e-08
-23   -7.0186867974596077e-09  +2.4907577950612429e-08
-22   +6.9530388458432630e-09  -2.6139667755948028e-08
-21   -6.8756968693975772e-09  +2.7490075667413583e-08
-20   +6.7837234875610136e-09  -2.8977336795140936e-08
-19   -6.6732138715665986e-09  +3.0624060862198943e-08
-18   +6.5388965276556695e-09  -3.2458106330109789e-08
-17   -6.3735342166649143e-09  +3.4514177189767621e-08
-16   +6.1670016162552649e-09  -3.6836029860097358e-08
-15   -5.9049106320065141e-09  +3.9479492892842372e-08
-14   +5.5659653266686914e-09  -4.2517183792056782e-08
-13   -5.1259310906300250e-09  +4.6037051116606960e-08
-12   +4.5143983852669119e-09  -5.0188386304598669e-08
-11   -4.4812774784227692e-09  +5.4317657193572992e-08
-10   +2.4435858924807328e-09  -6.1121424630312287e-08
 -9   -8.9512338894188604e-08  -2.0389558751025022e-08
 -8   -6.7293449181089930e-09  -8.2296909561905391e-08
 -7   -9.4774448911838794e-06  -9.3945838777018910e-06
 -6   -5.5877357166641588e-07  -6.4926500633653464e-07
 -5   -9.3820931341316333e-04  -9.3811293436942835e-04
 -4   -4.7140718874713493e-05  -4.7231380088231107e-05
 -3   -7.0346440340249214e-02  -7.0346412324933494e-02
 -2   +3.2237697194937494e-05  +3.2683159426009278e-05
 -1   +3.3025869891649065e-04  +3.2874774410739593e-04
 +0   +1.5424040147698022e-06  +0.0000000000000000e+00
 +1   +3.3025869891649065e-04  -3.2874774410739593e-04
 +2   +3.2237697194937494e-05  -3.2683159426009278e-05
 +3   -7.0346440340249214e-02  +7.0346412324933494e-02
 +4   -4.7140718874713493e-05  +4.7231380088231107e-05
 +5   -9.3820931341316333e-04  +9.3811293436942835e-04
 +6   -5.5877357166641588e-07  +6.4926500633653464e-07
 +7   -9.4774448911838794e-06  +9.3945838777018910e-06
 +8   -6.7293449181089930e-09  +8.2296909561905391e-08
 +9   -8.9512338894188604e-08  +2.0389558751025022e-08
+10   +2.4435858924807328e-09  +6.1121424630312287e-08
+11   -4.4812774784227692e-09  -5.4317657193572992e-08
+12   +4.5143983852669119e-09  +5.0188386304598669e-08
+13   -5.1259310906300250e-09  -4.6037051116606960e-08
+14   +5.5659653266686914e-09  +4.2517183792056782e-08
+15   -5.9049106320065141e-09  -3.9479492892842372e-08
+16   +6.1670016162552649e-09  +3.6836029860097358e-08
+17   -6.3735342166649143e-09  -3.4514177189767621e-08
+18   +6.5388965276556695e-09  +3.2458106330109789e-08
+19   -6.6732138715665986e-09  -3.0624060862198943e-08
+20   +6.7837234875610136e-09  +2.8977336795140936e-08
+21   -6.8756968693975772e-09  -2.7490075667413583e-08
+22   +6.9530388458432630e-09  +2.6139667755948028e-08
+23   -7.0186867974596077e-09  -2.4907577950612429e-08
+24   +7.0748816878100287e-09  +2.3778470891345324e-08
+25   -7.1233554052418149e-09  -2.2739551038672844e-08
+26   +7.1654623648328432e-09  +2.1780058601408963e-08
+27   -7.2022734568220382e-09  -2.0890880657595967e-08
+28   +7.2346439241346427e-09  +2.0064247786394904e-08
+29   -7.2632632768640865e-09  -1.9293495226216935e-08
+30   +7.2886921403569305e-09  +1.8572873129490902e-08

