-30   +3.3569072947891519e-09  -8.5709269012844255e-09
-29   -3.3447225299630874e-09  +8.9034842218437448e-09
-28   +3.3310145526890842e-09  -9.2591769667797456e-09
-27   -3.3155166376747197e-09  +9.6406585879328415e-09
-26   +3.2979009660337917e-09  -1.0051005118824990e-08
-25   -3.2777610933569071e-09  +1.0493802210106189e-08
-24   +3.2545883691928971e-09  -1.0973255633308909e-08
-23   -3.2277400297361722e-09  +1.1494331041760440e-08
-22   +3.1963945379688071e-09  -1.2062933973304627e-08
-21   -3.1594896263365085e-09  +1.2686141556104856e-08
-20   +3.1156338264843557e-09  -1.3372507911473755e-08
-19   -3.0629786201987820e-09  +1.4132467018574488e-08
-18   +2.9990303229317956e-09  -1.4978875096737162e-08
-17   -2.9203680929072874e-09  +1.5927747499472877e-08
-16   +2.8222064816276705e-09  -1.6999271219177183e-08
-15   -2.6978365620124302e-09  +1.8219348823561252e-08
-14   +2.5369916879647554e-09  -1.9621083667030827e-08
-13   -2.3382776335744661e-09  +2.1261942511807512e-08
-12   +2.0416159613588766e-09  -2.3163568255501423e-08
-11   -3.1982300388201433e-09  +2.6993545901803246e-08
-10   +1.2741619450872020e-09  -2.8388269011327142e-08
 -9   -1.8230821402929977e-07  +2.1364348160995750e-07
 -8   +9.1100225929538315e-09  -4.5967772541547390e-08
 -7   -2.1162259742987384e-05  +2.1206574324027562e-05
 -6   -2.6282453647099565e-07  +2.0818378568219194e-07
 -5   -2.4116318802898050e-03  +2.4117005663576020e-03
 -4   -1.5469228619673802e-04  +1.5461593497078497e-04
 -3   -2.5268933961342838e-01  +2.5268932916794518e-01
 -2   +1.3754891158315958e-04  -1.3604574559997372e-04
 -1   +2.1315493939644899e-03  -2.1423332759948808e-03
 +0   -7.7358996289528196e-06  +0.0000000000000000e+00
 +1   +2.1315493939644899e-03  +2.1423332759948808e-03
 +2   +1.3754891158315958e-04  +1.3604574559997372e-04
 +3   -2.5268933961342838e-01  -2.5268932916794518e-01
 +4   -1.5469228619673802e-04  -1.5461593497078497e-04
 +5   -2.4116318802898050e-03  -2.4117005663576020e-03
 +6   -2.6282453647099565e-07  -2.0818378568219194e-07
 +7   -2.1162259742987384e-05  -2.1206574324027562e-05
 +8   +9.1100225929538315e-09  +4.5967772541547390e-08
 +9   -1.8230821402929977e-07  -2.1364348160995750e-07
+10   +1.2741619450872020e-09  +2.8388269011327142e-08
+11   -3.1982300388201433e-09  -2.6993545901803246e-08
+12   +2.0416159613588766e-09  +2.3163568255501423e-08
+13   -2.3382776335744661e-09  -2.1261942511807512e-08
+14   +2.5369916879647554e-09  +1.9621083667030827e-08
+15   -2.6978365620124302e-09  -1.8219348823561252e-08
+16   +2.8222064816276705e-09  +1.6999271219177183e-08
+17   -2.9203680929072874e-09  -1.5927747499472877e-08
+18   +2.9990303229317956e-09  +1.4978875096737162e-08
+19   -3.0629786201987820e-09  -1.4132467018574488e-08
+20   +3.1156338264843557e-09  +1.3372507911473755e-08
+21   -3.1594896263365085e-09  -1.2686141556104856e-08
+22   +3.1963945379688071e-09  +1.2062933973304627e-08
+23   -3.2277400297361722e-09  -1.1494331041760440e-08
+24   +3.2545883691928971e-09  +1.0973255633308909e-08
+25   -3.2777610933569071e-09  -1.0493802210106189e-08
+26   +3.2979009660337917e-09  +1.0051005118824990e-08
+27   -3.3155166376747197e-09  -9.6406585879328415e-09
+28   +3.3310145526890842e-09  +9.2591769667797456e-09
+29   -3.3447225299630874e-09  -8.9034842218437448e-09
+30   +3.3569072947891519e-09  +8.5709269012844255e-09

