-30   -1.1907567212298083e-09  +1.7733995648201977e-09
-29   +1.2174077605899479e-09  -1.8356344399482345e-09
-28   -1.2467829792405261e-09  +1.9014400394722664e-09
-27   +1.2792578785891993e-09  -1.9711253199739337e-09
-26   -1.3152733802693860e-09  +2.0450306652789430e-09
-25   +1.3553497251406449e-09  -2.1235306243643136e-09
-24   -1.4001035605426140e-09  +2.2070364418644247e-09
-23   +1.4502696425133468e-09  -2.2959980901387859e-09
-22   -1.5067275499334569e-09  +2.3909052457255071e-09
-21   +1.5705365216610571e-09  -2.4922861095487801e-09
-20   -1.6429782729219675e-09  +2.6007034926997429e-09
-19   +1.7256128405807979e-09  -2.7167450555248855e-09
-18   -1.8203492004255255e-09  +2.8410051999230673e-09
-17   +1.9295358760139732e-09  -2.9740529522515776e-09
-16   -2.0560766273587861e-09  +3.1163779817835148e-09
-15   +2.2035775251395987e-09  -3.2683013954354557e-09
-14   -2.3765319135816345e-09  +3.4298316742042047e-09
-13   +2.5805467299882973e-09  -3.6004315060041970e-09
-12   -2.8226512934069561e-09  +3.7786873955413128e-09
-11   +3.1114217982943699e-09  -3.9615269395359700e-09
-10   -3.4649210164180185e-09  +4.1486785219010159e-09
 -9   +3.8780290286090732e-09  -4.3129737324949080e-09
 -8   -5.8371587772576060e-09  +5.0418034742860840e-09
 -7   +5.4854039283334156e-09  -3.9791187158635807e-09
 -6   -3.0259438475312339e-07  +1.9609646168326253e-08
 -5   +3.0497001125552691e-08  +1.0056761882365200e-07
 -4   -5.2815672257053425e-05  -2.8862610987060254e-05
 -3   -9.5155625259241378e-06  +8.7743877845832897e-06
 -2   -9.8399473507705692e-04  -1.1651847398689326e-02
 -1   -3.4424032397278566e-05  -8.7419448220533047e-04
 +0   +1.3340230349310558e+00  +0.0000000000000000e+00
 +1   -3.4424032397278566e-05  +8.7419448220533047e-04
 +2   -9.8399473507705692e-04  +1.1651847398689326e-02
 +3   -9.5155625259241378e-06  -8.7743877845832897e-06
 +4   -5.2815672257053425e-05  +2.8862610987060254e-05
 +5   +3.0497001125552691e-08  -1.0056761882365200e-07
 +6   -3.0259438475312339e-07  -1.9609646168326253e-08
 +7   +5.4854039283334156e-09  +3.9791187158635807e-09
 +8   -5.8371587772576060e-09  -5.0418034742860840e-09
 +9   +3.8780290286090732e-09  +4.3129737324949080e-09
+10   -3.4649210164180185e-09  -4.1486785219010159e-09
+11   +3.1114217982943699e-09  +3.9615269395359700e-09
+12   -2.8226512934069561e-09  -3.7786873955413128e-09
+13   +2.5805467299882973e-09  +3.6004315060041970e-09
+14   -2.3765319135816345e-09  -3.4298316742042047e-09
+15   +2.2035775251395987e-09  +3.2683013954354557e-09
+16   -2.0560766273587861e-09  -3.1163779817835148e-09
+17   +1.9295358760139732e-09  +2.9740529522515776e-09
+18   -1.8203492004255255e-09  -2.8410051999230673e-09
+19   +1.7256128405807979e-09  +2.7167450555248855e-09
+20   -1.6429782729219675e-09  -2.6007034926997429e-09
+21   +1.5705365216610571e-09  +2.4922861095487801e-09
+22   -1.5067275499334569e-09  -2.3909052457255071e-09
+23   +1.4502696425133468e-09  +2.2959980901387859e-09
+24   -1.4001035605426140e-09  -2.2070364418644247e-09
+25   +1.3553497251406449e-09  +2.1235306243643136e-09
+26   -1.3152733802693860e-09  -2.0450306652789430e-09
+27   +1.2792578785891993e-09  +1.9711253199739337e-09
+28   -1.2467829792405261e-09  -1.9014400394722664e-09
+29   +1.2174077605899479e-09  +1.8356344399482345e-09
+30   -1.1907567212298083e-09  -1.7733995648201977e-09

