-30   +1.2294543800840833e-10  -1.8283476008526465e-10
-29   -1.2570210014679735e-10  +1.8924723878207661e-10
-28   +1.2874041008439934e-10  -1.9602715719120794e-10
-27   -1.3209918258571865e-10  +2.0320624620537013e-10
-26   +1.3582395892211324e-10  -2.1081943464715357e-10
-25   -1.3996848717349940e-10  +2.1890515137279337e-10
-24   +1.4459647492863061e-10  -2.2750554468746977e-10
-23   -1.4978376207210367e-10  +2.3666671686321070e-10
-22   +1.5562120397390139e-10  -2.4643877370822657e-10
-21   -1.6221811098453734e-10  +2.5687570706966301e-10
-20   +1.6970676816644500e-10  -2.6803496089162266e-10
-19   -1.7824810782018339e-10  +2.7997638921269057e-10
-18   +1.8803899206895426e-10  -2.9276032838577792e-10
-17   -1.9932154563880289e-10  +3.0644423908011074e-10
-16   +2.1239493946131260e-10  -3.2107707175915345e-10
-15   -2.2763050697747136e-10  +3.3669000084406249e-10
-14   +2.4549051046410084e-10  -3.5328124080787245e-10
-13   -2.6655185200333543e-10  +3.7079282781729356e-10
-12   +2.9152220130602143e-10  -3.8905483725893243e-10
-11   -3.2134786474877241e-10  +4.0781949293178146e-10
-10   +3.5514276319475135e-10  -4.2441554721696287e-10
 -9   -4.0372472164869640e-10  +4.4502967369872166e-10
 -8   +8.3058983110777510e-11  -2.3376990261727657e-10
 -7   -9.9574210291289126e-10  +4.7456114600074233e-10
 -6   -7.0571018545136538e-08  +9.9822609223655676e-09
 -5   -4.9847164746434168e-08  -1.8470952260763773e-08
 -4   -1.1112113934461169e-05  -5.9605957232510207e-06
 -3   -2.7105980563096673e-06  -3.2550569135268192e-06
 -2   +6.5577370473537521e-05  -1.9824228105084804e-03
 -1   +2.7357342062501167e-06  -9.9048138884313790e-05
 +0   +1.3726696879955855e-01  +0.0000000000000000e+00
 +1   +2.7357342062501167e-06  +9.9048138884313790e-05
 +2   +6.5577370473537521e-05  +1.9824228105084804e-03
 +3   -2.7105980563096673e-06  +3.2550569135268192e-06
 +4   -1.1112113934461169e-05  +5.9605957232510207e-06
 +5   -4.9847164746434168e-08  +1.8470952260763773e-08
 +6   -7.0571018545136538e-08  -9.9822609223655676e-09
 +7   -9.9574210291289126e-10  -4.7456114600074233e-10
 +8   +8.3058983110777510e-11  +2.3376990261727657e-10
 +9   -4.0372472164869640e-10  -4.4502967369872166e-10
+10   +3.5514276319475135e-10  +4.2441554721696287e-10
+11   -3.2134786474877241e-10  -4.0781949293178146e-10
+12   +2.9152220130602143e-10  +3.8905483725893243e-10
+13   -2.6655185200333543e-10  -3.7079282781729356e-10
+14   +2.4549051046410084e-10  +3.5328124080787245e-10
+15   -2.2763050697747136e-10  -3.3669000084406249e-10
+16   +2.1239493946131260e-10  +3.2107707175915345e-10
+17   -1.9932154563880289e-10  -3.0644423908011074e-10
+18   +1.8803899206895426e-10  +2.9276032838577792e-10
+19   -1.7824810782018339e-10  -2.7997638921269057e-10
+20   +1.6970676816644500e-10  +2.6803496089162266e-10
+21   -1.6221811098453734e-10  -2.5687570706966301e-10
+22   +1.5562120397390139e-10  +2.4643877370822657e-10
+23   -1.4978376207210367e-10  -2.3666671686321070e-10
+24   +1.4459647492863061e-10  +2.2750554468746977e-10
+25   -1.3996848717349940e-10  -2.1890515137279337e-10
+26   +1.3582395892211324e-10  +2.1081943464715357e-10
+27   -1.3209918258571865e-10  -2.0320624620537013e-10
+28   +1.2874041008439934e-10  +1.9602715719120794e-10
+29   -1.2570210014679735e-10  -1.8924723878207661e-10
+30   +1.2294543800840833e-10  +1.8283476008526465e-10

