-30   +3.5223809786120679e-10  -5.2483769146998356e-10
-29   -3.6011775856057586e-10  +5.4325999676267848e-10
-28   +3.6880301289634068e-10  -5.6273971968481974e-10
-27   -3.7840492820901118e-10  +5.8336844887772482e-10
-26   +3.8905393591498368e-10  -6.0524705612202332e-10
-25   -4.0090392984278834e-10  +6.2848658342925459e-10
-24   +4.1413737437224526e-10  -6.5320894464599691e-10
-23   -4.2897160497414454e-10  +6.7954759902018249e-10
-22   +4.4566695882001396e-10  -7.0764775314498457e-10
-21   -4.6453680957758583e-10  +7.3766618589226645e-10
-20   +4.8596053756553236e-10  -7.6976995608473904e-10
-19   -5.1039984503004770e-10  +8.0413359306770762e-10
-18   +5.3841983572015645e-10  -8.4093379736059114e-10
-17   -5.7071580707996033e-10  +8.8033989994096210e-10
-16   +6.0814760508706107e-10  -9.2249800290420937e-10
-15   -6.5178319026182018e-10  +9.6750457592306783e-10
-14   +7.0295350214471722e-10  -1.0153637432649266e-09
-13   -7.6332003220341832e-10  +1.0659187020355397e-09
-12   +8.3494612132184649e-10  -1.1187443697480323e-09
-11   -9.2041148034419555e-10  +1.1729654977864630e-09
-10   +1.0212891466005905e-09  -1.2274453418017188e-09
 -9   -1.1446399777887121e-09  +1.2785382405450215e-09
 -8   +1.0005802884665818e-09  -1.4404713156775654e-09
 -7   -1.3359602984551667e-09  +1.4488849505338191e-09
 -6   -5.0546076330908680e-08  -3.6292524429166733e-08
 -5   +4.3491488540143920e-09  +1.8378533261345973e-08
 -4   -7.4601519435371409e-06  -1.0815781590609393e-05
 -3   -1.3981409471982193e-06  +1.1434638578490188e-06
 -2   +3.7210261126283475e-04  -2.7560242488008455e-03
 -1   +1.6347205247770783e-05  -2.4552594596446634e-04
 +0   +3.9345089825261587e-01  +0.0000000000000000e+00
 +1   +1.6347205247770783e-05  +2.4552594596446634e-04
 +2   +3.7210261126283475e-04  +2.7560242488008455e-03
 +3   -1.3981409471982193e-06  -1.1434638578490188e-06
 +4   -7.4601519435371409e-06  +1.0815781590609393e-05
 +5   +4.3491488540143920e-09  -1.8378533261345973e-08
 +6   -5.0546076330908680e-08  +3.6292524429166733e-08
 +7   -1.3359602984551667e-09  -1.4488849505338191e-09
 +8   +1.0005802884665818e-09  +1.4404713156775654e-09
 +9   -1.1446399777887121e-09  -1.2785382405450215e-09
+10   +1.0212891466005905e-09  +1.2274453418017188e-09
+11   -9.2041148034419555e-10  -1.1729654977864630e-09
+12   +8.3494612132184649e-10  +1.1187443697480323e-09
+13   -7.6332003220341832e-10  -1.0659187020355397e-09
+14   +7.0295350214471722e-10  +1.0153637432649266e-09
+15   -6.5178319026182018e-10  -9.6750457592306783e-10
+16   +6.0814760508706107e-10  +9.2249800290420937e-10
+17   -5.7071580707996033e-10  -8.8033989994096210e-10
+18   +5.3841983572015645e-10  +8.4093379736059114e-10
+19   -5.1039984503004770e-10  -8.0413359306770762e-10
+20   +4.8596053756553236e-10  +7.6976995608473904e-10
+21   -4.6453680957758583e-10  -7.3766618589226645e-10
+22   +4.4566695882001396e-10  +7.0764775314498457e-10
+23   -4.2897160497414454e-10  -6.7954759902018249e-10
+24   +4.1413737437224526e-10  +6.5320894464599691e-10
+25   -4.0090392984278834e-10  -6.2848658342925459e-10
+26   +3.8905393591498368e-10  +6.0524705612202332e-10
+27   -3.7840492820901118e-10  -5.8336844887772482e-10
+28   +3.6880301289634068e-10  +5.6273971968481974e-10
+29   -3.6011775856057586e-10  -5.4325999676267848e-10
+30   +3.5223809786120679e-10  +5.2483769146998356e-10

