-30   -1.6284828487488472e-10  +2.4250519398516403e-10
-29   +1.6649423225330121e-10  -2.5101561943190384e-10
-28   -1.7051289514409304e-10  +2.6001432546551745e-10
-27   +1.7495566240248215e-10  -2.6954354903181505e-10
-26   -1.7988287477185282e-10  +2.7964981905670302e-10
-25   +1.8536570809306615e-10  -2.9038435465707790e-10
-24   -1.9148857586340860e-10  +3.0180336196615601e-10
-23   +1.9835200878694338e-10  -3.1396834290243356e-10
-22   -2.0607639135836917e-10  +3.2694622590935902e-10
-21   +2.1480667687195797e-10  -3.4080918773952337e-10
-20   -2.2471830276661607e-10  +3.5563408560964368e-10
-19   +2.3602477518512664e-10  -3.7150118439590908e-10
-18   -2.4898736523068375e-10  +3.8849158020304206e-10
-17   +2.6392751101172131e-10  -4.0668281787156351e-10
-16   -2.8124263782264099e-10  +4.2614147207401055e-10
-15   +3.0142626326140658e-10  -4.4691090423791970e-10
-14   -3.2509341106601361e-10  +4.6899122263830849e-10
-13   +3.5301095557868534e-10  -4.9230809209119479e-10
-12   -3.8615218066312469e-10  +5.1664165896240236e-10
-11   +4.2564806780114079e-10  -5.4162712395383132e-10
-10   -4.7519254644495844e-10  +5.6380502197971368e-10
 -9   +5.2923666637856407e-10  -5.8811681087950846e-10
 -8   -8.8114383916366618e-10  +2.0816166389284492e-10
 -7   +5.5190508892025608e-10  -4.3725411100874668e-10
 -6   -3.4300272170338627e-08  -6.4295724851872589e-08
 -5   -1.9488843133791315e-08  +1.1760551006020885e-08
 -4   -2.2122621576783406e-06  -1.1293236853642432e-05
 -3   -2.0981903703192451e-06  -4.3114455095446205e-07
 -2   +7.0966803368894855e-04  -1.6526538253729590e-03
 -1   +2.1146440168383154e-05  -1.1531612579621381e-04
 +0   +1.8076931234079907e-01  +0.0000000000000000e+00
 +1   +2.1146440168383154e-05  +1.1531612579621381e-04
 +2   +7.0966803368894855e-04  +1.6526538253729590e-03
 +3   -2.0981903703192451e-06  +4.3114455095446205e-07
 +4   -2.2122621576783406e-06  +1.1293236853642432e-05
 +5   -1.9488843133791315e-08  -1.1760551006020885e-08
 +6   -3.4300272170338627e-08  +6.4295724851872589e-08
 +7   +5.5190508892025608e-10  +4.3725411100874668e-10
 +8   -8.8114383916366618e-10  -2.0816166389284492e-10
 +9   +5.2923666637856407e-10  +5.8811681087950846e-10
+10   -4.7519254644495844e-10  -5.6380502197971368e-10
+11   +4.2564806780114079e-10  +5.4162712395383132e-10
+12   -3.8615218066312469e-10  -5.1664165896240236e-10
+13   +3.5301095557868534e-10  +4.9230809209119479e-10
+14   -3.2509341106601361e-10  -4.6899122263830849e-10
+15   +3.0142626326140658e-10  +4.4691090423791970e-10
+16   -2.8124263782264099e-10  -4.2614147207401055e-10
+17   +2.6392751101172131e-10  +4.0668281787156351e-10
+18   -2.4898736523068375e-10  -3.8849158020304206e-10
+19   +2.3602477518512664e-10  +3.7150118439590908e-10
+20   -2.2471830276661607e-10  -3.5563408560964368e-10
+21   +2.1480667687195797e-10  +3.4080918773952337e-10
+22   -2.0607639135836917e-10  -3.2694622590935902e-10
+23   +1.9835200878694338e-10  +3.1396834290243356e-10
+24   -1.9148857586340860e-10  -3.0180336196615601e-10
+25   +1.8536570809306615e-10  +2.9038435465707790e-10
+26   -1.7988287477185282e-10  -2.7964981905670302e-10
+27   +1.7495566240248215e-10  +2.6954354903181505e-10
+28   -1.7051289514409304e-10  -2.6001432546551745e-10
+29   +1.6649423225330121e-10  +2.5101561943190384e-10
+30   -1.6284828487488472e-10  -2.4250519398516403e-10

