-30   +1.6806741967280690e-14  -3.6061352289452544e-14
-29   -1.6908765202933520e-14  +3.7531920004852000e-14
-28   +1.7004976507016628e-14  -3.8913979336820242e-14
-27   -1.7183341125156860e-14  +4.0510563494353705e-14
-26   +1.7336892511137302e-14  -4.2210455167615585e-14
-25   -1.7522833391674174e-14  +4.4056062522758141e-14
-24   +1.7741802487136688e-14  -4.5977457643491442e-14
-23   -1.7959811762200959e-14  +4.8204791780555009e-14
-22   +1.8262186404339316e-14  -5.0448568092828880e-14
-21   -1.8581409966318687e-14  +5.3054408309786170e-14
-20   +1.8878946608443978e-14  -5.5826389645452948e-14
-19   -1.9252046877904710e-14  +5.8910280750561782e-14
-18   +1.9744651075685579e-14  -6.2163369007259050e-14
-17   -2.0292730654025570e-14  +6.6070345665614235e-14
-16   +2.1243694133347981e-14  -7.0640378349609418e-14
-15   -2.2083125291717915e-14  +7.5577123584610439e-14
-14   +6.1088468938149758e-14  -1.1899070331067626e-13
-13   -5.8801611540672182e-14  +1.2212861877652990e-13
-12   +5.2170739120462845e-12  -5.2867053655995075e-12
-11   -3.4312357024397023e-12  +3.5074124433441846e-12
-10   +7.2142220474452131e-10  -7.2152002694560936e-10
 -9   -3.0208407323882289e-10  +3.0210471851163454e-10
 -8   +1.0383766749007070e-07  -1.0383968607119477e-07
 -7   -2.1265441898793808e-08  +2.1253912977775684e-08
 -6   +1.5768873718033374e-05  -1.5769184662953566e-05
 -5   -3.8634994439757283e-07  +3.8439592722071352e-07
 -4   +2.6256191181138074e-03  -2.6256771276855586e-03
 -3   +2.4806399280711638e-04  -2.4845012369868405e-04
 -2   +5.3254539189918215e-01  -5.3256207041569270e-01
 -1   -2.8568793558681773e-04  +2.8549174777790678e-04
 +0   -6.0318135235058745e-03  +0.0000000000000000e+00
 +1   -2.8568793558681773e-04  -2.8549174777790678e-04
 +2   +5.3254539189918215e-01  +5.3256207041569270e-01
 +3   +2.4806399280711638e-04  +2.4845012369868405e-04
 +4   +2.6256191181138074e-03  +2.6256771276855586e-03
 +5   -3.8634994439757283e-07  -3.8439592722071352e-07
 +6   +1.5768873718033374e-05  +1.5769184662953566e-05
 +7   -2.1265441898793808e-08  -2.1253912977775684e-08
 +8   +1.0383766749007070e-07  +1.0383968607119477e-07
 +9   -3.0208407323882289e-10  -3.0210471851163454e-10
+10   +7.2142220474452131e-10  +7.2152002694560936e-10
+11   -3.4312357024397023e-12  -3.5074124433441846e-12
+12   +5.2170739120462845e-12  +5.2867053655995075e-12
+13   -5.8801611540672182e-14  -1.2212861877652990e-13
+14   +6.1088468938149758e-14  +1.1899070331067626e-13
+15   -2.2083125291717915e-14  -7.5577123584610439e-14
+16   +2.1243694133347981e-14  +7.0640378349609418e-14
+17   -2.0292730654025570e-14  -6.6070345665614235e-14
+18   +1.9744651075685579e-14  +6.2163369007259050e-14
+19   -1.9252046877904710e-14  -5.8910280750561782e-14
+20   +1.8878946608443978e-14  +5.5826389645452948e-14
+21   -1.8581409966318687e-14  -5.3054408309786170e-14
+22   +1.8262186404339316e-14  +5.0448568092828880e-14
+23   -1.7959811762200959e-14  -4.8204791780555009e-14
+24   +1.7741802487136688e-14  +4.5977457643491442e-14
+25   -1.7522833391674174e-14  -4.4056062522758141e-14
+26   +1.7336892511137302e-14  +4.2210455167615585e-14
+27   -1.7183341125156860e-14  -4.0510563494353705e-14
+28   +1.7004976507016628e-14  +3.8913979336820242e-14
+29   -1.6908765202933520e-14  -3.7531920004852000e-14
+30   +1.6806741967280690e-14  +3.6061352289452544e-14

