-30   +1.1388013179594072e-15  -6.0387010426304266e-15
-29   -1.0664694257458854e-15  +6.3057209061446601e-15
-28   +9.5464154844870778e-16  -6.5276307030408716e-15
-27   -8.5329884389477362e-16  +6.8250693064338087e-15
-26   +7.3740382598475244e-16  -7.0905036661936093e-15
-25   -6.0504110893598960e-16  +7.4362627380377055e-15
-24   +4.2624213098468075e-16  -7.7542579255382961e-15
-23   -2.4926459894552045e-16  +8.1238557897388565e-15
-22   +6.1385947698995340e-17  -8.5135387129588265e-15
-21   +1.8516546988397511e-16  +8.9564872201576714e-15
-20   -4.4102653106333621e-16  -9.4346999355840719e-15
-19   +7.6013413698955831e-16  +9.9846929329178383e-15
-18   -1.0969660371682070e-15  -1.0542995149620940e-14
-17   +1.5277817785989657e-15  +1.1253227502855715e-14
-16   -2.6087349196821739e-15  -1.2551897636840722e-14
-15   +2.9000955837613822e-15  +1.3078855544750131e-14
-14   -7.1039006543912559e-14  -8.1391323187740088e-14
-13   +2.4006393712667638e-14  +3.4616349574152634e-14
-12   -8.2693778526057858e-12  -8.2800022124390604e-12
-11   +1.7332137207376287e-12  +1.7448724052672072e-12
-10   -1.0154026858299623e-09  -1.0154031884163509e-09
 -9   +1.3092092664549474e-10  +1.3103314319072425e-10
 -8   -1.2549835425856315e-07  -1.2549712994581493e-07
 -7   +6.4890722144572238e-09  +6.5018910638352204e-09
 -6   -1.5605478743418485e-05  -1.5605330938312372e-05
 -5   -2.9513147855332706e-07  -2.9351323927429382e-07
 -4   -1.9450867423067844e-03  -1.9450696767757513e-03
 -3   -1.3484641192551327e-04  -1.3464680114387765e-04
 -2   -2.3469921561664783e-01  -2.3469746553113024e-01
 -1   +1.1834861131747707e-04  +1.2462414110600117e-04
 +0   +3.5462333249877938e-03  +0.0000000000000000e+00
 +1   +1.1834861131747707e-04  -1.2462414110600117e-04
 +2   -2.3469921561664783e-01  +2.3469746553113024e-01
 +3   -1.3484641192551327e-04  +1.3464680114387765e-04
 +4   -1.9450867423067844e-03  +1.9450696767757513e-03
 +5   -2.9513147855332706e-07  +2.9351323927429382e-07
 +6   -1.5605478743418485e-05  +1.5605330938312372e-05
 +7   +6.4890722144572238e-09  -6.5018910638352204e-09
 +8   -1.2549835425856315e-07  +1.2549712994581493e-07
 +9   +1.3092092664549474e-10  -1.3103314319072425e-10
+10   -1.0154026858299623e-09  +1.0154031884163509e-09
+11   +1.7332137207376287e-12  -1.7448724052672072e-12
+12   -8.2693778526057858e-12  +8.2800022124390604e-12
+13   +2.4006393712667638e-14  -3.4616349574152634e-14
+14   -7.1039006543912559e-14  +8.1391323187740088e-14
+15   +2.9000955837613822e-15  -1.3078855544750131e-14
+16   -2.6087349196821739e-15  +1.2551897636840722e-14
+17   +1.5277817785989657e-15  -1.1253227502855715e-14
+18   -1.0969660371682070e-15  +1.0542995149620940e-14
+19   +7.6013413698955831e-16  -9.9846929329178383e-15
+20   -4.4102653106333621e-16  +9.4346999355840719e-15
+21   +1.8516546988397511e-16  -8.9564872201576714e-15
+22   +6.1385947698995340e-17  +8.5135387129588265e-15
+23   -2.4926459894552045e-16  -8.1238557897388565e-15
+24   +4.2624213098468075e-16  +7.7542579255382961e-15
+25   -6.0504110893598960e-16  -7.4362627380377055e-15
+26   +7.3740382598475244e-16  +7.0905036661936093e-15
+27   -8.5329884389477362e-16  -6.8250693064338087e-15
+28   +9.5464154844870778e-16  +6.5276307030408716e-15
+29   -1.0664694257458854e-15  -6.3057209061446601e-15
+30   +1.1388013179594072e-15  +6.0387010426304266e-15

