-30   -1.0627355249851860e-07  +3.5741906403626664e-07
-29   +1.0340874355934282e-07  -3.7078176274800709e-07
-28   -1.0023612216988378e-07  +3.8501398354770371e-07
-27   +9.6710309244512398e-08  -4.0020710826236671e-07
-26   -9.2777285815787463e-08  +4.1646549332783360e-07
-25   +8.8372353515499860e-08  -4.3390879998126801e-07
-24   -8.3417514744786181e-08  +4.5267482849158254e-07
-23   +7.7818077001135663e-08  -4.7292298203963049e-07
-22   -7.1458209473766208e-08  +4.9483852014210638e-07
-21   +6.4195069914620061e-08  -5.1863780513743715e-07
-20   -5.5850955892263657e-08  +5.4457480044886193e-07
-19   +4.6202693417967592e-08  -5.7294914554183493e-07
-18   -3.4967109007909583e-08  +6.0411621046678408e-07
-17   +2.1780870329544951e-08  -6.3849961324804998e-07
-16   -6.1721060265539672e-09  +6.7660674269646650e-07
-15   -1.2480213031298286e-08  -7.1904785354039830e-07
-14   +3.5005137254135873e-08  +7.6655882527386802e-07
-13   -6.2531716682445376e-08  -8.2003212118734159e-07
-12   +9.6604232219788854e-08  +8.8052766549517658e-07
-11   -1.3993817465450526e-07  -9.4984756884910190e-07
-10   +1.9464367408974498e-07  +1.0284388775065260e-06
 -9   -3.2679093532965679e-07  -1.1793799377005482e-06
 -8   +4.0345820897740715e-07  +1.2643605993538171e-06
 -7   -7.2673504399650072e-06  -8.1162974235064336e-06
 -6   +2.6858227048339831e-06  +3.4845418394184848e-06
 -5   -7.0356989143381882e-04  -7.0424683011654013e-04
 -4   -5.4034469625760336e-05  -5.3614688928774954e-05
 -3   -8.8149691210978487e-02  -8.8149615237999149e-02
 -2   +5.6539932516649682e-05  +5.5060976256563482e-05
 -1   +6.8450886421169929e-04  +6.9030042489780165e-04
 +0   +2.0693448415423440e-07  +0.0000000000000000e+00
 +1   +6.8450886421169929e-04  -6.9030042489780165e-04
 +2   +5.6539932516649682e-05  -5.5060976256563482e-05
 +3   -8.8149691210978487e-02  +8.8149615237999149e-02
 +4   -5.4034469625760336e-05  +5.3614688928774954e-05
 +5   -7.0356989143381882e-04  +7.0424683011654013e-04
 +6   +2.6858227048339831e-06  -3.4845418394184848e-06
 +7   -7.2673504399650072e-06  +8.1162974235064336e-06
 +8   +4.0345820897740715e-07  -1.2643605993538171e-06
 +9   -3.2679093532965679e-07  +1.1793799377005482e-06
+10   +1.9464367408974498e-07  -1.0284388775065260e-06
+11   -1.3993817465450526e-07  +9.4984756884910190e-07
+12   +9.6604232219788854e-08  -8.8052766549517658e-07
+13   -6.2531716682445376e-08  +8.2003212118734159e-07
+14   +3.5005137254135873e-08  -7.6655882527386802e-07
+15   -1.2480213031298286e-08  +7.1904785354039830e-07
+16   -6.1721060265539672e-09  -6.7660674269646650e-07
+17   +2.1780870329544951e-08  +6.3849961324804998e-07
+18   -3.4967109007909583e-08  -6.0411621046678408e-07
+19   +4.6202693417967592e-08  +5.7294914554183493e-07
+20   -5.5850955892263657e-08  -5.4457480044886193e-07
+21   +6.4195069914620061e-08  +5.1863780513743715e-07
+22   -7.1458209473766208e-08  -4.9483852014210638e-07
+23   +7.7818077001135663e-08  +4.7292298203963049e-07
+24   -8.3417514744786181e-08  -4.5267482849158254e-07
+25   +8.8372353515499860e-08  +4.3390879998126801e-07
+26   -9.2777285815787463e-08  -4.1646549332783360e-07
+27   +9.6710309244512398e-08  +4.0020710826236671e-07
+28   -1.0023612216988378e-07  -3.8501398354770371e-07
+29   +1.0340874355934282e-07  +3.7078176274800709e-07
+30   -1.0627355249851860e-07  -3.5741906403626664e-07

