-30   -1.0917336376325880e-08  +3.6835887757393919e-08
-29   +1.0619618919061027e-08  -3.8212613585500042e-08
-28   -1.0289916942050623e-08  +3.9678868604527320e-08
-27   +9.9235160123991012e-09  -4.1244052958716609e-08
-26   -9.5148044241005673e-09  +4.2918900333631352e-08
-25   +9.0570611026673639e-09  -4.4715715880395041e-08
-24   -8.5421838278246588e-09  +4.6648667183906747e-08
-23   +7.9603369688403112e-09  -4.8734138512154272e-08
-22   -7.2994898711835871e-09  +5.0991167148974481e-08
-21   +6.5448073711181508e-09  -5.3441978126283284e-08
-20   -5.6778356618423438e-09  +5.6112649632506625e-08
-19   +4.6754011512409630e-09  -5.9033934995898495e-08
-18   -3.5081039732132604e-09  +6.2242288079333763e-08
-17   +2.1382275789838292e-09  -6.5781133642209030e-08
-16   -5.1679589433563596e-10  +6.9702439299037440e-08
-15   -1.4205762654039136e-09  -7.4068690613212904e-08
-14   +3.7599930233199797e-09  +7.8954983646978852e-08
-13   -6.6109887406520081e-09  -8.4458941118844493e-08
-12   +1.0149386078089227e-08  +9.0674071846530499e-08
-11   -1.3630745131620522e-08  -9.8698995366076044e-08
-10   +1.9714327837769979e-08  +1.0634497964459470e-07
 -9   +1.0798484836339566e-07  -2.5062652668090741e-07
 -8   -4.9992689461068094e-09  +1.6791881933442816e-07
 -7   +1.9757758697224763e-05  -1.9945764881121561e-05
 -6   -1.7106129183676337e-06  +1.9300049624917549e-06
 -5   +3.0755525860705455e-03  -3.0758119313010709e-03
 -4   +2.5667312887830941e-04  -2.5634719725055446e-04
 -3   +5.1916286103833253e-01  -5.1916340544722439e-01
 -2   -2.9396640740448899e-04  +2.9782347617256200e-04
 -1   -3.4383062723848403e-03  +3.4101417960254454e-03
 +0   +3.1790682051740610e-06  +0.0000000000000000e+00
 +1   -3.4383062723848403e-03  -3.4101417960254454e-03
 +2   -2.9396640740448899e-04  -2.9782347617256200e-04
 +3   +5.1916286103833253e-01  +5.1916340544722439e-01
 +4   +2.5667312887830941e-04  +2.5634719725055446e-04
 +5   +3.0755525860705455e-03  +3.0758119313010709e-03
 +6   -1.7106129183676337e-06  -1.9300049624917549e-06
 +7   +1.9757758697224763e-05  +1.9945764881121561e-05
 +8   -4.9992689461068094e-09  -1.6791881933442816e-07
 +9   +1.0798484836339566e-07  +2.5062652668090741e-07
+10   +1.9714327837769979e-08  -1.0634497964459470e-07
+11   -1.3630745131620522e-08  +9.8698995366076044e-08
+12   +1.0149386078089227e-08  -9.0674071846530499e-08
+13   -6.6109887406520081e-09  +8.4458941118844493e-08
+14   +3.7599930233199797e-09  -7.8954983646978852e-08
+15   -1.4205762654039136e-09  +7.4068690613212904e-08
+16   -5.1679589433563596e-10  -6.9702439299037440e-08
+17   +2.1382275789838292e-09  +6.5781133642209030e-08
+18   -3.5081039732132604e-09  -6.2242288079333763e-08
+19   +4.6754011512409630e-09  +5.9033934995898495e-08
+20   -5.6778356618423438e-09  -5.6112649632506625e-08
+21   +6.5448073711181508e-09  +5.3441978126283284e-08
+22   -7.2994898711835871e-09  -5.0991167148974481e-08
+23   +7.9603369688403112e-09  +4.8734138512154272e-08
+24   -8.5421838278246588e-09  -4.6648667183906747e-08
+25   +9.0570611026673639e-09  +4.4715715880395041e-08
+26   -9.5148044241005673e-09  -4.2918900333631352e-08
+27   +9.9235160123991012e-09  +4.1244052958716609e-08
+28   -1.0289916942050623e-08  -3.9678868604527320e-08
+29   +1.0619618919061027e-08  +3.8212613585500042e-08
+30   -1.0917336376325880e-08  -3.6835887757393919e-08

