-30   -3.1471342852927285e-08  +1.0576653618432928e-07
-29   +3.0625231264586413e-08  -1.0972128056610692e-07
-28   -2.9688196247509255e-08  +1.1393342349405914e-07
-27   +2.8646831081296079e-08  -1.1843002490318664e-07
-26   -2.7485175902878641e-08  +1.2324198859960030e-07
-25   +2.6184114797152270e-08  -1.2840475294606597e-07
-24   -2.4720601375609599e-08  +1.3395913132593265e-07
-23   +2.3066654882206791e-08  -1.3995233925996544e-07
-22   -2.1188046307582527e-08  +1.4643925621447100e-07
-21   +1.9042561667892265e-08  -1.5348398211074931e-07
-20   -1.6577680737489265e-08  +1.6116176609224879e-07
-19   +1.3727438181192866e-08  -1.6956140386164233e-07
-18   -1.0408125428432371e-08  +1.7878822448031839e-07
-17   +6.5123257475436593e-09  -1.8896781095612057e-07
-16   -1.9005109240418250e-09  +2.0025061471863592e-07
-15   -3.6109046631087144e-09  -2.1281769760504723e-07
-14   +1.0267357925752900e-08  +2.2688723209733982e-07
-13   -1.8394183040167386e-08  -2.4273015398467392e-07
-12   +2.8472280218832674e-08  +2.6064161097742557e-07
-11   -4.0319972035541791e-08  -2.8182522874881030e-07
-10   +5.7318876430026007e-08  +3.0425957155075885e-07
 -9   +1.0503858117338909e-08  -4.1974181382140113e-07
 -8   +1.1090712074426294e-07  +3.5666564102795510e-07
 -7   +9.3398142824360177e-06  -9.8796368558437920e-06
 -6   +7.4147379978218437e-07  -1.1138149635989264e-07
 -5   +9.3796560197270500e-04  -9.3870854411196589e-04
 -4   +4.7465990661784628e-05  -4.6580870587069894e-05
 -3   +7.0346015695285369e-02  -7.0347088386785842e-02
 -2   -3.1700771466155957e-05  +3.3307016026215218e-05
 -1   -3.3087469440506258e-04  +3.2834577715115182e-04
 +0   -8.9952023919267815e-07  +0.0000000000000000e+00
 +1   -3.3087469440506258e-04  -3.2834577715115182e-04
 +2   -3.1700771466155957e-05  -3.3307016026215218e-05
 +3   +7.0346015695285369e-02  +7.0347088386785842e-02
 +4   +4.7465990661784628e-05  +4.6580870587069894e-05
 +5   +9.3796560197270500e-04  +9.3870854411196589e-04
 +6   +7.4147379978218437e-07  +1.1138149635989264e-07
 +7   +9.3398142824360177e-06  +9.8796368558437920e-06
 +8   +1.1090712074426294e-07  -3.5666564102795510e-07
 +9   +1.0503858117338909e-08  +4.1974181382140113e-07
+10   +5.7318876430026007e-08  -3.0425957155075885e-07
+11   -4.0319972035541791e-08  +2.8182522874881030e-07
+12   +2.8472280218832674e-08  -2.6064161097742557e-07
+13   -1.8394183040167386e-08  +2.4273015398467392e-07
+14   +1.0267357925752900e-08  -2.2688723209733982e-07
+15   -3.6109046631087144e-09  +2.1281769760504723e-07
+16   -1.9005109240418250e-09  -2.0025061471863592e-07
+17   +6.5123257475436593e-09  +1.8896781095612057e-07
+18   -1.0408125428432371e-08  -1.7878822448031839e-07
+19   +1.3727438181192866e-08  +1.6956140386164233e-07
+20   -1.6577680737489265e-08  -1.6116176609224879e-07
+21   +1.9042561667892265e-08  +1.5348398211074931e-07
+22   -2.1188046307582527e-08  -1.4643925621447100e-07
+23   +2.3066654882206791e-08  +1.3995233925996544e-07
+24   -2.4720601375609599e-08  -1.3395913132593265e-07
+25   +2.6184114797152270e-08  +1.2840475294606597e-07
+26   -2.7485175902878641e-08  -1.2324198859960030e-07
+27   +2.8646831081296079e-08  +1.1843002490318664e-07
+28   -2.9688196247509255e-08  -1.1393342349405914e-07
+29   +3.0625231264586413e-08  +1.0972128056610692e-07
+30   -3.1471342852927285e-08  -1.0576653618432928e-07

