-30   -1.4523313547028863e-08  +4.8860591779117311e-08
-29   +1.4131354727117899e-08  -5.0687387502243518e-08
-28   -1.3697274709370337e-08  +5.2633060924005377e-08
-27   +1.3214862343335376e-08  -5.4710105862643654e-08
-26   -1.2676723878925061e-08  +5.6932790398623224e-08
-25   +1.2074003199634306e-08  -5.9317475099323226e-08
-24   -1.1396023331912753e-08  +6.1883000693622759e-08
-23   +1.0629821137589189e-08  -6.4651161424762607e-08
-22   -9.7595386588728872e-09  +6.7647286890601201e-08
-21   +8.7656185629781798e-09  -7.0900958712905995e-08
-20   -7.6237285473874572e-09  +7.4446899212435806e-08
-19   +6.3033072514800980e-09  -7.8326074501405110e-08
-18   -4.7655727794892252e-09  +8.2587068371007292e-08
-17   +2.9607586026443388e-09  -8.7287792213692311e-08
-16   -8.2422617475855485e-10  +9.2497600015514709e-08
-15   -1.7292207713658128e-09  -9.8300006315319485e-08
-14   +4.8128878311773683e-09  +1.0479526160707015e-07
-13   -8.5944006467552867e-09  -1.1211815044718159e-07
-12   +1.3249272031592032e-08  +1.2037716943468603e-07
-11   -2.0664009217857246e-08  -1.3133262956045129e-07
-10   +2.6792799046194923e-08  +1.4070908082366957e-07
 -9   -2.1840279702689717e-07  -3.3486062343336985e-07
 -8   +5.9418699423519601e-08  +1.7696716350381348e-07
 -7   -2.1232169885005731e-05  -2.1348001449676133e-05
 -6   -1.6512109602181427e-07  -5.6410123691724496e-08
 -5   -2.4117699700452375e-03  -2.4118609500594305e-03
 -4   -1.5449396255222980e-04  -1.5445284517204375e-04
 -3   -2.5268961617270691e-01  -2.5268949299110316e-01
 -2   +1.3795314994954224e-04  +1.3616523457560080e-04
 -1   +2.1310146939713531e-03  +2.1422670527173901e-03
 +0   -7.1417950324151382e-06  +0.0000000000000000e+00
 +1   +2.1310146939713531e-03  -2.1422670527173901e-03
 +2   +1.3795314994954224e-04  -1.3616523457560080e-04
 +3   -2.5268961617270691e-01  +2.5268949299110316e-01
 +4   -1.5449396255222980e-04  +1.5445284517204375e-04
 +5   -2.4117699700452375e-03  +2.4118609500594305e-03
 +6   -1.6512109602181427e-07  +5.6410123691724496e-08
 +7   -2.1232169885005731e-05  +2.1348001449676133e-05
 +8   +5.9418699423519601e-08  -1.7696716350381348e-07
 +9   -2.1840279702689717e-07  +3.3486062343336985e-07
+10   +2.6792799046194923e-08  -1.4070908082366957e-07
+11   -2.0664009217857246e-08  +1.3133262956045129e-07
+12   +1.3249272031592032e-08  -1.2037716943468603e-07
+13   -8.5944006467552867e-09  +1.1211815044718159e-07
+14   +4.8128878311773683e-09  -1.0479526160707015e-07
+15   -1.7292207713658128e-09  +9.8300006315319485e-08
+16   -8.2422617475855485e-10  -9.2497600015514709e-08
+17   +2.9607586026443388e-09  +8.7287792213692311e-08
+18   -4.7655727794892252e-09  -8.2587068371007292e-08
+19   +6.3033072514800980e-09  +7.8326074501405110e-08
+20   -7.6237285473874572e-09  -7.4446899212435806e-08
+21   +8.7656185629781798e-09  +7.0900958712905995e-08
+22   -9.7595386588728872e-09  -6.7647286890601201e-08
+23   +1.0629821137589189e-08  +6.4651161424762607e-08
+24   -1.1396023331912753e-08  -6.1883000693622759e-08
+25   +1.2074003199634306e-08  +5.9317475099323226e-08
+26   -1.2676723878925061e-08  -5.6932790398623224e-08
+27   +1.3214862343335376e-08  +5.4710105862643654e-08
+28   -1.3697274709370337e-08  -5.2633060924005377e-08
+29   +1.4131354727117899e-08  +5.0687387502243518e-08
+30   -1.4523313547028863e-08  -4.8860591779117311e-08

