-30   -1.2743102432293793e-08  +5.4186019320330876e-08
-29   +1.2073438735600672e-08  -5.6190972949975708e-08
-28   -1.1330923532293615e-08  +5.8323501935301777e-08
-27   +1.0504648459287696e-08  -6.0596514274268283e-08
-26   -9.5815899655202759e-09  +6.3024630875802492e-08
-25   +8.5460995151108274e-09  -6.5624457154797027e-08
-24   -7.3792457779668409e-09  +6.8414899499769290e-08
-23   +6.0579573461314508e-09  -7.1417531691789931e-08
-22   -4.5538950688257260e-09  +7.4657014603425573e-08
-21   +2.8319523551780851e-09  -7.8161566757388111e-08
-20   -8.4824004697709179e-10  +8.1963473040688061e-08
-19   -1.4526549315872514e-09  -8.6099597836045346e-08
-18   +4.1414440095852942e-09  +9.0611826800677106e-08
-17   -7.3094015114667417e-09  -9.5547281568156113e-08
-16   +1.1075805399468221e-08  +1.0095799476859903e-07
-15   -1.5598593082909361e-08  -1.0689942900084612e-07
-14   +2.1089810824615470e-08  +1.1342661767746562e-07
-13   -2.7838236482160783e-08  -1.2058548534141776e-07
-12   +3.6242703156453977e-08  +1.2839444223511053e-07
-11   -4.6860534373904704e-08  -1.3680578139965922e-07
-10   +6.0483720328928123e-08  +1.4563137186410988e-07
 -9   -7.8192378781608583e-08  -1.5434866366503809e-07
 -8   +1.0293896025198631e-07  +1.6240106158461794e-07
 -7   -1.3261035134405665e-07  -1.6495584490546144e-07
 -6   +4.6818548019322709e-07  +1.7547686614733206e-07
 -5   -2.4067239362706092e-07  -3.2612594690102682e-08
 -4   +5.3063639159885171e-05  -2.8780024764856421e-05
 -3   +9.2667044743188127e-06  +8.7642068533585805e-06
 -2   +9.8419596365378003e-04  -1.1651894750113568e-02
 -1   +3.4287264395345670e-05  -8.7414869540890900e-04
 +0   -1.3340229258634977e+00  +0.0000000000000000e+00
 +1   +3.4287264395345670e-05  +8.7414869540890900e-04
 +2   +9.8419596365378003e-04  +1.1651894750113568e-02
 +3   +9.2667044743188127e-06  -8.7642068533585805e-06
 +4   +5.3063639159885171e-05  +2.8780024764856421e-05
 +5   -2.4067239362706092e-07  +3.2612594690102682e-08
 +6   +4.6818548019322709e-07  -1.7547686614733206e-07
 +7   -1.3261035134405665e-07  +1.6495584490546144e-07
 +8   +1.0293896025198631e-07  -1.6240106158461794e-07
 +9   -7.8192378781608583e-08  +1.5434866366503809e-07
+10   +6.0483720328928123e-08  -1.4563137186410988e-07
+11   -4.6860534373904704e-08  +1.3680578139965922e-07
+12   +3.6242703156453977e-08  -1.2839444223511053e-07
+13   -2.7838236482160783e-08  +1.2058548534141776e-07
+14   +2.1089810824615470e-08  -1.1342661767746562e-07
+15   -1.5598593082909361e-08  +1.0689942900084612e-07
+16   +1.1075805399468221e-08  -1.0095799476859903e-07
+17   -7.3094015114667417e-09  +9.5547281568156113e-08
+18   +4.1414440095852942e-09  -9.0611826800677106e-08
+19   -1.4526549315872514e-09  +8.6099597836045346e-08
+20   -8.4824004697709179e-10  -8.1963473040688061e-08
+21   +2.8319523551780851e-09  +7.8161566757388111e-08
+22   -4.5538950688257260e-09  -7.4657014603425573e-08
+23   +6.0579573461314508e-09  +7.1417531691789931e-08
+24   -7.3792457779668409e-09  -6.8414899499769290e-08
+25   +8.5460995151108274e-09  +6.5624457154797027e-08
+26   -9.5815899655202759e-09  -6.3024630875802492e-08
+27   +1.0504648459287696e-08  +6.0596514274268283e-08
+28   -1.1330923532293615e-08  -5.8323501935301777e-08
+29   +1.2073438735600672e-08  +5.6190972949975708e-08
+30   -1.2743102432293793e-08  -5.4186019320330876e-08

