-30   -9.9382714472407618e-08  +2.3851135476970056e-07
-29   +9.9482276943369881e-08  -2.4797721646255467e-07
-28   -9.9580904860077949e-08  +2.5812694134065422e-07
-27   +9.9676122051244267e-08  -2.6904252618521935e-07
-26   -9.9764395269518879e-08  +2.8081968891461022e-07
-25   +9.9840705911339479e-08  -2.9357086876685358e-07
-24   -9.9897934326951698e-08  +3.0742904555844106e-07
-23   +9.9925965676236770e-08  -3.2255264845326211e-07
-22   -9.9910376544012575e-08  +3.3913192949564896e-07
-21   +9.9830480795666191e-08  -3.5739732956923416e-07
-20   -9.9656381369512983e-08  +3.7763058738820493e-07
-19   +9.9344453349645124e-08  -4.0017967274346390e-07
-18   -9.8830305626554440e-08  +4.2547912126771949e-07
-17   +9.8017607746658962e-08  -4.5407809916529460e-07
-16   -9.6759986452928452e-08  +4.8667967147313650e-07
-15   +9.4831027264875570e-08  -5.2419649450173878e-07
-14   -9.1873327906193950e-08  +5.6783078718688423e-07
-13   +8.7309625529628879e-08  -6.1919026030989554e-07
-12   -8.0183239719056252e-08  +6.8045663708807133e-07
-11   +6.8862666309974373e-08  -7.5462790278513658e-07
-10   -5.0480230148721959e-08  +8.4584800651509163e-07
 -9   +1.9814371075489320e-08  -9.5980941335374177e-07
 -8   +3.2500155295847141e-08  +1.1037181077486353e-06
 -7   -1.2664563009590143e-07  -1.2865243195336362e-06
 -6   +2.2384362169162978e-07  +1.5008006916437524e-06
 -5   -6.4802856374940524e-07  -1.7396197386279170e-06
 -4   -1.0004615580599725e-05  +7.9014656880521761e-06
 -3   -4.5082412710059358e-06  +1.3938380736070002e-06
 -2   +6.8038150079085052e-05  +1.9838363917626571e-03
 -1   -9.3217109551778959e-08  +9.8327684820257382e-05
 +0   +1.3726989738232492e-01  +0.0000000000000000e+00
 +1   -9.3217109551778959e-08  -9.8327684820257382e-05
 +2   +6.8038150079085052e-05  -1.9838363917626571e-03
 +3   -4.5082412710059358e-06  -1.3938380736070002e-06
 +4   -1.0004615580599725e-05  -7.9014656880521761e-06
 +5   -6.4802856374940524e-07  +1.7396197386279170e-06
 +6   +2.2384362169162978e-07  -1.5008006916437524e-06
 +7   -1.2664563009590143e-07  +1.2865243195336362e-06
 +8   +3.2500155295847141e-08  -1.1037181077486353e-06
 +9   +1.9814371075489320e-08  +9.5980941335374177e-07
+10   -5.0480230148721959e-08  -8.4584800651509163e-07
+11   +6.8862666309974373e-08  +7.5462790278513658e-07
+12   -8.0183239719056252e-08  -6.8045663708807133e-07
+13   +8.7309625529628879e-08  +6.1919026030989554e-07
+14   -9.1873327906193950e-08  -5.6783078718688423e-07
+15   +9.4831027264875570e-08  +5.2419649450173878e-07
+16   -9.6759986452928452e-08  -4.8667967147313650e-07
+17   +9.8017607746658962e-08  +4.5407809916529460e-07
+18   -9.8830305626554440e-08  -4.2547912126771949e-07
+19   +9.9344453349645124e-08  +4.0017967274346390e-07
+20   -9.9656381369512983e-08  -3.7763058738820493e-07
+21   +9.9830480795666191e-08  +3.5739732956923416e-07
+22   -9.9910376544012575e-08  -3.3913192949564896e-07
+23   +9.9925965676236770e-08  +3.2255264845326211e-07
+24   -9.9897934326951698e-08  -3.0742904555844106e-07
+25   +9.9840705911339479e-08  +2.9357086876685358e-07
+26   -9.9764395269518879e-08  -2.8081968891461022e-07
+27   +9.9676122051244267e-08  +2.6904252618521935e-07
+28   -9.9580904860077949e-08  -2.5812694134065422e-07
+29   +9.9482276943369881e-08  +2.4797721646255467e-07
+30   -9.9382714472407618e-08  -2.3851135476970056e-07

