-30   -1.3554257548396196e-08  +3.2353040870010408e-08
-29   +1.3572991446994184e-08  -3.3638786800810755e-08
-28   -1.3592116932594732e-08  +3.5017624878085105e-08
-27   +1.3611365776299392e-08  -3.6500744330796033e-08
-26   -1.3630336971610176e-08  +3.8101211752658630e-08
-25   +1.3648440568704666e-08  -3.9834382578582624e-08
-24   -1.3664816169013169e-08  +4.1718425300161838e-08
-23   +1.3678213998248396e-08  -4.3774995634731936e-08
-22   -1.3686819198011731e-08  +4.6030112301152524e-08
-21   +1.3687989177990400e-08  -4.8515307306157739e-08
-20   -1.3677855392275581e-08  +5.1269154466081530e-08
-19   +1.3650710910085686e-08  -5.4339325387393055e-08
-18   -1.3598052176336244e-08  +5.7785391199828658e-08
-17   +1.3507052444357428e-08  -6.1682691822617978e-08
-16   -1.3358079926969068e-08  +6.6127753788732965e-08
-15   +1.3120571869259999e-08  -7.1245978549870841e-08
-14   -1.2746005699256590e-08  +7.7202687688851737e-08
-13   +1.2155601481914343e-08  -8.4219135676917240e-08
-12   -1.1218187626964698e-08  +9.2595776395181579e-08
-11   +9.7090881438361465e-09  -1.0274559838282012e-07
-10   -7.2331938440501832e-09  +1.1523997678004746e-07
 -9   +3.0645760496880695e-09  -1.3085915125136834e-07
 -8   +3.8562607416850509e-09  +1.5073739464790477e-07
 -7   -1.6845720739038544e-08  -1.7572310687132295e-07
 -6   -1.1995941576738690e-08  +2.4124290147039779e-07
 -5   -7.5659777131269171e-08  -2.5688411929605344e-07
 -4   -7.3108968467868135e-06  +1.1078860539891202e-05
 -3   -1.6408626120904770e-06  -1.3954908505583983e-06
 -2   +3.7243498319146541e-04  +2.7562155437358339e-03
 -1   +1.5965102765516037e-05  +2.4542847559782703e-04
 +0   +3.9345129381275623e-01  +0.0000000000000000e+00
 +1   +1.5965102765516037e-05  -2.4542847559782703e-04
 +2   +3.7243498319146541e-04  -2.7562155437358339e-03
 +3   -1.6408626120904770e-06  +1.3954908505583983e-06
 +4   -7.3108968467868135e-06  -1.1078860539891202e-05
 +5   -7.5659777131269171e-08  +2.5688411929605344e-07
 +6   -1.1995941576738690e-08  -2.4124290147039779e-07
 +7   -1.6845720739038544e-08  +1.7572310687132295e-07
 +8   +3.8562607416850509e-09  -1.5073739464790477e-07
 +9   +3.0645760496880695e-09  +1.3085915125136834e-07
+10   -7.2331938440501832e-09  -1.1523997678004746e-07
+11   +9.7090881438361465e-09  +1.0274559838282012e-07
+12   -1.1218187626964698e-08  -9.2595776395181579e-08
+13   +1.2155601481914343e-08  +8.4219135676917240e-08
+14   -1.2746005699256590e-08  -7.7202687688851737e-08
+15   +1.3120571869259999e-08  +7.1245978549870841e-08
+16   -1.3358079926969068e-08  -6.6127753788732965e-08
+17   +1.3507052444357428e-08  +6.1682691822617978e-08
+18   -1.3598052176336244e-08  -5.7785391199828658e-08
+19   +1.3650710910085686e-08  +5.4339325387393055e-08
+20   -1.3677855392275581e-08  -5.1269154466081530e-08
+21   +1.3687989177990400e-08  +4.8515307306157739e-08
+22   -1.3686819198011731e-08  -4.6030112301152524e-08
+23   +1.3678213998248396e-08  +4.3774995634731936e-08
+24   -1.3664816169013169e-08  -4.1718425300161838e-08
+25   +1.3648440568704666e-08  +3.9834382578582624e-08
+26   -1.3630336971610176e-08  -3.8101211752658630e-08
+27   +1.3611365776299392e-08  +3.6500744330796033e-08
+28   -1.3592116932594732e-08  -3.5017624878085105e-08
+29   +1.3572991446994184e-08  +3.3638786800810755e-08
+30   -1.3554257548396196e-08  -3.2353040870010408e-08

