-30   -3.7054263509354333e-08  +1.5807562065548046e-07
-29   +3.5092269088165751e-08  -1.6391967766666815e-07
-28   -3.2917073274118433e-08  +1.7013501914840046e-07
-27   +3.0496796977661786e-08  -1.7675913316215848e-07
-26   -2.7793389384275318e-08  +1.8383446827160980e-07
-25   +2.4761143582479175e-08  -1.9140921592468419e-07
-24   -2.1344781201794297e-08  +1.9953822173080648e-07
-23   +1.7476958056309051e-08  -2.0828403931751554e-07
-22   -1.3074984072709053e-08  +2.1771813424877972e-07
-21   +8.0364649479730834e-09  -2.2792223070926448e-07
-20   -2.2334469858256177e-09  +2.3898976179764460e-07
-19   -4.4955412034273876e-09  -2.5102732225828413e-07
-18   +1.2356439675871012e-08  +2.6415590050747089e-07
-17   -2.1614920369447928e-08  -2.7851143189597020e-07
-16   +3.2617942944112111e-08  +2.9424376071150619e-07
-15   -4.5824598873750993e-08  -3.1151221155293219e-07
-14   +6.1850790410957643e-08  +3.3047421553155887e-07
-13   -8.1534591703910022e-08  -3.5125990320054231e-07
-12   +1.0603230937084599e-07  +3.7391829641951823e-07
-11   -1.3695842911931883e-07  -3.9830569433704957e-07
-10   +1.7658487773107164e-07  +4.2385158548747149e-07
 -9   -2.2807584578051199e-07  -4.4909028080806611e-07
 -8   +2.9598970528599033e-07  +4.7024932065841828e-07
 -7   -3.8439252038104508e-07  -4.8110140336300957e-07
 -6   +5.3148586513172949e-07  +4.0148244617978872e-07
 -5   -6.0884290614042726e-07  -3.8806189315172687e-07
 -4   +2.9523597748286255e-06  -1.1040155902770231e-05
 -3   +1.3521604904197757e-06  -4.7410477700005946e-07
 -2   -7.0905546673759290e-04  -1.6527794119018053e-03
 -1   -2.1576457739632539e-05  -1.1519030499163811e-04
 +0   -1.8076896090660058e-01  +0.0000000000000000e+00
 +1   -2.1576457739632539e-05  +1.1519030499163811e-04
 +2   -7.0905546673759290e-04  +1.6527794119018053e-03
 +3   +1.3521604904197757e-06  +4.7410477700005946e-07
 +4   +2.9523597748286255e-06  +1.1040155902770231e-05
 +5   -6.0884290614042726e-07  +3.8806189315172687e-07
 +6   +5.3148586513172949e-07  -4.0148244617978872e-07
 +7   -3.8439252038104508e-07  +4.8110140336300957e-07
 +8   +2.9598970528599033e-07  -4.7024932065841828e-07
 +9   -2.2807584578051199e-07  +4.4909028080806611e-07
+10   +1.7658487773107164e-07  -4.2385158548747149e-07
+11   -1.3695842911931883e-07  +3.9830569433704957e-07
+12   +1.0603230937084599e-07  -3.7391829641951823e-07
+13   -8.1534591703910022e-08  +3.5125990320054231e-07
+14   +6.1850790410957643e-08  -3.3047421553155887e-07
+15   -4.5824598873750993e-08  +3.1151221155293219e-07
+16   +3.2617942944112111e-08  -2.9424376071150619e-07
+17   -2.1614920369447928e-08  +2.7851143189597020e-07
+18   +1.2356439675871012e-08  -2.6415590050747089e-07
+19   -4.4955412034273876e-09  +2.5102732225828413e-07
+20   -2.2334469858256177e-09  -2.3898976179764460e-07
+21   +8.0364649479730834e-09  +2.2792223070926448e-07
+22   -1.3074984072709053e-08  -2.1771813424877972e-07
+23   +1.7476958056309051e-08  +2.0828403931751554e-07
+24   -2.1344781201794297e-08  -1.9953822173080648e-07
+25   +2.4761143582479175e-08  +1.9140921592468419e-07
+26   -2.7793389384275318e-08  -1.8383446827160980e-07
+27   +3.0496796977661786e-08  +1.7675913316215848e-07
+28   -3.2917073274118433e-08  -1.7013501914840046e-07
+29   +3.5092269088165751e-08  +1.6391967766666815e-07
+30   -3.7054263509354333e-08  -1.5807562065548046e-07

