-30   -1.6683552895903236e-14  +3.9625316143785931e-14
-29   +1.6727737476314826e-14  -4.1222608249760712e-14
-28   -1.6737645854674253e-14  +4.2807489743029015e-14
-27   +1.6780330528640276e-14  -4.4566531575230417e-14
-26   -1.6842174134577525e-14  +4.6414395481302231e-14
-25   +1.6894891578700504e-14  -4.8509196069134696e-14
-24   -1.6881839529608117e-14  +5.0668418009385231e-14
-23   +1.6934033775858452e-14  -5.3043184718788084e-14
-22   -1.7055542481892146e-14  +5.5621886296764028e-14
-21   +1.7069999178980435e-14  -5.8477866463131086e-14
-20   -1.7177612505633682e-14  +6.1594933681020168e-14
-19   +1.7249727796863465e-14  -6.5051217701825023e-14
-18   -1.7444461063652301e-14  +6.8788000632652003e-14
-17   +1.7575525567929352e-14  -7.3229397502615767e-14
-16   -1.7419776064130077e-14  +7.8324776733398707e-14
-15   +1.7527826620710655e-14  -8.3911816208703850e-14
-14   +2.0132331367517691e-14  +1.2806824630794323e-13
-13   -1.6371586903453332e-14  -1.3209445429475687e-13
-12   +5.1729442069352292e-12  +5.2976385128056881e-12
-11   -3.3846827776819918e-12  -3.5198776409105460e-12
-10   +7.2137260554046294e-10  +7.2153410366853325e-10
 -9   -3.0203048393920386e-10  -3.0212106781362557e-10
 -8   +1.0383760860104013e-07  +1.0383970532418869e-07
 -7   -2.1265375486369990e-08  -2.1253935845581578e-08
 -6   +1.5768873641328608e-05  +1.5769184690207295e-05
 -5   -3.8634985131624770e-07  -3.8439595775735797e-07
 -4   +2.6256191179996574e-03  +2.6256771277144309e-03
 -3   +2.4806399319427197e-04  +2.4845012392240185e-04
 -2   +5.3254539189938366e-01  +5.3256207041548242e-01
 -1   -2.8568793549605526e-04  -2.8549174781723427e-04
 +0   -6.0318135236007205e-03  +0.0000000000000000e+00
 +1   -2.8568793549605526e-04  +2.8549174781723427e-04
 +2   +5.3254539189938366e-01  -5.3256207041548242e-01
 +3   +2.4806399319427197e-04  -2.4845012392240185e-04
 +4   +2.6256191179996574e-03  -2.6256771277144309e-03
 +5   -3.8634985131624770e-07  +3.8439595775735797e-07
 +6   +1.5768873641328608e-05  -1.5769184690207295e-05
 +7   -2.1265375486369990e-08  +2.1253935845581578e-08
 +8   +1.0383760860104013e-07  -1.0383970532418869e-07
 +9   -3.0203048393920386e-10  +3.0212106781362557e-10
+10   +7.2137260554046294e-10  -7.2153410366853325e-10
+11   -3.3846827776819918e-12  +3.5198776409105460e-12
+12   +5.1729442069352292e-12  -5.2976385128056881e-12
+13   -1.6371586903453332e-14  +1.3209445429475687e-13
+14   +2.0132331367517691e-14  -1.2806824630794323e-13
+15   +1.7527826620710655e-14  +8.3911816208703850e-14
+16   -1.7419776064130077e-14  -7.8324776733398707e-14
+17   +1.7575525567929352e-14  +7.3229397502615767e-14
+18   -1.7444461063652301e-14  -6.8788000632652003e-14
+19   +1.7249727796863465e-14  +6.5051217701825023e-14
+20   -1.7177612505633682e-14  -6.1594933681020168e-14
+21   +1.7069999178980435e-14  +5.8477866463131086e-14
+22   -1.7055542481892146e-14  -5.5621886296764028e-14
+23   +1.6934033775858452e-14  +5.3043184718788084e-14
+24   -1.6881839529608117e-14  -5.0668418009385231e-14
+25   +1.6894891578700504e-14  +4.8509196069134696e-14
+26   -1.6842174134577525e-14  -4.6414395481302231e-14
+27   +1.6780330528640276e-14  +4.4566531575230417e-14
+28   -1.6737645854674253e-14  -4.2807489743029015e-14
+29   +1.6727737476314826e-14  +4.1222608249760712e-14
+30   -1.6683552895903236e-14  -3.9625316143785931e-14

