-30   +4.6311724638968918e-15  -7.4794481350532063e-15
-29   -4.7266335059166629e-15  +7.8020854172328043e-15
-28   +4.8107755644733246e-15  -8.0650989955520372e-15
-27   -4.9496026356190343e-15  +8.3918076598706842e-15
-26   +5.0902644897845573e-15  -8.7377850499735294e-15
-25   -5.2509319267870626e-15  +9.1280683268896591e-15
-24   +5.4373735786916446e-15  -9.5156214469016205e-15
-23   -5.6330423444400485e-15  +9.9833440467549823e-15
-22   +5.8691250380979847e-15  -1.0411431609587507e-14
-21   -6.1388737163867201e-15  +1.0968494079529770e-14
-20   +6.4159060117491820e-15  -1.1524335559590977e-14
-19   -6.7528411122673906e-15  +1.2146944140140686e-14
-18   +7.1898265275090614e-15  -1.2775212849567601e-14
-17   -7.7034676680821105e-15  +1.3566690666640988e-14
-16   +8.8290891621317296e-15  -1.4964331523552556e-14
-15   -9.2011106663292251e-15  +1.5586011280054045e-14
-14   +7.7500830282544707e-14  -8.4018481929605890e-14
-13   -3.0613994098847164e-14  +3.7345528056775017e-14
-12   +8.2761173594423480e-12  -8.2828518169528205e-12
-11   -1.7402238729054234e-12  +1.7476929227393223e-12
-10   +1.0154100274746100e-09  -1.0154060355284037e-09
 -9   -1.3092871513169302e-10  +1.3103581692468446e-10
 -8   +1.2549836264389554e-07  -1.2549713222542083e-07
 -7   -6.4890815861447799e-09  +6.5018925680866165e-09
 -6   +1.5605478754012227e-05  -1.5605330938304379e-05
 -5   +2.9513146711531596e-07  -2.9351324337279916e-07
 -4   +1.9450867423187071e-03  -1.9450696767666018e-03
 -3   +1.3484641201986185e-04  -1.3464680127197223e-04
 -2   +2.3469921561656981e-01  -2.3469746553126050e-01
 -1   -1.1834861136459830e-04  +1.2462414110586014e-04
 +0   -3.5462333249396310e-03  +0.0000000000000000e+00
 +1   -1.1834861136459830e-04  -1.2462414110586014e-04
 +2   +2.3469921561656981e-01  +2.3469746553126050e-01
 +3   +1.3484641201986185e-04  +1.3464680127197223e-04
 +4   +1.9450867423187071e-03  +1.9450696767666018e-03
 +5   +2.9513146711531596e-07  +2.9351324337279916e-07
 +6   +1.5605478754012227e-05  +1.5605330938304379e-05
 +7   -6.4890815861447799e-09  -6.5018925680866165e-09
 +8   +1.2549836264389554e-07  +1.2549713222542083e-07
 +9   -1.3092871513169302e-10  -1.3103581692468446e-10
+10   +1.0154100274746100e-09  +1.0154060355284037e-09
+11   -1.7402238729054234e-12  -1.7476929227393223e-12
+12   +8.2761173594423480e-12  +8.2828518169528205e-12
+13   -3.0613994098847164e-14  -3.7345528056775017e-14
+14   +7.7500830282544707e-14  +8.4018481929605890e-14
+15   -9.2011106663292251e-15  -1.5586011280054045e-14
+16   +8.8290891621317296e-15  +1.4964331523552556e-14
+17   -7.7034676680821105e-15  -1.3566690666640988e-14
+18   +7.1898265275090614e-15  +1.2775212849567601e-14
+19   -6.7528411122673906e-15  -1.2146944140140686e-14
+20   +6.4159060117491820e-15  +1.1524335559590977e-14
+21   -6.1388737163867201e-15  -1.0968494079529770e-14
+22   +5.8691250380979847e-15  +1.0411431609587507e-14
+23   -5.6330423444400485e-15  -9.9833440467549823e-15
+24   +5.4373735786916446e-15  +9.5156214469016205e-15
+25   -5.2509319267870626e-15  -9.1280683268896591e-15
+26   +5.0902644897845573e-15  +8.7377850499735294e-15
+27   -4.9496026356190343e-15  -8.3918076598706842e-15
+28   +4.8107755644733246e-15  +8.0650989955520372e-15
+29   -4.7266335059166629e-15  -7.8020854172328043e-15
+30   +4.6311724638968918e-15  +7.4794481350532063e-15

