-30   -9.3512712943857006e-16  +2.0727773070922400e-15
-29   +9.4360168099226424e-16  -2.1896273062446617e-15
-28   -9.9942848792716762e-16  +2.2910657946329426e-15
-27   +9.7628941087497714e-16  -2.3487508045125916e-15
-26   -1.0347966446385885e-15  +2.4461756291179682e-15
-25   +1.0506473083389432e-15  -2.5196430785145653e-15
-24   -1.0436339942424831e-15  +2.6983359349446834e-15
-23   +1.0238570763911436e-15  -2.8057011205049266e-15
-22   -1.0117133274999213e-15  +2.9364008841194147e-15
-21   +1.0597449880376147e-15  -3.0363218089554185e-15
-20   -1.0795542716105942e-15  +3.2634479835368734e-15
-19   +1.0840861195925087e-15  -3.3812676440513804e-15
-18   -1.1321231852393680e-15  +3.5641832479077086e-15
-17   +1.1106642874787161e-15  -3.7673289344766608e-15
-16   -1.1582118024681052e-15  +4.0037269617802191e-15
-15   +1.1739507594894154e-15  -4.3211761843795511e-15
-14   -1.2271564099677923e-15  +4.5481646018542508e-15
-13   +1.5117417016445425e-15  -4.8589437300245148e-15
-12   -1.4071111715042707e-15  +5.2009584537355817e-15
-11   +2.6616978044114931e-14  -5.6175145760938464e-15
-10   -7.1981470872243513e-15  +6.1452746583297232e-15
 -9   +2.8063015558808781e-12  -6.6385969827734314e-15
 -8   -5.4305383240317559e-13  +7.2343711106471151e-15
 -7   +3.0543108313970676e-10  -7.9483647017320131e-15
 -6   -4.8852325060877936e-11  +8.7396401277186609e-15
 -5   +3.1658790089304972e-08  -9.5856002390292879e-15
 -4   -3.8772518752529826e-09  +1.0269122168816184e-14
 -3   +2.8275013389757125e-06  -1.0531539630825028e-14
 -2   +1.1418561426779528e-09  +9.5199889466621612e-15
 -1   +3.8406699390943002e-07  -6.0470275128261206e-15
 +0   -5.6254004523507319e+00  +0.0000000000000000e+00
 +1   +3.8406699390943002e-07  +6.0470275128261206e-15
 +2   +1.1418561426779528e-09  -9.5199889466621612e-15
 +3   +2.8275013389757125e-06  +1.0531539630825028e-14
 +4   -3.8772518752529826e-09  -1.0269122168816184e-14
 +5   +3.1658790089304972e-08  +9.5856002390292879e-15
 +6   -4.8852325060877936e-11  -8.7396401277186609e-15
 +7   +3.0543108313970676e-10  +7.9483647017320131e-15
 +8   -5.4305383240317559e-13  -7.2343711106471151e-15
 +9   +2.8063015558808781e-12  +6.6385969827734314e-15
+10   -7.1981470872243513e-15  -6.1452746583297232e-15
+11   +2.6616978044114931e-14  +5.6175145760938464e-15
+12   -1.4071111715042707e-15  -5.2009584537355817e-15
+13   +1.5117417016445425e-15  +4.8589437300245148e-15
+14   -1.2271564099677923e-15  -4.5481646018542508e-15
+15   +1.1739507594894154e-15  +4.3211761843795511e-15
+16   -1.1582118024681052e-15  -4.0037269617802191e-15
+17   +1.1106642874787161e-15  +3.7673289344766608e-15
+18   -1.1321231852393680e-15  -3.5641832479077086e-15
+19   +1.0840861195925087e-15  +3.3812676440513804e-15
+20   -1.0795542716105942e-15  -3.2634479835368734e-15
+21   +1.0597449880376147e-15  +3.0363218089554185e-15
+22   -1.0117133274999213e-15  -2.9364008841194147e-15
+23   +1.0238570763911436e-15  +2.8057011205049266e-15
+24   -1.0436339942424831e-15  -2.6983359349446834e-15
+25   +1.0506473083389432e-15  +2.5196430785145653e-15
+26   -1.0347966446385885e-15  -2.4461756291179682e-15
+27   +9.7628941087497714e-16  +2.3487508045125916e-15
+28   -9.9942848792716762e-16  -2.2910657946329426e-15
+29   +9.4360168099226424e-16  +2.1896273062446617e-15
+30   -9.3512712943857006e-16  -2.0727773070922400e-15

