-30   +2.4886832667347054e-16  -3.1756836390197474e-16
-29   -2.5665937295346158e-16  +3.2893350290459730e-16
-28   +2.6528888132785921e-16  -3.4155527653391561e-16
-27   -2.7447327799845311e-16  +3.5499749480099836e-16
-26   +2.8488274142188580e-16  -3.6955898614077148e-16
-25   -2.9695148001991376e-16  +3.8471157282847626e-16
-24   +3.0974702788169281e-16  -4.0140751602348047e-16
-23   -3.2424150583368689e-16  +4.1994521042782814e-16
-22   +3.4162869114347275e-16  -4.3961857913283518e-16
-21   -3.6173203078817671e-16  +4.6064135592751413e-16
-20   +3.8353359135730050e-16  -4.8222412285426710e-16
-19   -4.0887387810261126e-16  +5.0768090727461143e-16
-18   +4.3872907024807097e-16  -5.3724213114099987e-16
-17   -4.7354930679248347e-16  +5.6812540282398583e-16
-16   +5.1486944978831512e-16  -6.0087991298327101e-16
-15   -5.6469633424027277e-16  +6.3383339014079517e-16
-14   +6.2463079629683734e-16  -6.7755862753601117e-16
-13   -6.9866277705753737e-16  +3.2634181163467916e-16
-12   +7.9039959142421545e-16  -6.4123798565790350e-16
-11   -9.0377107868526498e-16  -4.6558582531136900e-14
-10   +1.0498781322872114e-15  +1.2584118594043848e-14
 -9   -1.2357627665026470e-15  -5.5434970205656449e-12
 -8   +1.4838160290731977e-15  +1.2061055548728960e-12
 -7   -1.8276689266646612e-15  -6.4405450057300792e-10
 -6   +2.3038522213651247e-15  +9.6696344673790226e-11
 -5   -2.9704646606671563e-15  -7.3280007156484616e-08
 -4   +3.9840242721746430e-15  +5.9664812086159784e-09
 -3   -5.4227469042942675e-15  -7.6421465100100640e-06
 -2   +7.2095216713476262e-15  -1.8072935058323064e-08
 -1   -9.0166427554985222e-15  +9.3978462555739555e-07
 +0   +9.8516850277848737e-15  +0.0000000000000000e+00
 +1   -9.0166427554985222e-15  -9.3978462555739555e-07
 +2   +7.2095216713476262e-15  +1.8072935058323064e-08
 +3   -5.4227469042942675e-15  +7.6421465100100640e-06
 +4   +3.9840242721746430e-15  -5.9664812086159784e-09
 +5   -2.9704646606671563e-15  +7.3280007156484616e-08
 +6   +2.3038522213651247e-15  -9.6696344673790226e-11
 +7   -1.8276689266646612e-15  +6.4405450057300792e-10
 +8   +1.4838160290731977e-15  -1.2061055548728960e-12
 +9   -1.2357627665026470e-15  +5.5434970205656449e-12
+10   +1.0498781322872114e-15  -1.2584118594043848e-14
+11   -9.0377107868526498e-16  +4.6558582531136900e-14
+12   +7.9039959142421545e-16  +6.4123798565790350e-16
+13   -6.9866277705753737e-16  -3.2634181163467916e-16
+14   +6.2463079629683734e-16  +6.7755862753601117e-16
+15   -5.6469633424027277e-16  -6.3383339014079517e-16
+16   +5.1486944978831512e-16  +6.0087991298327101e-16
+17   -4.7354930679248347e-16  -5.6812540282398583e-16
+18   +4.3872907024807097e-16  +5.3724213114099987e-16
+19   -4.0887387810261126e-16  -5.0768090727461143e-16
+20   +3.8353359135730050e-16  +4.8222412285426710e-16
+21   -3.6173203078817671e-16  -4.6064135592751413e-16
+22   +3.4162869114347275e-16  +4.3961857913283518e-16
+23   -3.2424150583368689e-16  -4.1994521042782814e-16
+24   +3.0974702788169281e-16  +4.0140751602348047e-16
+25   -2.9695148001991376e-16  -3.8471157282847626e-16
+26   +2.8488274142188580e-16  +3.6955898614077148e-16
+27   -2.7447327799845311e-16  -3.5499749480099836e-16
+28   +2.6528888132785921e-16  +3.4155527653391561e-16
+29   -2.5665937295346158e-16  -3.2893350290459730e-16
+30   +2.4886832667347054e-16  +3.1756836390197474e-16

