-30   -2.7101370424510670e-17  +6.5811720566132933e-17
-29   +3.0521276958805026e-17  -6.9436446886780712e-17
-28   -3.1084414854887241e-17  +7.3145610327613162e-17
-27   +3.0354673191257505e-17  -7.4370140649120667e-17
-26   -3.3059729852343697e-17  +7.6820666814439296e-17
-25   +3.4541232592954102e-17  -8.1927300622943698e-17
-24   -3.3534529911450022e-17  +8.4471933013694751e-17
-23   +3.2195584247280262e-17  -8.7966005469700424e-17
-22   -3.1417036020831591e-17  +9.3528696589352038e-17
-21   +3.2215843443563831e-17  -9.6763384411779198e-17
-20   -3.4413354039296409e-17  +1.0080966082928404e-16
-19   +3.3887182488047453e-17  -1.0661943735160630e-16
-18   -3.4035478268427129e-17  +1.1233564136966979e-16
-17   +3.5102381882972224e-17  -1.1978305867575728e-16
-16   -3.8407844956420511e-17  +1.2677499587099059e-16
-15   +3.8748854340373515e-17  -1.3522494573308992e-16
-14   -3.8448514557026557e-17  +1.4357273578909215e-16
-13   +4.7936415741837185e-17  -1.5335767380672106e-16
-12   -4.3895627267556409e-17  +1.6473509981071947e-16
-11   +8.4040932068534866e-16  -1.7773413785595785e-16
-10   -1.6865217476036333e-16  +1.9053305107757587e-16
 -9   +8.8670538541855562e-14  -2.0888637092564792e-16
 -8   -1.3009925913889318e-14  +2.2848264289933735e-16
 -7   +9.6513864109864910e-12  -2.5163228805870496e-16
 -6   -1.3350552578075890e-12  +2.7663060157120662e-16
 -5   +1.0004324825735455e-09  -3.0165923701278106e-16
 -4   -1.2255049773122058e-10  +3.2570449178860492e-16
 -3   +8.9350282718308351e-08  -3.3353293250369047e-16
 -2   +3.6136869436622995e-11  +3.0045022187754288e-16
 -1   +1.2136685009810920e-08  -1.9172415386679007e-16
 +0   +1.7776512240666581e-01  +0.0000000000000000e+00
 +1   +1.2136685009810920e-08  +1.9172415386679007e-16
 +2   +3.6136869436622995e-11  -3.0045022187754288e-16
 +3   +8.9350282718308351e-08  +3.3353293250369047e-16
 +4   -1.2255049773122058e-10  -3.2570449178860492e-16
 +5   +1.0004324825735455e-09  +3.0165923701278106e-16
 +6   -1.3350552578075890e-12  -2.7663060157120662e-16
 +7   +9.6513864109864910e-12  +2.5163228805870496e-16
 +8   -1.3009925913889318e-14  -2.2848264289933735e-16
 +9   +8.8670538541855562e-14  +2.0888637092564792e-16
+10   -1.6865217476036333e-16  -1.9053305107757587e-16
+11   +8.4040932068534866e-16  +1.7773413785595785e-16
+12   -4.3895627267556409e-17  -1.6473509981071947e-16
+13   +4.7936415741837185e-17  +1.5335767380672106e-16
+14   -3.8448514557026557e-17  -1.4357273578909215e-16
+15   +3.8748854340373515e-17  +1.3522494573308992e-16
+16   -3.8407844956420511e-17  -1.2677499587099059e-16
+17   +3.5102381882972224e-17  +1.1978305867575728e-16
+18   -3.4035478268427129e-17  -1.1233564136966979e-16
+19   +3.3887182488047453e-17  +1.0661943735160630e-16
+20   -3.4413354039296409e-17  -1.0080966082928404e-16
+21   +3.2215843443563831e-17  +9.6763384411779198e-17
+22   -3.1417036020831591e-17  -9.3528696589352038e-17
+23   +3.2195584247280262e-17  +8.7966005469700424e-17
+24   -3.3534529911450022e-17  -8.4471933013694751e-17
+25   +3.4541232592954102e-17  +8.1927300622943698e-17
+26   -3.3059729852343697e-17  -7.6820666814439296e-17
+27   +3.0354673191257505e-17  +7.4370140649120667e-17
+28   -3.1084414854887241e-17  -7.3145610327613162e-17
+29   +3.0521276958805026e-17  +6.9436446886780712e-17
+30   -2.7101370424510670e-17  -6.5811720566132933e-17

