-30   -9.6398918985880678e-16  +2.1085148468696926e-15
-29   +9.7874390990249885e-16  -2.1861086936600000e-15
-28   -9.7387817822569986e-16  +2.2783548956130959e-15
-27   +9.8505056585430836e-16  -2.3619571809677067e-15
-26   -9.8830795389057763e-16  +2.4601766430670785e-15
-25   +1.0061915028498005e-15  -2.5565904824832374e-15
-24   -1.0102641439866971e-15  +2.6745990492582521e-15
-23   +1.0140395737846534e-15  -2.7945187665560346e-15
-22   -1.0346922721038808e-15  +2.9252314639583645e-15
-21   +1.0463624255459527e-15  -3.0645431761232205e-15
-20   -1.0667345203680372e-15  +3.2264405493827017e-15
-19   +1.0775657802716212e-15  -3.3887814242129471e-15
-18   -1.1008494960007793e-15  +3.5689602965503778e-15
-17   +1.1238117864463708e-15  -3.7750827680572605e-15
-16   -1.1550102611062143e-15  +3.9972442958872597e-15
-15   +1.1956524661313683e-15  -4.2462036105481956e-15
-14   -1.2351144629847996e-15  +4.5335314116429510e-15
-13   +1.5063179044651746e-15  -4.8534372909366034e-15
-12   -1.4068058022527984e-15  +5.2115376813976090e-15
-11   +2.6594098495889840e-14  -5.6169743849442838e-15
-10   -7.2668352600104544e-15  +6.1071846503676052e-15
 -9   +2.8062957668041780e-12  -6.6315572329230812e-15
 -8   -5.4306934955788151e-13  +7.2465603697883643e-15
 -7   +3.0543108944236130e-10  -7.9588266359161852e-15
 -6   -4.8852344767645878e-11  +8.7383582630606444e-15
 -5   +3.1658790071312629e-08  -9.5398624093768227e-15
 -4   -3.8772518889664031e-09  +1.0287597835119731e-14
 -3   +2.8275013389476821e-06  -1.0529104694662186e-14
 -2   +1.1418561436891316e-09  +9.5269347167095345e-15
 -1   +3.8406699388924364e-07  -6.0497523251833618e-15
 +0   +9.9999999639842918e-01  +0.0000000000000000e+00
 +1   +3.8406699388924364e-07  +6.0497523251833618e-15
 +2   +1.1418561436891316e-09  -9.5269347167095345e-15
 +3   +2.8275013389476821e-06  +1.0529104694662186e-14
 +4   -3.8772518889664031e-09  -1.0287597835119731e-14
 +5   +3.1658790071312629e-08  +9.5398624093768227e-15
 +6   -4.8852344767645878e-11  -8.7383582630606444e-15
 +7   +3.0543108944236130e-10  +7.9588266359161852e-15
 +8   -5.4306934955788151e-13  -7.2465603697883643e-15
 +9   +2.8062957668041780e-12  +6.6315572329230812e-15
+10   -7.2668352600104544e-15  -6.1071846503676052e-15
+11   +2.6594098495889840e-14  +5.6169743849442838e-15
+12   -1.4068058022527984e-15  -5.2115376813976090e-15
+13   +1.5063179044651746e-15  +4.8534372909366034e-15
+14   -1.2351144629847996e-15  -4.5335314116429510e-15
+15   +1.1956524661313683e-15  +4.2462036105481956e-15
+16   -1.1550102611062143e-15  -3.9972442958872597e-15
+17   +1.1238117864463708e-15  +3.7750827680572605e-15
+18   -1.1008494960007793e-15  -3.5689602965503778e-15
+19   +1.0775657802716212e-15  +3.3887814242129471e-15
+20   -1.0667345203680372e-15  -3.2264405493827017e-15
+21   +1.0463624255459527e-15  +3.0645431761232205e-15
+22   -1.0346922721038808e-15  -2.9252314639583645e-15
+23   +1.0140395737846534e-15  +2.7945187665560346e-15
+24   -1.0102641439866971e-15  -2.6745990492582521e-15
+25   +1.0061915028498005e-15  +2.5565904824832374e-15
+26   -9.8830795389057763e-16  -2.4601766430670785e-15
+27   +9.8505056585430836e-16  +2.3619571809677067e-15
+28   -9.7387817822569986e-16  -2.2783548956130959e-15
+29   +9.7874390990249885e-16  +2.1861086936600000e-15
+30   -9.6398918985880678e-16  -2.1085148468696926e-15

