-30   +9.8402580504942145e-16  -2.1063470015678036e-15
-29   -9.8680876664421862e-16  +2.1901008333592132e-15
-28   +9.6598766769470918e-16  -2.2832933853473436e-15
-27   -9.9141433131127031e-16  +2.3607041127272329e-15
-26   +9.8671235458499841e-16  -2.4598454137232459e-15
-25   -1.0099886970720306e-15  +2.5720371097628120e-15
-24   +1.0085110397806942e-15  -2.6730592174675919e-15
-23   -1.0300306891212677e-15  +2.7926071899513761e-15
-22   +1.0339841127073650e-15  -2.9206978569218970e-15
-21   -1.0406878479231016e-15  +3.0582728467055746e-15
-20   +1.0391117954638113e-15  -3.2042360888901986e-15
-19   -1.0813872963357230e-15  +3.3816931689487424e-15
-18   +1.1084636803086085e-15  -3.5672755688043975e-15
-17   -1.1192216584944712e-15  +3.7745532154591375e-15
-16   +1.1528362185375705e-15  -3.9902801591612119e-15
-15   -1.2144961752375828e-15  +4.2583742554846728e-15
-14   +1.2436423581672462e-15  -4.5431446791136515e-15
-13   -1.5067253765941658e-15  +4.8578452002013693e-15
-12   +1.5286182701638828e-15  -5.2054718054994083e-15
-11   -2.6634976349581510e-14  +5.6187131765787974e-15
-10   +1.7584920615252256e-14  -6.1012376807962669e-15
 -9   -2.8082498673335647e-12  +6.6357275097821394e-15
 -8   +1.2817772482745683e-12  -7.2472789435635039e-15
 -7   -3.0549715242783031e-10  +7.9585068944052018e-15
 -6   +8.6004457726068595e-11  -8.7360652745365474e-15
 -5   -3.1658643322180325e-08  +9.5601629111957220e-15
 -4   +3.8723319947166318e-09  -1.0289753233455777e-14
 -3   -2.8275013846169220e-06  +1.0528397118631088e-14
 -2   -1.1322940891973294e-09  -9.5310073727223763e-15
 -1   -3.8406708654907549e-07  +6.0487806636904825e-15
 +0   +1.0000000035585661e+00  +0.0000000000000000e+00
 +1   -3.8406708654907549e-07  -6.0487806636904825e-15
 +2   -1.1322940891973294e-09  +9.5310073727223763e-15
 +3   -2.8275013846169220e-06  -1.0528397118631088e-14
 +4   +3.8723319947166318e-09  +1.0289753233455777e-14
 +5   -3.1658643322180325e-08  -9.5601629111957220e-15
 +6   +8.6004457726068595e-11  +8.7360652745365474e-15
 +7   -3.0549715242783031e-10  -7.9585068944052018e-15
 +8   +1.2817772482745683e-12  +7.2472789435635039e-15
 +9   -2.8082498673335647e-12  -6.6357275097821394e-15
+10   +1.7584920615252256e-14  +6.1012376807962669e-15
+11   -2.6634976349581510e-14  -5.6187131765787974e-15
+12   +1.5286182701638828e-15  +5.2054718054994083e-15
+13   -1.5067253765941658e-15  -4.8578452002013693e-15
+14   +1.2436423581672462e-15  +4.5431446791136515e-15
+15   -1.2144961752375828e-15  -4.2583742554846728e-15
+16   +1.1528362185375705e-15  +3.9902801591612119e-15
+17   -1.1192216584944712e-15  -3.7745532154591375e-15
+18   +1.1084636803086085e-15  +3.5672755688043975e-15
+19   -1.0813872963357230e-15  -3.3816931689487424e-15
+20   +1.0391117954638113e-15  +3.2042360888901986e-15
+21   -1.0406878479231016e-15  -3.0582728467055746e-15
+22   +1.0339841127073650e-15  +2.9206978569218970e-15
+23   -1.0300306891212677e-15  -2.7926071899513761e-15
+24   +1.0085110397806942e-15  +2.6730592174675919e-15
+25   -1.0099886970720306e-15  -2.5720371097628120e-15
+26   +9.8671235458499841e-16  +2.4598454137232459e-15
+27   -9.9141433131127031e-16  -2.3607041127272329e-15
+28   +9.6598766769470918e-16  +2.2832933853473436e-15
+29   -9.8680876664421862e-16  -2.1901008333592132e-15
+30   +9.8402580504942145e-16  +2.1063470015678036e-15

