-30   -3.4872866680892753e-14  -2.1359806648221224e-14
-29   +2.9106013126775722e-14  -2.4496865914407455e-14
-28   +2.3785385264747765e-14  +2.7068896951444777e-15
-27   +1.8289704351260970e-14  +1.4436366308346988e-14
-26   -1.9580854343208087e-14  +7.9233821838479130e-15
-25   +4.9090468812780487e-15  -5.7642727101008523e-15
-24   +2.5282535283612139e-14  +3.0329263735894931e-14
-23   -1.7767951580975315e-14  -2.0313808873843060e-14
-22   +1.7212054261112943e-14  -2.5914575496997321e-14
-21   +8.8954385197549654e-14  -2.1242715625196728e-15
-20   -3.6241015074344314e-14  -1.1426369546498782e-14
-19   +1.0656997058303215e-14  +3.0252373637279003e-14
-18   -1.9968809964727708e-14  +2.4458448621914299e-14
-17   +6.3831382035192002e-14  -3.3372545641438349e-14
-16   -2.3196231106328954e-14  +7.7331124442967357e-14
-15   -4.6984342693887378e-12  -3.3657513652433595e-14
-14   +1.3211617109463353e-12  -2.3077934650884852e-14
-13   -5.3812886471447255e-10  -9.8990250096492941e-15
-12   +1.1738939628927582e-10  +1.7627316861569890e-14
-11   -6.2517497402100271e-08  +4.0150156856623869e-14
-10   +1.0051931643327147e-08  -3.6003659385991589e-16
 -9   -7.2562465923216994e-06  -1.2984079902613060e-13
 -8   +7.5494071320896329e-07  -2.0820098267650492e-15
 -7   -8.4107289358822815e-04  +1.6377330131013053e-14
 -6   +4.0561798206769968e-05  +2.1932447811012418e-14
 -5   -9.7272788853006303e-02  +3.2511030904440003e-15
 -4   -5.2170035354366228e-04  +9.0889641861450365e-15
 -3   -1.1206557500561432e+01  -2.7860608173140994e-15
 -2   -5.7538628086518340e-01  +1.7518633773727303e-16
 -1   -1.2871955934734810e+03  +6.1302158938067841e-14
 +0   -5.1265655899352867e+00  +0.0000000000000000e+00
 +1   -1.2871955934734810e+03  -6.1302158938067841e-14
 +2   -5.7538628086518340e-01  -1.7518633773727303e-16
 +3   -1.1206557500561432e+01  +2.7860608173140994e-15
 +4   -5.2170035354366228e-04  -9.0889641861450365e-15
 +5   -9.7272788853006303e-02  -3.2511030904440003e-15
 +6   +4.0561798206769968e-05  -2.1932447811012418e-14
 +7   -8.4107289358822815e-04  -1.6377330131013053e-14
 +8   +7.5494071320896329e-07  +2.0820098267650492e-15
 +9   -7.2562465923216994e-06  +1.2984079902613060e-13
+10   +1.0051931643327147e-08  +3.6003659385991589e-16
+11   -6.2517497402100271e-08  -4.0150156856623869e-14
+12   +1.1738939628927582e-10  -1.7627316861569890e-14
+13   -5.3812886471447255e-10  +9.8990250096492941e-15
+14   +1.3211617109463353e-12  +2.3077934650884852e-14
+15   -4.6984342693887378e-12  +3.3657513652433595e-14
+16   -2.3196231106328954e-14  -7.7331124442967357e-14
+17   +6.3831382035192002e-14  +3.3372545641438349e-14
+18   -1.9968809964727708e-14  -2.4458448621914299e-14
+19   +1.0656997058303215e-14  -3.0252373637279003e-14
+20   -3.6241015074344314e-14  +1.1426369546498782e-14
+21   +8.8954385197549654e-14  +2.1242715625196728e-15
+22   +1.7212054261112943e-14  +2.5914575496997321e-14
+23   -1.7767951580975315e-14  +2.0313808873843060e-14
+24   +2.5282535283612139e-14  -3.0329263735894931e-14
+25   +4.9090468812780487e-15  +5.7642727101008523e-15
+26   -1.9580854343208087e-14  -7.9233821838479130e-15
+27   +1.8289704351260970e-14  -1.4436366308346988e-14
+28   +2.3785385264747765e-14  -2.7068896951444777e-15
+29   +2.9106013126775722e-14  +2.4496865914407455e-14
+30   -3.4872866680892753e-14  +2.1359806648221224e-14

