-30   +1.6183633978426947e-14  -1.8783006247936662e-14
-29   +4.7339870569608232e-14  +1.8338209312827369e-14
-28   +1.5443372742306705e-14  -3.5220663242909124e-14
-27   +1.9505417185476195e-14  -1.3443776579867922e-14
-26   +1.9543792474404774e-14  -2.0624381263414308e-14
-25   +2.3086891172393703e-14  -2.5647454798789632e-14
-24   +2.5301849629058226e-14  +5.7107969317810383e-15
-23   +2.0868196011220887e-14  +2.8702020712283214e-14
-22   +4.9996198887502154e-15  -4.5900631912960885e-16
-21   -4.7017786594137936e-14  -1.5125118818741227e-14
-20   -2.7758112692308343e-14  -2.3382544990810285e-14
-19   +2.5352323276502922e-14  +2.6554317863334323e-14
-18   -2.1082712170482060e-14  -4.5685503313277740e-15
-17   +2.5458313968176869e-15  -4.5636128663699696e-14
-16   +3.1633550607156494e-14  +1.2530596038927441e-14
-15   -5.3381068206029294e-14  +4.5816196353544221e-12
-14   +5.5506693717408513e-14  -1.2455597016574163e-12
-13   -7.3459174904344355e-14  +5.3819024926242699e-10
-12   +2.3860453573549613e-14  -1.1742286697194666e-10
-11   -3.4320918005736157e-15  +6.2526037533591134e-08
-10   +5.8378551684002246e-14  -1.0054904435254792e-08
 -9   +8.1080781486853429e-15  +7.2575665203895618e-06
 -8   +4.8112756002246435e-14  -7.5530082498773890e-07
 -7   -4.5280815060030285e-14  +8.4129167704496478e-04
 -6   +4.0010626432439960e-14  -4.0608682556585621e-05
 -5   -1.3605783166781293e-14  +9.7313234487495626e-02
 -4   -1.0942825953389061e-14  +5.1542456522972793e-04
 -3   +4.0273987657120979e-14  +1.1215789868814662e+01
 -2   -6.9456479518946348e-15  +5.7451468023914087e-01
 -1   +1.0272273791459918e-13  +1.2911041282622182e+03
 +0   +1.2434497875801752e-15  +0.0000000000000000e+00
 +1   +1.0272273791459918e-13  -1.2911041282622182e+03
 +2   -6.9456479518946348e-15  -5.7451468023914087e-01
 +3   +4.0273987657120979e-14  -1.1215789868814662e+01
 +4   -1.0942825953389061e-14  -5.1542456522972793e-04
 +5   -1.3605783166781293e-14  -9.7313234487495626e-02
 +6   +4.0010626432439960e-14  +4.0608682556585621e-05
 +7   -4.5280815060030285e-14  -8.4129167704496478e-04
 +8   +4.8112756002246435e-14  +7.5530082498773890e-07
 +9   +8.1080781486853429e-15  -7.2575665203895618e-06
+10   +5.8378551684002246e-14  +1.0054904435254792e-08
+11   -3.4320918005736157e-15  -6.2526037533591134e-08
+12   +2.3860453573549613e-14  +1.1742286697194666e-10
+13   -7.3459174904344355e-14  -5.3819024926242699e-10
+14   +5.5506693717408513e-14  +1.2455597016574163e-12
+15   -5.3381068206029294e-14  -4.5816196353544221e-12
+16   +3.1633550607156494e-14  -1.2530596038927441e-14
+17   +2.5458313968176869e-15  +4.5636128663699696e-14
+18   -2.1082712170482060e-14  +4.5685503313277740e-15
+19   +2.5352323276502922e-14  -2.6554317863334323e-14
+20   -2.7758112692308343e-14  +2.3382544990810285e-14
+21   -4.7017786594137936e-14  +1.5125118818741227e-14
+22   +4.9996198887502154e-15  +4.5900631912960885e-16
+23   +2.0868196011220887e-14  -2.8702020712283214e-14
+24   +2.5301849629058226e-14  -5.7107969317810383e-15
+25   +2.3086891172393703e-14  +2.5647454798789632e-14
+26   +1.9543792474404774e-14  +2.0624381263414308e-14
+27   +1.9505417185476195e-14  +1.3443776579867922e-14
+28   +1.5443372742306705e-14  +3.5220663242909124e-14
+29   +4.7339870569608232e-14  -1.8338209312827369e-14
+30   +1.6183633978426947e-14  +1.8783006247936662e-14

