-30   -3.8332335417100752e-21  -5.2925910692407701e-22
-29   -4.8470696954365974e-21  -6.2835131638413738e-22
-28   -3.1033087515203195e-22  -1.0654805255117326e-21
-27   -3.7263381592254886e-21  +1.9366587108632627e-21
-26   -4.4013783052252235e-23  +2.9524539272183287e-21
-25   +9.5758394965921446e-23  +7.1841709613470615e-23
-24   -1.9282005404042824e-22  -1.8740356795429140e-21
-23   +1.8836217737633989e-21  -9.0426572968138226e-22
-22   -6.1039153590098185e-22  -1.2705319856181052e-21
-21   -2.6445376913982111e-21  -1.0406224732372714e-21
-20   +5.4210108624275232e-21  +5.7754590004888977e-21
-19   -3.1624729035765266e-21  -9.9696852228172439e-22
-18   -1.7241103612064960e-21  -4.4622519982333214e-22
-17   -4.0051520863109855e-22  +3.5097417954533022e-21
-16   +6.1495199674640957e-21  +1.7018786948152370e-21
-15   +4.4734355069394220e-21  -3.2185119141784144e-21
-14   -2.4579637594747860e-20  -1.6469282144306187e-21
-13   +2.0822456133740298e-20  +1.3171310842044616e-21
-12   -3.7591336163367668e-18  +1.1521645257448483e-22
-11   +2.3739651931062705e-18  +8.2539844760534058e-22
-10   -5.8121963614419775e-16  -1.1906683368424717e-21
 -9   +3.3733074272370854e-16  -4.6208743047397805e-22
 -8   -9.5835800253506571e-14  -2.0120531076121671e-21
 -7   +5.1015667903518112e-14  -2.0330259631318185e-22
 -6   -1.7531181493619694e-11  -6.2091912548581703e-22
 -5   +8.5618704895835743e-12  +7.7108583860359387e-21
 -4   -3.8867895900148450e-09  -4.1357544449610029e-21
 -3   +1.7104070934984555e-09  +1.9982747011321289e-21
 -2   -1.3918094708001897e-06  +1.8259387703569973e-22
 -1   -4.6716624926702001e-07  -1.3319231903580522e-21
 +0   +3.8785328177697010e-04  +0.0000000000000000e+00
 +1   -4.6716624926702001e-07  +1.3319231903580522e-21
 +2   -1.3918094708001897e-06  -1.8259387703569973e-22
 +3   +1.7104070934984555e-09  -1.9982747011321289e-21
 +4   -3.8867895900148450e-09  +4.1357544449610029e-21
 +5   +8.5618704895835743e-12  -7.7108583860359387e-21
 +6   -1.7531181493619694e-11  +6.2091912548581703e-22
 +7   +5.1015667903518112e-14  +2.0330259631318185e-22
 +8   -9.5835800253506571e-14  +2.0120531076121671e-21
 +9   +3.3733074272370854e-16  +4.6208743047397805e-22
+10   -5.8121963614419775e-16  +1.1906683368424717e-21
+11   +2.3739651931062705e-18  -8.2539844760534058e-22
+12   -3.7591336163367668e-18  -1.1521645257448483e-22
+13   +2.0822456133740298e-20  -1.3171310842044616e-21
+14   -2.4579637594747860e-20  +1.6469282144306187e-21
+15   +4.4734355069394220e-21  +3.2185119141784144e-21
+16   +6.1495199674640957e-21  -1.7018786948152370e-21
+17   -4.0051520863109855e-22  -3.5097417954533022e-21
+18   -1.7241103612064960e-21  +4.4622519982333214e-22
+19   -3.1624729035765266e-21  +9.9696852228172439e-22
+20   +5.4210108624275232e-21  -5.7754590004888977e-21
+21   -2.6445376913982111e-21  +1.0406224732372714e-21
+22   -6.1039153590098185e-22  +1.2705319856181052e-21
+23   +1.8836217737633989e-21  +9.0426572968138226e-22
+24   -1.9282005404042824e-22  +1.8740356795429140e-21
+25   +9.5758394965921446e-23  -7.1841709613470615e-23
+26   -4.4013783052252235e-23  -2.9524539272183287e-21
+27   -3.7263381592254886e-21  -1.9366587108632627e-21
+28   -3.1033087515203195e-22  +1.0654805255117326e-21
+29   -4.8470696954365974e-21  +6.2835131638413738e-22
+30   -3.8332335417100752e-21  +5.2925910692407701e-22

