-30   -3.0183523870945739e-14  -2.0182540897022330e-14
-29   +1.3365379892555699e-14  -3.8074344074927400e-14
-28   +1.7253983811749949e-14  -3.7938441220901722e-16
-27   +1.4270521373268892e-14  +2.5581226484462479e-14
-26   -1.5517816010679358e-14  -6.9820706433280418e-15
-25   -1.0737178919510907e-15  -1.6219341028534429e-14
-24   +2.1752840541058306e-14  +3.5503684574939523e-14
-23   -3.2905384905602796e-14  -6.3571106000507588e-15
-22   +1.9539741008024281e-14  -2.7095908476070757e-14
-21   +6.1833000821024812e-14  -1.4156585633424490e-14
-20   -2.1087326491622307e-14  -9.7095298258071079e-15
-19   +1.8138563920490292e-14  +2.2057665024229828e-14
-18   -8.2595808026781755e-15  +6.9103512869329496e-15
-17   +5.7099593303146102e-14  -3.1569115440699738e-14
-16   -6.3140889319609633e-15  +8.7753168344736699e-14
-15   -4.6996196657630001e-12  -2.8904056322172388e-14
-14   +1.3303480038534051e-12  -7.3042783094943598e-15
-13   -5.3812743494063690e-10  -1.0621445919170773e-14
-12   +1.1740066859316700e-10  +1.2808921522606738e-14
-11   -6.2517532510415543e-08  +9.0122865477619351e-14
-10   +1.0051943004591476e-08  -8.8762690608705778e-15
 -9   -7.2562494101148386e-06  -6.5120046205409001e-14
 -8   +7.5494125959737467e-07  -2.6303645723003066e-14
 -7   -8.4107319904415780e-04  +1.9341387985786085e-14
 -6   +4.0561847059902540e-05  -2.7428715984468658e-15
 -5   -9.7272820511804164e-02  +2.0990154059319366e-14
 -4   -5.2169647628029969e-04  -1.1130434162761627e-14
 -3   -1.1206560328062771e+01  +1.9855087398208258e-14
 -2   -5.7538628200703257e-01  -4.8356202467376005e-15
 -1   -1.2871955938575479e+03  +5.8459987995027450e-14
 +0   -5.1265655863337143e+00  +0.0000000000000000e+00
 +1   -1.2871955938575479e+03  -5.8459987995027450e-14
 +2   -5.7538628200703257e-01  +4.8356202467376005e-15
 +3   -1.1206560328062771e+01  -1.9855087398208258e-14
 +4   -5.2169647628029969e-04  +1.1130434162761627e-14
 +5   -9.7272820511804164e-02  -2.0990154059319366e-14
 +6   +4.0561847059902540e-05  +2.7428715984468658e-15
 +7   -8.4107319904415780e-04  -1.9341387985786085e-14
 +8   +7.5494125959737467e-07  +2.6303645723003066e-14
 +9   -7.2562494101148386e-06  +6.5120046205409001e-14
+10   +1.0051943004591476e-08  +8.8762690608705778e-15
+11   -6.2517532510415543e-08  -9.0122865477619351e-14
+12   +1.1740066859316700e-10  -1.2808921522606738e-14
+13   -5.3812743494063690e-10  +1.0621445919170773e-14
+14   +1.3303480038534051e-12  +7.3042783094943598e-15
+15   -4.6996196657630001e-12  +2.8904056322172388e-14
+16   -6.3140889319609633e-15  -8.7753168344736699e-14
+17   +5.7099593303146102e-14  +3.1569115440699738e-14
+18   -8.2595808026781755e-15  -6.9103512869329496e-15
+19   +1.8138563920490292e-14  -2.2057665024229828e-14
+20   -2.1087326491622307e-14  +9.7095298258071079e-15
+21   +6.1833000821024812e-14  +1.4156585633424490e-14
+22   +1.9539741008024281e-14  +2.7095908476070757e-14
+23   -3.2905384905602796e-14  +6.3571106000507588e-15
+24   +2.1752840541058306e-14  -3.5503684574939523e-14
+25   -1.0737178919510907e-15  +1.6219341028534429e-14
+26   -1.5517816010679358e-14  +6.9820706433280418e-15
+27   +1.4270521373268892e-14  -2.5581226484462479e-14
+28   +1.7253983811749949e-14  +3.7938441220901722e-16
+29   +1.3365379892555699e-14  +3.8074344074927400e-14
+30   -3.0183523870945739e-14  +2.0182540897022330e-14

