-30   +1.8945764193495403e-14  -2.8456570137999433e-15
-29   +2.9140888822337291e-14  -2.7714551576600209e-14
-28   +1.1611203235210388e-14  -2.8534329600701874e-14
-27   +2.5026467184331860e-14  -2.4355695850793605e-15
-26   -7.4917679783481697e-15  -2.9097799697290905e-14
-25   +2.2072758635312222e-14  -1.6161824848154809e-14
-24   +3.9271319256989926e-14  -3.0937499044852590e-15
-23   +9.3644205987192795e-15  +1.9853421957779291e-14
-22   +1.4578947490316360e-14  -3.2631237107212171e-15
-21   -2.2833208809527097e-14  +6.4906769947503647e-15
-20   -2.7850764813220852e-14  -2.9176655608623693e-14
-19   +2.4194602762074424e-14  +3.2688097776126493e-14
-18   -1.1871205863217776e-14  +1.2675458211706588e-15
-17   +6.7218963436577473e-15  -4.8899263280371357e-14
-16   +2.0852149719896267e-14  +4.1720567416211707e-14
-15   -5.3970336624520522e-14  +4.5814909835474033e-12
-14   +9.1030800441241546e-14  -1.2571655314728414e-12
-13   -8.1565446764266178e-14  +5.3819114098593156e-10
-12   +3.2742717466646709e-14  -1.1740328753122702e-10
-11   -2.9883775851841853e-14  +6.2526056228212307e-08
-10   +5.6130652870337374e-14  -1.0054904363763261e-08
 -9   +4.0156797145307215e-15  +7.2575720939151743e-06
 -8   +2.8519133224560912e-14  -7.5530204323030486e-07
 -7   -4.3738614267323543e-14  +8.4129232109058760e-04
 -6   +2.6325700798700826e-14  -4.0608779251280421e-05
 -5   -9.0293513406910126e-15  +9.7313307767509044e-02
 -4   -1.3787002670448559e-14  +5.1541859874619500e-04
 -3   +4.2479630732709625e-14  +1.1215797510961176e+01
 -2   -1.7940556639099103e-14  +5.7451469831207169e-01
 -1   +1.2546010545892240e-13  +1.2911041273224337e+03
 +0   -3.1974423109204509e-15  +0.0000000000000000e+00
 +1   +1.2546010545892240e-13  -1.2911041273224337e+03
 +2   -1.7940556639099103e-14  -5.7451469831207169e-01
 +3   +4.2479630732709625e-14  -1.1215797510961176e+01
 +4   -1.3787002670448559e-14  -5.1541859874619500e-04
 +5   -9.0293513406910126e-15  -9.7313307767509044e-02
 +6   +2.6325700798700826e-14  +4.0608779251280421e-05
 +7   -4.3738614267323543e-14  -8.4129232109058760e-04
 +8   +2.8519133224560912e-14  +7.5530204323030486e-07
 +9   +4.0156797145307215e-15  -7.2575720939151743e-06
+10   +5.6130652870337374e-14  +1.0054904363763261e-08
+11   -2.9883775851841853e-14  -6.2526056228212307e-08
+12   +3.2742717466646709e-14  +1.1740328753122702e-10
+13   -8.1565446764266178e-14  -5.3819114098593156e-10
+14   +9.1030800441241546e-14  +1.2571655314728414e-12
+15   -5.3970336624520522e-14  -4.5814909835474033e-12
+16   +2.0852149719896267e-14  -4.1720567416211707e-14
+17   +6.7218963436577473e-15  +4.8899263280371357e-14
+18   -1.1871205863217776e-14  -1.2675458211706588e-15
+19   +2.4194602762074424e-14  -3.2688097776126493e-14
+20   -2.7850764813220852e-14  +2.9176655608623693e-14
+21   -2.2833208809527097e-14  -6.4906769947503647e-15
+22   +1.4578947490316360e-14  +3.2631237107212171e-15
+23   +9.3644205987192795e-15  -1.9853421957779291e-14
+24   +3.9271319256989926e-14  +3.0937499044852590e-15
+25   +2.2072758635312222e-14  +1.6161824848154809e-14
+26   -7.4917679783481697e-15  +2.9097799697290905e-14
+27   +2.5026467184331860e-14  +2.4355695850793605e-15
+28   +1.1611203235210388e-14  +2.8534329600701874e-14
+29   +2.9140888822337291e-14  +2.7714551576600209e-14
+30   +1.8945764193495403e-14  +2.8456570137999433e-15

