-30   -3.0847481347186757e-21  +1.2777445138890588e-21
-29   -4.9201388201418576e-21  +1.7036142931328220e-22
-28   -5.8649399400368167e-22  -1.5914940386837928e-21
-27   -2.8560859637992712e-21  +6.5258493921819670e-22
-26   -2.1137615097453438e-22  +8.9799704326151690e-22
-25   +3.0429739310079912e-21  -2.3287862743116260e-21
-24   -1.8592088100591633e-21  +2.3332615732653085e-22
-23   +4.5895405869437837e-21  -3.1275392669863452e-21
-22   +8.7046525200270760e-22  -1.7766837796651219e-21
-21   -2.7736452844142707e-21  +1.1896478284078470e-23
-20   +8.5508329431299387e-21  +1.3228184598932405e-21
-19   -6.9901896540372071e-22  +5.9438900573825045e-22
-18   +1.2089704996649172e-21  +7.4279965321125601e-22
-17   +1.8975053210843302e-21  +1.4066162526839755e-21
-16   +6.5110865369061060e-21  -3.3013837007165898e-22
-15   -3.7359707102326755e-21  -2.4582266536240462e-21
-14   -2.7812761569552500e-20  +2.3351428342334355e-21
-13   +2.2633842899060498e-20  -1.5437111237309378e-22
-12   -3.7567386979096333e-18  +4.0882454281764591e-22
-11   +2.3766501406724465e-18  -1.5886331032380959e-21
-10   -5.8110722647799658e-16  +1.2777445139225331e-21
 -9   +3.3722801921967005e-16  +1.7949905107114073e-21
 -8   -9.5820208107281640e-14  +8.9197266338986394e-22
 -7   +5.1003516784345713e-14  +2.1799533400626881e-22
 -6   -1.7528789271026896e-11  +2.4899952627049152e-21
 -5   +8.5605447199875481e-12  +2.2550747570495049e-21
 -4   -3.8864255119619622e-09  -1.3980455259629573e-21
 -3   +1.7104101507594551e-09  +8.3552135039627074e-22
 -2   -1.3918103628804671e-06  +2.0469962891978925e-22
 -1   -4.6716624798103384e-07  -1.7068596213160875e-21
 +0   +3.8785328186629139e-04  +0.0000000000000000e+00
 +1   -4.6716624798103384e-07  +1.7068596213160875e-21
 +2   -1.3918103628804671e-06  -2.0469962891978925e-22
 +3   +1.7104101507594551e-09  -8.3552135039627074e-22
 +4   -3.8864255119619622e-09  +1.3980455259629573e-21
 +5   +8.5605447199875481e-12  -2.2550747570495049e-21
 +6   -1.7528789271026896e-11  -2.4899952627049152e-21
 +7   +5.1003516784345713e-14  -2.1799533400626881e-22
 +8   -9.5820208107281640e-14  -8.9197266338986394e-22
 +9   +3.3722801921967005e-16  -1.7949905107114073e-21
+10   -5.8110722647799658e-16  -1.2777445139225331e-21
+11   +2.3766501406724465e-18  +1.5886331032380959e-21
+12   -3.7567386979096333e-18  -4.0882454281764591e-22
+13   +2.2633842899060498e-20  +1.5437111237309378e-22
+14   -2.7812761569552500e-20  -2.3351428342334355e-21
+15   -3.7359707102326755e-21  +2.4582266536240462e-21
+16   +6.5110865369061060e-21  +3.3013837007165898e-22
+17   +1.8975053210843302e-21  -1.4066162526839755e-21
+18   +1.2089704996649172e-21  -7.4279965321125601e-22
+19   -6.9901896540372071e-22  -5.9438900573825045e-22
+20   +8.5508329431299387e-21  -1.3228184598932405e-21
+21   -2.7736452844142707e-21  -1.1896478284078470e-23
+22   +8.7046525200270760e-22  +1.7766837796651219e-21
+23   +4.5895405869437837e-21  +3.1275392669863452e-21
+24   -1.8592088100591633e-21  -2.3332615732653085e-22
+25   +3.0429739310079912e-21  +2.3287862743116260e-21
+26   -2.1137615097453438e-22  -8.9799704326151690e-22
+27   -2.8560859637992712e-21  -6.5258493921819670e-22
+28   -5.8649399400368167e-22  +1.5914940386837928e-21
+29   -4.9201388201418576e-21  -1.7036142931328220e-22
+30   -3.0847481347186757e-21  -1.2777445138890588e-21

