-30   +1.3158713219237974e-17  -2.3456998661815817e-18
-29   -4.2950552502440056e-18  -2.9368126506662527e-18
-28   -7.0630148139636296e-18  -3.5888175602470003e-18
-27   -1.7691907816490946e-18  -2.1709371681466281e-18
-26   +2.2830134656400290e-18  -2.7138538972984206e-18
-25   +1.1394358495303013e-18  -3.0870164546291348e-18
-24   -2.5481122291627515e-17  -3.8151185921287748e-18
-23   +6.7395720283500871e-17  -2.4367943752984940e-18
-22   -2.3939413382957785e-16  -7.6895982857404596e-18
-21   +9.6762986645011245e-16  +1.1259946336975884e-17
-20   -3.6578275985461153e-15  -6.3684724926119078e-17
-19   +1.3772922473352539e-14  +2.3391664040748938e-16
-18   -5.1701926485954849e-14  -9.4578150838983203e-16
-17   +1.9401759121704833e-13  +3.7330169634152303e-15
-16   -7.2718589923253836e-13  -1.4886556858931966e-14
-15   +2.7206115702410245e-12  +5.9367481098056177e-14
-14   -1.0158820497948546e-11  -2.3747917765200828e-13
-13   +3.7848544945730681e-11  +9.5260115513131684e-13
-12   -1.4065056379660026e-10  -3.8343170054933772e-12
-11   +5.2112351918969162e-10  +1.5495578171448535e-11
-10   -1.9240731190031690e-09  -6.2926699614418473e-11
 -9   +7.0744296857806369e-09  +2.5706633853227399e-10
 -8   -2.5880503139753669e-08  -1.0580518979494975e-09
 -7   +9.4084887746237269e-08  +4.3968923641656955e-09
 -6   -3.3937068270702702e-07  -1.8512690556245023e-08
 -5   +1.2105408844600475e-06  +7.9324368533859377e-08
 -4   -4.2644200658357340e-06  -3.5005040813903086e-07
 -3   +1.4478727072980658e-05  +1.5925380418713962e-06
 -2   -4.9460834403574620e-05  -8.2826191057476483e-06
 -1   +1.7727663116628141e-05  +6.4659799934228526e-06
 +0   -2.7748132091372480e-09  +0.0000000000000000e+00
 +1   +1.7727663116628141e-05  -6.4659799934228526e-06
 +2   -4.9460834403574620e-05  +8.2826191057476483e-06
 +3   +1.4478727072980658e-05  -1.5925380418713962e-06
 +4   -4.2644200658357340e-06  +3.5005040813903086e-07
 +5   +1.2105408844600475e-06  -7.9324368533859377e-08
 +6   -3.3937068270702702e-07  +1.8512690556245023e-08
 +7   +9.4084887746237269e-08  -4.3968923641656955e-09
 +8   -2.5880503139753669e-08  +1.0580518979494975e-09
 +9   +7.0744296857806369e-09  -2.5706633853227399e-10
+10   -1.9240731190031690e-09  +6.2926699614418473e-11
+11   +5.2112351918969162e-10  -1.5495578171448535e-11
+12   -1.4065056379660026e-10  +3.8343170054933772e-12
+13   +3.7848544945730681e-11  -9.5260115513131684e-13
+14   -1.0158820497948546e-11  +2.3747917765200828e-13
+15   +2.7206115702410245e-12  -5.9367481098056177e-14
+16   -7.2718589923253836e-13  +1.4886556858931966e-14
+17   +1.9401759121704833e-13  -3.7330169634152303e-15
+18   -5.1701926485954849e-14  +9.4578150838983203e-16
+19   +1.3772922473352539e-14  -2.3391664040748938e-16
+20   -3.6578275985461153e-15  +6.3684724926119078e-17
+21   +9.6762986645011245e-16  -1.1259946336975884e-17
+22   -2.3939413382957785e-16  +7.6895982857404596e-18
+23   +6.7395720283500871e-17  +2.4367943752984940e-18
+24   -2.5481122291627515e-17  +3.8151185921287748e-18
+25   +1.1394358495303013e-18  +3.0870164546291348e-18
+26   +2.2830134656400290e-18  +2.7138538972984206e-18
+27   -1.7691907816490946e-18  +2.1709371681466281e-18
+28   -7.0630148139636296e-18  +3.5888175602470003e-18
+29   -4.2950552502440056e-18  +2.9368126506662527e-18
+30   +1.3158713219237974e-17  +2.3456998661815817e-18

