-30   -1.4417870212115515e-17  +7.6513233408318791e-18
-29   +6.9909182155799105e-18  +9.0663011003726004e-18
-28   +1.1208997557188844e-17  +8.0156782171002369e-18
-27   +2.7654347575684678e-18  +5.0821749746708978e-18
-26   +6.7957188793222635e-18  +2.0329256815675053e-17
-25   -2.5121048558396167e-17  -3.3813689433361966e-17
-24   +1.2889099032767732e-16  +1.6364408240906530e-16
-23   -4.1746611530653504e-16  -5.4710209176271529e-16
-22   +1.5036987510308367e-15  +2.0281398969097457e-15
-21   -5.5247313654531342e-15  -7.2699815135253850e-15
-20   +2.0031674917992683e-14  +2.6207080296845192e-14
-19   -7.2316656218253867e-14  -9.3941987059420958e-14
-18   +2.6022382292088750e-13  +3.3570273087054582e-13
-17   -9.3341296140859602e-13  -1.1944258223739645e-12
-16   +3.3361160880897348e-12  +4.2304062897799257e-12
-15   -1.1874980716800631e-11  -1.4905277766866732e-11
-14   +4.2078338986960120e-11  +5.2209140541842852e-11
-13   -1.4834721236799805e-10  -1.8165044670006914e-10
-12   +5.2001294941912840e-10  +6.2713984828450002e-10
-11   -1.8110191434862570e-09  -2.1457045785113217e-09
-10   +6.2602486425849703e-09  +7.2633348895593721e-09
 -9   -2.1453838242695823e-08  -2.4272867907612620e-08
 -8   +7.2780892133960564e-08  +7.9845906311042941e-08
 -7   -2.4393893739720907e-07  -2.5747327728388560e-07
 -6   +8.0579728372682676e-07  +8.0895832190155160e-07
 -5   -2.6128394335149156e-06  -2.4517981480103393e-06
 -4   +8.2870679377521448e-06  +7.0529104913329685e-06
 -3   -2.5170658629838654e-05  -1.8420760874350555e-05
 -2   +7.5210027724517106e-05  +4.0761764756252111e-05
 -1   -1.4202746235815219e-05  +1.7299858538538003e-06
 +0   -1.2245420088550569e-08  +0.0000000000000000e+00
 +1   -1.4202746235815219e-05  -1.7299858538538003e-06
 +2   +7.5210027724517106e-05  -4.0761764756252111e-05
 +3   -2.5170658629838654e-05  +1.8420760874350555e-05
 +4   +8.2870679377521448e-06  -7.0529104913329685e-06
 +5   -2.6128394335149156e-06  +2.4517981480103393e-06
 +6   +8.0579728372682676e-07  -8.0895832190155160e-07
 +7   -2.4393893739720907e-07  +2.5747327728388560e-07
 +8   +7.2780892133960564e-08  -7.9845906311042941e-08
 +9   -2.1453838242695823e-08  +2.4272867907612620e-08
+10   +6.2602486425849703e-09  -7.2633348895593721e-09
+11   -1.8110191434862570e-09  +2.1457045785113217e-09
+12   +5.2001294941912840e-10  -6.2713984828450002e-10
+13   -1.4834721236799805e-10  +1.8165044670006914e-10
+14   +4.2078338986960120e-11  -5.2209140541842852e-11
+15   -1.1874980716800631e-11  +1.4905277766866732e-11
+16   +3.3361160880897348e-12  -4.2304062897799257e-12
+17   -9.3341296140859602e-13  +1.1944258223739645e-12
+18   +2.6022382292088750e-13  -3.3570273087054582e-13
+19   -7.2316656218253867e-14  +9.3941987059420958e-14
+20   +2.0031674917992683e-14  -2.6207080296845192e-14
+21   -5.5247313654531342e-15  +7.2699815135253850e-15
+22   +1.5036987510308367e-15  -2.0281398969097457e-15
+23   -4.1746611530653504e-16  +5.4710209176271529e-16
+24   +1.2889099032767732e-16  -1.6364408240906530e-16
+25   -2.5121048558396167e-17  +3.3813689433361966e-17
+26   +6.7957188793222635e-18  -2.0329256815675053e-17
+27   +2.7654347575684678e-18  -5.0821749746708978e-18
+28   +1.1208997557188844e-17  -8.0156782171002369e-18
+29   +6.9909182155799105e-18  -9.0663011003726004e-18
+30   -1.4417870212115515e-17  -7.6513233408318791e-18

