-30   +1.2302761833830264e-17  -7.2951813691215017e-18
-29   -2.8037873935482348e-18  -7.5748409306645213e-18
-28   -9.8340142387700949e-18  -5.2762413249986025e-18
-27   +2.5466204732009467e-18  -1.0661086366222928e-17
-26   -1.5042893704437717e-17  +3.5103656516120557e-18
-25   +5.3781563582964433e-17  -5.0517911842362038e-17
-24   -2.2608825775047577e-16  +1.5026959431691615e-16
-23   +7.8172924121283895e-16  -5.8717664735317851e-16
-22   -2.8105170927394208e-15  +2.0901734371918764e-15
-21   +1.0184740347262008e-14  -7.6013161648498554e-15
-20   -3.6607559503572728e-14  +2.7368524256334793e-14
-19   +1.3104026287867327e-13  -9.8427852235488497e-14
-18   -4.6721120220813761e-13  +3.5255211684135279e-13
-17   +1.6587473772135378e-12  -1.2582034322149474e-12
-16   -5.8610432808228136e-12  +4.4710683430449165e-12
-15   +2.0597674707994911e-11  -1.5813285968576751e-11
-14   -7.1945975062601679e-11  +5.5631512440837403e-11
-13   +2.4955515850021630e-10  -1.9453928991194585e-10
-12   -8.5870210761945509e-10  +6.7563760175620144e-10
-11   +2.9273023165000206e-09  -2.3280407114752239e-09
-10   -9.8701940328116367e-09  +7.9483589863589146e-09
 -9   +3.2846868027453093e-08  -2.6845091866387930e-08
 -8   -1.0758660208767526e-07  +8.9503191297942974e-08
 -7   +3.4551448355841424e-07  -2.9375296911606428e-07
 -6   -1.0822785457554121e-06  +9.4554076269275409e-07
 -5   +3.2801611122044000e-06  -2.9683681738490035e-06
 -4   -9.5164222101769443e-06  +9.0303469937391975e-06
 -3   +2.5681689653135188e-05  -2.6105004455331881e-05
 -2   -6.4696439530898580e-05  +7.3627151437324762e-05
 -1   +3.4310492910112037e-06  -7.9263187340192889e-06
 +0   -1.4076353338815245e-08  +0.0000000000000000e+00
 +1   +3.4310492910112037e-06  +7.9263187340192889e-06
 +2   -6.4696439530898580e-05  -7.3627151437324762e-05
 +3   +2.5681689653135188e-05  +2.6105004455331881e-05
 +4   -9.5164222101769443e-06  -9.0303469937391975e-06
 +5   +3.2801611122044000e-06  +2.9683681738490035e-06
 +6   -1.0822785457554121e-06  -9.4554076269275409e-07
 +7   +3.4551448355841424e-07  +2.9375296911606428e-07
 +8   -1.0758660208767526e-07  -8.9503191297942974e-08
 +9   +3.2846868027453093e-08  +2.6845091866387930e-08
+10   -9.8701940328116367e-09  -7.9483589863589146e-09
+11   +2.9273023165000206e-09  +2.3280407114752239e-09
+12   -8.5870210761945509e-10  -6.7563760175620144e-10
+13   +2.4955515850021630e-10  +1.9453928991194585e-10
+14   -7.1945975062601679e-11  -5.5631512440837403e-11
+15   +2.0597674707994911e-11  +1.5813285968576751e-11
+16   -5.8610432808228136e-12  -4.4710683430449165e-12
+17   +1.6587473772135378e-12  +1.2582034322149474e-12
+18   -4.6721120220813761e-13  -3.5255211684135279e-13
+19   +1.3104026287867327e-13  +9.8427852235488497e-14
+20   -3.6607559503572728e-14  -2.7368524256334793e-14
+21   +1.0184740347262008e-14  +7.6013161648498554e-15
+22   -2.8105170927394208e-15  -2.0901734371918764e-15
+23   +7.8172924121283895e-16  +5.8717664735317851e-16
+24   -2.2608825775047577e-16  -1.5026959431691615e-16
+25   +5.3781563582964433e-17  +5.0517911842362038e-17
+26   -1.5042893704437717e-17  -3.5103656516120557e-18
+27   +2.5466204732009467e-18  +1.0661086366222928e-17
+28   -9.8340142387700949e-18  +5.2762413249986025e-18
+29   -2.8037873935482348e-18  +7.5748409306645213e-18
+30   +1.2302761833830264e-17  +7.2951813691215017e-18

