-30   +1.5237505860418415e-17  +3.7384675590333303e-17
-29   +1.4220848741806103e-17  +3.8107384382241386e-17
-28   +1.6196211525161668e-17  +4.0962618824835106e-17
-27   +1.5957558693900231e-17  +3.6324070513638470e-17
-26   +1.3121695774854182e-17  +5.9822986722472101e-17
-25   +2.3270224954612675e-17  -1.6216681863894624e-17
-24   -1.6968409670815165e-17  +2.7157554423137306e-16
-23   +1.3429362546019310e-16  -7.6525515767105918e-16
-22   -4.1108669751400020e-16  +3.0029208110280141e-15
-21   +1.5241837394771781e-15  -1.0609201764779000e-14
-20   -5.3298206098792295e-15  +3.8465905210072395e-14
-19   +1.8851688823092365e-14  -1.3787358573427118e-13
-18   -6.5958313938170639e-14  +4.9360883772969609e-13
-17   +2.2948788038095514e-13  -1.7589410241786817e-12
-16   -7.9183859714776703e-13  +6.2416801818376929e-12
-15   +2.7072452368151311e-12  -2.2038621559799744e-11
-14   -9.1539377460489657e-12  +7.7386636590562898e-11
-13   +3.0541064430778517e-11  -2.7002840622221946e-10
-12   -1.0022336892345056e-10  +9.3545113025990447e-10
-11   +3.2203245872576029e-10  -3.2137245616086748e-09
-10   -1.0063198194972745e-09  +1.0933381936591589e-08
 -9   +3.0252837884898249e-09  -3.6767579091645044e-08
 -8   -8.5833084846885036e-09  +1.2192677898500553e-07
 -7   +2.2093840167493173e-08  -3.9741003876346006e-07
 -6   -4.6386425865658847e-08  +1.2674334951488302e-06
 -5   +4.4349836950498463e-08  -3.9274140828813707e-06
 -4   +2.8708855177520121e-07  +1.1712527699103609e-05
 -3   -2.5777833196055738e-06  -3.2710772699056144e-05
 -2   +1.5287050214517326e-05  +8.5485411466344814e-05
 -1   -6.6338808020690507e-06  -6.8424676206893899e-06
 +0   +4.1942990334828907e-02  +0.0000000000000000e+00
 +1   -6.6338808020690507e-06  +6.8424676206893899e-06
 +2   +1.5287050214517326e-05  -8.5485411466344814e-05
 +3   -2.5777833196055738e-06  +3.2710772699056144e-05
 +4   +2.8708855177520121e-07  -1.1712527699103609e-05
 +5   +4.4349836950498463e-08  +3.9274140828813707e-06
 +6   -4.6386425865658847e-08  -1.2674334951488302e-06
 +7   +2.2093840167493173e-08  +3.9741003876346006e-07
 +8   -8.5833084846885036e-09  -1.2192677898500553e-07
 +9   +3.0252837884898249e-09  +3.6767579091645044e-08
+10   -1.0063198194972745e-09  -1.0933381936591589e-08
+11   +3.2203245872576029e-10  +3.2137245616086748e-09
+12   -1.0022336892345056e-10  -9.3545113025990447e-10
+13   +3.0541064430778517e-11  +2.7002840622221946e-10
+14   -9.1539377460489657e-12  -7.7386636590562898e-11
+15   +2.7072452368151311e-12  +2.2038621559799744e-11
+16   -7.9183859714776703e-13  -6.2416801818376929e-12
+17   +2.2948788038095514e-13  +1.7589410241786817e-12
+18   -6.5958313938170639e-14  -4.9360883772969609e-13
+19   +1.8851688823092365e-14  +1.3787358573427118e-13
+20   -5.3298206098792295e-15  -3.8465905210072395e-14
+21   +1.5241837394771781e-15  +1.0609201764779000e-14
+22   -4.1108669751400020e-16  -3.0029208110280141e-15
+23   +1.3429362546019310e-16  +7.6525515767105918e-16
+24   -1.6968409670815165e-17  -2.7157554423137306e-16
+25   +2.3270224954612675e-17  +1.6216681863894624e-17
+26   +1.3121695774854182e-17  -5.9822986722472101e-17
+27   +1.5957558693900231e-17  -3.6324070513638470e-17
+28   +1.6196211525161668e-17  -4.0962618824835106e-17
+29   +1.4220848741806103e-17  -3.8107384382241386e-17
+30   +1.5237505860418415e-17  -3.7384675590333303e-17

