-30   -1.4802973353179520e-17  -3.5968836459970382e-17
-29   -1.3357968778285451e-17  -3.7395165613275656e-17
-28   -1.4812427600722202e-17  -3.6396896039773248e-17
-27   -1.3679007931934271e-17  -4.4231013174381240e-17
-26   -1.7608970201277365e-17  -2.4083733307052372e-17
-25   -4.8688112124751033e-18  -1.0367430479108439e-16
-24   -4.6694682409864687e-17  +1.7927243061436229e-16
-23   +1.0472113871461887e-16  -8.6074363467726132e-16
-22   -4.4003300410156851e-16  +2.9010973925255282e-15
-21   +1.4966421986760685e-15  -1.0708016730433271e-14
-20   -5.3638045836694489e-15  +3.8335159859704248e-14
-19   +1.8832769857925337e-14  -1.3791062863764657e-13
-18   -6.6029631156857412e-14  +4.9317057375734878e-13
-17   +2.2962657547865398e-13  -1.7578260293421290e-12
-16   -7.9253998179700111e-13  +6.2365839165937955e-12
-15   +2.7099256533313983e-12  -2.2019018246657055e-11
-14   -9.1649115825627278e-12  +7.7307578879818794e-11
-13   +3.0585415741060956e-11  -2.6971259416773778e-10
-12   -1.0040428939187450e-10  +9.3418157450244141e-10
-11   +3.2277426776213829e-10  -3.2086071731210717e-09
-10   -1.0093852807680215e-09  +1.0912661378012004e-08
 -9   +3.0380720160543004e-09  -3.6683252812807720e-08
 -8   -8.6373182832070230e-09  +1.2158140114480122e-07
 -7   +2.2325706779508989e-08  -3.9598418665687312e-07
 -6   -4.7404747761146383e-08  +1.2614849673968607e-06
 -5   +4.8971219413987124e-08  -3.9022730106981763e-06
 -4   +2.6497716086014116e-07  +1.1604002528650706e-05
 -3   -2.4632404992761451e-06  -3.2238082850241823e-05
 -2   +1.4552512064271957e-05  +8.3269190783379199e-05
 -1   -6.2020233744492023e-06  -5.1220512657769412e-06
 +0   -4.1943007201474862e-02  +0.0000000000000000e+00
 +1   -6.2020233744492023e-06  +5.1220512657769412e-06
 +2   +1.4552512064271957e-05  -8.3269190783379199e-05
 +3   -2.4632404992761451e-06  +3.2238082850241823e-05
 +4   +2.6497716086014116e-07  -1.1604002528650706e-05
 +5   +4.8971219413987124e-08  +3.9022730106981763e-06
 +6   -4.7404747761146383e-08  -1.2614849673968607e-06
 +7   +2.2325706779508989e-08  +3.9598418665687312e-07
 +8   -8.6373182832070230e-09  -1.2158140114480122e-07
 +9   +3.0380720160543004e-09  +3.6683252812807720e-08
+10   -1.0093852807680215e-09  -1.0912661378012004e-08
+11   +3.2277426776213829e-10  +3.2086071731210717e-09
+12   -1.0040428939187450e-10  -9.3418157450244141e-10
+13   +3.0585415741060956e-11  +2.6971259416773778e-10
+14   -9.1649115825627278e-12  -7.7307578879818794e-11
+15   +2.7099256533313983e-12  +2.2019018246657055e-11
+16   -7.9253998179700111e-13  -6.2365839165937955e-12
+17   +2.2962657547865398e-13  +1.7578260293421290e-12
+18   -6.6029631156857412e-14  -4.9317057375734878e-13
+19   +1.8832769857925337e-14  +1.3791062863764657e-13
+20   -5.3638045836694489e-15  -3.8335159859704248e-14
+21   +1.4966421986760685e-15  +1.0708016730433271e-14
+22   -4.4003300410156851e-16  -2.9010973925255282e-15
+23   +1.0472113871461887e-16  +8.6074363467726132e-16
+24   -4.6694682409864687e-17  -1.7927243061436229e-16
+25   -4.8688112124751033e-18  +1.0367430479108439e-16
+26   -1.7608970201277365e-17  +2.4083733307052372e-17
+27   -1.3679007931934271e-17  +4.4231013174381240e-17
+28   -1.4812427600722202e-17  +3.6396896039773248e-17
+29   -1.3357968778285451e-17  +3.7395165613275656e-17
+30   -1.4802973353179520e-17  +3.5968836459970382e-17

