-30   +1.2976159951919888e-17  -5.6050023086625456e-18
-29   -3.6044676376871631e-18  -4.9458367968029986e-18
-28   -9.7267273996035836e-18  -5.5772439481894284e-18
-27   -1.0910172334775705e-18  -5.3450833415799859e-18
-26   +7.5590566466623753e-19  -5.8165357866701904e-18
-25   -1.7906260053607266e-18  -5.5866577239016824e-18
-24   -2.8642337892928825e-17  -6.8170738500752463e-18
-23   +6.7969239292093307e-17  -7.1720850019979907e-18
-22   -2.3891357736572825e-16  -6.6683994521364202e-18
-21   +9.6473858992353121e-16  -6.2727005421925555e-18
-20   -3.6599914618245630e-15  -8.3487461824226407e-18
-19   +1.3775615765595000e-14  -8.6087392218312354e-18
-18   -5.1720209925047756e-14  -8.8828402507171464e-18
-17   +1.9408747057593894e-13  -8.8084787919424429e-18
-16   -7.2748835734536194e-13  -1.0728163089412007e-17
-15   +2.7219018004510030e-12  -1.0441473963576095e-17
-14   -1.0164352188987651e-11  -1.1875118970882894e-17
-13   +3.7872431942889114e-11  -1.2895116397949105e-17
-12   -1.4075474016608047e-10  -1.2975409535294739e-17
-11   +5.2158279271384444e-10  -1.5548211832654183e-17
-10   -1.9261247132076464e-09  -1.6697797338390924e-17
 -9   +7.0837420106793314e-09  -1.8279676690207886e-17
 -8   -2.5923622478816462e-08  -1.8152801028316109e-17
 -7   +9.4289674933949156e-08  -2.7717714019230116e-17
 -6   -3.4037662522876758e-07  +6.6887166305436644e-16
 -5   +1.2157132760802205e-06  -7.4271896221023350e-16
 -4   -4.2929516317865537e-06  +2.2701571272653457e-13
 -3   +1.4651797693903091e-05  -2.4825724362006971e-13
 -2   -5.0811041707508105e-05  +1.5312694803888120e-10
 -1   +1.9835753087951472e-05  -8.2132591946590519e-13
 +0   -2.6202709212145374e-09  +0.0000000000000000e+00
 +1   +1.9835753087951472e-05  +8.2132591946590519e-13
 +2   -5.0811041707508105e-05  -1.5312694803888120e-10
 +3   +1.4651797693903091e-05  +2.4825724362006971e-13
 +4   -4.2929516317865537e-06  -2.2701571272653457e-13
 +5   +1.2157132760802205e-06  +7.4271896221023350e-16
 +6   -3.4037662522876758e-07  -6.6887166305436644e-16
 +7   +9.4289674933949156e-08  +2.7717714019230116e-17
 +8   -2.5923622478816462e-08  +1.8152801028316109e-17
 +9   +7.0837420106793314e-09  +1.8279676690207886e-17
+10   -1.9261247132076464e-09  +1.6697797338390924e-17
+11   +5.2158279271384444e-10  +1.5548211832654183e-17
+12   -1.4075474016608047e-10  +1.2975409535294739e-17
+13   +3.7872431942889114e-11  +1.2895116397949105e-17
+14   -1.0164352188987651e-11  +1.1875118970882894e-17
+15   +2.7219018004510030e-12  +1.0441473963576095e-17
+16   -7.2748835734536194e-13  +1.0728163089412007e-17
+17   +1.9408747057593894e-13  +8.8084787919424429e-18
+18   -5.1720209925047756e-14  +8.8828402507171464e-18
+19   +1.3775615765595000e-14  +8.6087392218312354e-18
+20   -3.6599914618245630e-15  +8.3487461824226407e-18
+21   +9.6473858992353121e-16  +6.2727005421925555e-18
+22   -2.3891357736572825e-16  +6.6683994521364202e-18
+23   +6.7969239292093307e-17  +7.1720850019979907e-18
+24   -2.8642337892928825e-17  +6.8170738500752463e-18
+25   -1.7906260053607266e-18  +5.5866577239016824e-18
+26   +7.5590566466623753e-19  +5.8165357866701904e-18
+27   -1.0910172334775705e-18  +5.3450833415799859e-18
+28   -9.7267273996035836e-18  +5.5772439481894284e-18
+29   -3.6044676376871631e-18  +4.9458367968029986e-18
+30   +1.2976159951919888e-17  +5.6050023086625456e-18

