-30   -1.9013422383486369e-17  -6.5979670376612471e-18
-29   +3.3107864353227014e-19  -6.6960460146881566e-18
-28   +3.6858128993391859e-18  -7.6183957710700938e-18
-27   -5.4140632386482224e-18  -3.6411725463012408e-18
-26   +3.3684192914092190e-18  -1.9089583987029095e-17
-25   -4.3180839559336613e-17  +3.5775257437524863e-17
-24   +1.6675056995181775e-16  -1.6801470952501833e-16
-23   -5.8588966481471403e-16  +5.7581819575371990e-16
-22   +2.0824790790381404e-15  -2.1239118662377337e-15
-21   -7.6036831002142009e-15  +7.6356588608435007e-15
-20   +2.7379681010525897e-14  -2.7555040476552635e-14
-19   -9.8285130951668123e-14  +9.8921727155650052e-14
-18   +3.5138864059714107e-13  -3.5406900326854230e-13
-17   -1.2514983628383655e-12  +1.2621383497330892e-12
-16   +4.4377041334367648e-12  -4.4797557073205030e-12
-15   -1.5657635032448766e-11  +1.5822618403153638e-11
-14   +5.4937223811903937e-11  -5.5580644443283822e-11
-13   -1.9153804748323641e-10  +1.9403074996160531e-10
-12   +6.6297586568947996e-10  -6.7256714095637771e-10
-11   -2.2756766703558159e-09  +2.3123077765496194e-09
-10   +7.7355154241985947e-09  -7.8742677338241457e-09
 -9   -2.5993519490844274e-08  +2.6514189068645935e-08
 -8   +8.6147612311414608e-08  -8.8080228114670803e-08
 -7   -2.8073052331616224e-07  +2.8781368320059916e-07
 -6   +8.9580984701646240e-07  -9.2137667516815379e-07
 -5   -2.7813967135492263e-06  +2.8723663020768667e-06
 -4   +8.3387338638265500e-06  -8.6573947404556769e-06
 -3   -2.3521503997549672e-05  +2.4693580149977902e-05
 -2   +6.3158103502457453e-05  -6.8116089713850887e-05
 -1   -7.6971712381006282e-06  +8.5620070025556504e-06
 +0   -1.1178136925323981e-02  +0.0000000000000000e+00
 +1   -7.6971712381006282e-06  -8.5620070025556504e-06
 +2   +6.3158103502457453e-05  +6.8116089713850887e-05
 +3   -2.3521503997549672e-05  -2.4693580149977902e-05
 +4   +8.3387338638265500e-06  +8.6573947404556769e-06
 +5   -2.7813967135492263e-06  -2.8723663020768667e-06
 +6   +8.9580984701646240e-07  +9.2137667516815379e-07
 +7   -2.8073052331616224e-07  -2.8781368320059916e-07
 +8   +8.6147612311414608e-08  +8.8080228114670803e-08
 +9   -2.5993519490844274e-08  -2.6514189068645935e-08
+10   +7.7355154241985947e-09  +7.8742677338241457e-09
+11   -2.2756766703558159e-09  -2.3123077765496194e-09
+12   +6.6297586568947996e-10  +6.7256714095637771e-10
+13   -1.9153804748323641e-10  -1.9403074996160531e-10
+14   +5.4937223811903937e-11  +5.5580644443283822e-11
+15   -1.5657635032448766e-11  -1.5822618403153638e-11
+16   +4.4377041334367648e-12  +4.4797557073205030e-12
+17   -1.2514983628383655e-12  -1.2621383497330892e-12
+18   +3.5138864059714107e-13  +3.5406900326854230e-13
+19   -9.8285130951668123e-14  -9.8921727155650052e-14
+20   +2.7379681010525897e-14  +2.7555040476552635e-14
+21   -7.6036831002142009e-15  -7.6356588608435007e-15
+22   +2.0824790790381404e-15  +2.1239118662377337e-15
+23   -5.8588966481471403e-16  -5.7581819575371990e-16
+24   +1.6675056995181775e-16  +1.6801470952501833e-16
+25   -4.3180839559336613e-17  -3.5775257437524863e-17
+26   +3.3684192914092190e-18  +1.9089583987029095e-17
+27   -5.4140632386482224e-18  +3.6411725463012408e-18
+28   +3.6858128993391859e-18  +7.6183957710700938e-18
+29   +3.3107864353227014e-19  +6.6960460146881566e-18
+30   -1.9013422383486369e-17  +6.5979670376612471e-18

