-30   -5.1508839839004204e-17  -1.8161876471810855e-16
-29   -7.9169624937506605e-17  -1.8768637836407037e-16
-28   -8.4122454503975185e-17  -1.9567896359065086e-16
-27   -7.1053711716109387e-17  -2.0331880758932527e-16
-26   -8.3195233631538492e-17  -2.1166795950210471e-16
-25   -2.5667510746589243e-17  -2.2017036691565917e-16
-24   -2.8154322749724396e-16  -2.3102819796223463e-16
-23   +6.2504360071723878e-16  -2.4278889475737863e-16
-22   -2.5757099541001478e-15  -2.5376279171841697e-16
-21   +9.0812535074948530e-15  -2.6907944180818523e-16
-20   -3.3121425486934375e-14  -2.6409404410316689e-16
-19   +1.1877398031779313e-13  -3.6126364060113953e-16
-18   -4.2587575177996582e-13  -5.4271552906950048e-17
-17   +1.5199875789489943e-12  -1.3602808774064832e-15
-16   -5.4042055389427140e-12  +3.7521278826370390e-15
-15   +1.9123182404120984e-11  -1.6796034852641688e-14
-14   -6.7317954755924911e-11  +6.5457700701648221e-14
-13   +2.3557959983311182e-10  -2.6544547268050045e-13
-12   -8.1890196019742638e-10  +1.0699711168914419e-12
-11   +2.8247645328947332e-09  -4.3440898527465913e-12
-10   -9.6573221650845659e-09  +1.7722243463934270e-11
 -9   +3.2672687806474442e-08  -7.2810066009962193e-11
 -8   -1.0917187209650389e-07  +3.0172165009425912e-10
 -7   +3.5933576500082213e-07  -1.2644980420477283e-09
 -6   -1.1611190137049443e-06  +5.3816103642051541e-09
 -5   +3.6639689433232939e-06  -2.3394691494212397e-08
 -4   -1.1228944094217908e-05  +1.0528502975012493e-07
 -3   +3.2669545739400490e-05  -4.9479400570464837e-07
 -2   -9.2638902357763248e-05  +2.6946388382189132e-06
 -1   +1.6915033645837970e-05  -1.4579501639562704e-06
 +0   +1.1206557302191258e-08  +0.0000000000000000e+00
 +1   +1.6915033645837970e-05  +1.4579501639562704e-06
 +2   -9.2638902357763248e-05  -2.6946388382189132e-06
 +3   +3.2669545739400490e-05  +4.9479400570464837e-07
 +4   -1.1228944094217908e-05  -1.0528502975012493e-07
 +5   +3.6639689433232939e-06  +2.3394691494212397e-08
 +6   -1.1611190137049443e-06  -5.3816103642051541e-09
 +7   +3.5933576500082213e-07  +1.2644980420477283e-09
 +8   -1.0917187209650389e-07  -3.0172165009425912e-10
 +9   +3.2672687806474442e-08  +7.2810066009962193e-11
+10   -9.6573221650845659e-09  -1.7722243463934270e-11
+11   +2.8247645328947332e-09  +4.3440898527465913e-12
+12   -8.1890196019742638e-10  -1.0699711168914419e-12
+13   +2.3557959983311182e-10  +2.6544547268050045e-13
+14   -6.7317954755924911e-11  -6.5457700701648221e-14
+15   +1.9123182404120984e-11  +1.6796034852641688e-14
+16   -5.4042055389427140e-12  -3.7521278826370390e-15
+17   +1.5199875789489943e-12  +1.3602808774064832e-15
+18   -4.2587575177996582e-13  +5.4271552906950048e-17
+19   +1.1877398031779313e-13  +3.6126364060113953e-16
+20   -3.3121425486934375e-14  +2.6409404410316689e-16
+21   +9.0812535074948530e-15  +2.6907944180818523e-16
+22   -2.5757099541001478e-15  +2.5376279171841697e-16
+23   +6.2504360071723878e-16  +2.4278889475737863e-16
+24   -2.8154322749724396e-16  +2.3102819796223463e-16
+25   -2.5667510746589243e-17  +2.2017036691565917e-16
+26   -8.3195233631538492e-17  +2.1166795950210471e-16
+27   -7.1053711716109387e-17  +2.0331880758932527e-16
+28   -8.4122454503975185e-17  +1.9567896359065086e-16
+29   -7.9169624937506605e-17  +1.8768637836407037e-16
+30   -5.1508839839004204e-17  +1.8161876471810855e-16

