-30   -1.9242986390644400e-17  +5.4567046322264727e-18
-29   +4.3504648371685730e-18  +5.8414764221821381e-18
-28   +1.1816569757298946e-17  +4.9889959716212087e-18
-27   -3.6696996199995257e-18  +4.9532512094292349e-18
-26   +1.7291685770269224e-17  +7.1453145971963917e-18
-25   -6.7804921870170484e-17  +5.1925385836705908e-18
-24   +2.8169130394660328e-16  +6.9246325796662305e-18
-23   -9.7428049527803268e-16  +8.3583477882933689e-18
-22   +3.4977951150009662e-15  +6.7537434742238360e-18
-21   -1.2712338036639773e-14  +1.0997893525771710e-17
-20   +4.5761425814897551e-14  -9.3991689934698878e-18
-19   -1.6408377687506553e-13  +7.2691634441870364e-17
-18   +5.8606668390902029e-13  -2.4870460341355673e-16
-17   -2.0849198795989286e-12  +1.0393989893130109e-15
-16   +7.3835992806856249e-12  -4.0937044610637539e-15
-15   -2.6015091045858813e-11  +1.6430850102998695e-14
-14   +9.1134997639546073e-11  -6.5845955758437021e-14
-13   -3.1718291959339365e-10  +2.6502213154689133e-13
-12   +1.0956976639542265e-09  -1.0704305250668284e-12
-11   -3.7525395361813815e-09  +4.3435846638410155e-12
-10   +1.2722910204670201e-08  -1.7722794228305483e-11
 -9   -4.2626391447080298e-08  +7.2809451282236847e-11
 -8   +1.4079131529032643e-07  -3.0172233394758181e-10
 -7   -4.5699973512407600e-07  +1.2644972423138283e-09
 -6   +1.4517619163826348e-06  -5.3816098971848624e-09
 -5   -4.4858068669718310e-06  +2.3394688966858316e-08
 -4   +1.3387794773781410e-05  -1.0528457702711933e-07
 -3   -3.7771960949419113e-05  +4.9479350744809701e-07
 -2   +1.0350893531151232e-04  -2.6943325869496184e-06
 -1   -1.1369995526459577e-05  +1.4579485160192978e-06
 +0   +7.7446866957105725e-09  +0.0000000000000000e+00
 +1   -1.1369995526459577e-05  -1.4579485160192978e-06
 +2   +1.0350893531151232e-04  +2.6943325869496184e-06
 +3   -3.7771960949419113e-05  -4.9479350744809701e-07
 +4   +1.3387794773781410e-05  +1.0528457702711933e-07
 +5   -4.4858068669718310e-06  -2.3394688966858316e-08
 +6   +1.4517619163826348e-06  +5.3816098971848624e-09
 +7   -4.5699973512407600e-07  -1.2644972423138283e-09
 +8   +1.4079131529032643e-07  +3.0172233394758181e-10
 +9   -4.2626391447080298e-08  -7.2809451282236847e-11
+10   +1.2722910204670201e-08  +1.7722794228305483e-11
+11   -3.7525395361813815e-09  -4.3435846638410155e-12
+12   +1.0956976639542265e-09  +1.0704305250668284e-12
+13   -3.1718291959339365e-10  -2.6502213154689133e-13
+14   +9.1134997639546073e-11  +6.5845955758437021e-14
+15   -2.6015091045858813e-11  -1.6430850102998695e-14
+16   +7.3835992806856249e-12  +4.0937044610637539e-15
+17   -2.0849198795989286e-12  -1.0393989893130109e-15
+18   +5.8606668390902029e-13  +2.4870460341355673e-16
+19   -1.6408377687506553e-13  -7.2691634441870364e-17
+20   +4.5761425814897551e-14  +9.3991689934698878e-18
+21   -1.2712338036639773e-14  -1.0997893525771710e-17
+22   +3.4977951150009662e-15  -6.7537434742238360e-18
+23   -9.7428049527803268e-16  -8.3583477882933689e-18
+24   +2.8169130394660328e-16  -6.9246325796662305e-18
+25   -6.7804921870170484e-17  -5.1925385836705908e-18
+26   +1.7291685770269224e-17  -7.1453145971963917e-18
+27   -3.6696996199995257e-18  -4.9532512094292349e-18
+28   +1.1816569757298946e-17  -4.9889959716212087e-18
+29   +4.3504648371685730e-18  -5.8414764221821381e-18
+30   -1.9242986390644400e-17  -5.4567046322264727e-18

