-30   +9.1254982703022469e-18  -1.5339038120163565e-17
-29   -8.7365159998270126e-18  -1.5813279888487691e-17
-28   -1.3407448481213253e-17  -1.7203600653514973e-17
-27   -2.9334237687982816e-18  -1.3149960897522851e-17
-26   -1.4131857721405587e-17  -3.0425195329176863e-17
-25   +3.5077652057530456e-17  +2.5750306297949304e-17
-24   -1.7485171979432750e-16  -1.8044838524423590e-16
-23   +5.7698805407559483e-16  +5.6271735817555709e-16
-22   -2.0918898240212194e-15  -2.1350578590198932e-15
-21   +7.5968474502348155e-15  +7.6133099828296652e-15
-20   -2.7398697655819722e-14  -2.7530821071315030e-14
-19   +9.8316546568539458e-14  +9.8759490650965625e-14
-18   -3.5155592346106307e-13  -3.5349909010816397e-13
-17   +1.2521198227422431e-12  +1.2597941383793429e-12
-16   -4.4402404409063143e-12  -4.4704967430147676e-12
-15   +1.5667793443699611e-11  +1.5785545574209260e-11
-14   -5.4978289915835208e-11  -5.5432279883275769e-11
-13   +1.9170453280944591e-10  +1.9343475512462477e-10
-12   -6.6365448056264937e-10  -6.7016504967731730e-10
-11   +2.2784596145025862e-09  +2.3025853150373856e-09
-10   -7.7470150285942074e-09  -7.8347180192947800e-09
 -9   +2.6041492204298242e-08  +2.6352308320332461e-08
 -8   -8.6350215477274242e-08  -8.7412468881917118e-08
 -7   +2.8160028834250843e-07  +2.8503157298581113e-07
 -6   -8.9962962955829577e-07  -9.0962810647739543e-07
 -5   +2.7987314954703201e-06  +2.8218502188552018e-06
 -4   -8.4216759662191982e-06  -8.4336960551638297e-06
 -3   +2.3951246019840759e-05  +2.3672101241527236e-05
 -2   -6.5914974050259808e-05  -6.2848626188846020e-05
 -1   +9.3171738512303739e-06  +5.4877121491116812e-06
 +0   -1.1178129367552542e-02  +0.0000000000000000e+00
 +1   +9.3171738512303739e-06  -5.4877121491116812e-06
 +2   -6.5914974050259808e-05  +6.2848626188846020e-05
 +3   +2.3951246019840759e-05  -2.3672101241527236e-05
 +4   -8.4216759662191982e-06  +8.4336960551638297e-06
 +5   +2.7987314954703201e-06  -2.8218502188552018e-06
 +6   -8.9962962955829577e-07  +9.0962810647739543e-07
 +7   +2.8160028834250843e-07  -2.8503157298581113e-07
 +8   -8.6350215477274242e-08  +8.7412468881917118e-08
 +9   +2.6041492204298242e-08  -2.6352308320332461e-08
+10   -7.7470150285942074e-09  +7.8347180192947800e-09
+11   +2.2784596145025862e-09  -2.3025853150373856e-09
+12   -6.6365448056264937e-10  +6.7016504967731730e-10
+13   +1.9170453280944591e-10  -1.9343475512462477e-10
+14   -5.4978289915835208e-11  +5.5432279883275769e-11
+15   +1.5667793443699611e-11  -1.5785545574209260e-11
+16   -4.4402404409063143e-12  +4.4704967430147676e-12
+17   +1.2521198227422431e-12  -1.2597941383793429e-12
+18   -3.5155592346106307e-13  +3.5349909010816397e-13
+19   +9.8316546568539458e-14  -9.8759490650965625e-14
+20   -2.7398697655819722e-14  +2.7530821071315030e-14
+21   +7.5968474502348155e-15  -7.6133099828296652e-15
+22   -2.0918898240212194e-15  +2.1350578590198932e-15
+23   +5.7698805407559483e-16  -5.6271735817555709e-16
+24   -1.7485171979432750e-16  +1.8044838524423590e-16
+25   +3.5077652057530456e-17  -2.5750306297949304e-17
+26   -1.4131857721405587e-17  +3.0425195329176863e-17
+27   -2.9334237687982816e-18  +1.3149960897522851e-17
+28   -1.3407448481213253e-17  +1.7203600653514973e-17
+29   -8.7365159998270126e-18  +1.5813279888487691e-17
+30   +9.1254982703022469e-18  +1.5339038120163565e-17

