-30   +1.6775217995021462e-17  +1.4736637666641967e-18
-29   -2.4791869995291768e-18  +2.5693550291133470e-18
-28   -5.2301501989673448e-18  +1.8425517370424221e-18
-27   +3.3358477684098208e-18  +5.1975238251628294e-18
-26   -5.7959987974012937e-18  -8.9843995941601178e-18
-25   +4.1963051086384635e-17  +4.6719640258622268e-17
-24   -1.6643308642350141e-16  -1.5817523776571139e-16
-23   +5.8370430228962511e-16  +5.8664110442163233e-16
-22   -2.0845558913878746e-15  -2.1118092482296344e-15
-21   +7.6017482868496931e-15  +7.6480945405623994e-15
-20   -2.7380868480693520e-14  -2.7541367447013089e-14
-19   +9.8284405850259534e-14  +9.8936281122892185e-14
-18   -3.5138984208486532e-13  -3.5405399768973653e-13
-17   +1.2514962994669150e-12  +1.2621547901969246e-12
-16   -4.4377061143664465e-12  -4.4797405737417726e-12
-15   +1.5657633200272092e-11  +1.5822638449083823e-11
-14   -5.4937226467836812e-11  -5.5580623572063631e-11
-13   +1.9153804623869797e-10  +1.9403077048361907e-10
-12   -6.6297586899086429e-10  -6.7256711814102415e-10
-11   +2.2756766685521316e-09  +2.3123078018647405e-09
-10   -7.7355154271277521e-09  -7.8742677062116243e-09
 -9   +2.5993519488556113e-08  +2.6514189098354312e-08
 -8   -8.6147612312766486e-08  -8.8080228077659844e-08
 -7   +2.8073052331562236e-07  +2.8781368323651166e-07
 -6   -8.9580984702148001e-07  -9.2137667512169319e-07
 -5   +2.7813967135473269e-06  +2.8723663021314457e-06
 -4   -8.3387338638341733e-06  -8.6573947403846142e-06
 -3   +2.3521503997549099e-05  +2.4693580150070405e-05
 -2   -6.3158103502492595e-05  -6.8116089713721189e-05
 -1   +7.6971712380245866e-06  +8.5620070028163874e-06
 +0   +1.1178136925325483e-02  +0.0000000000000000e+00
 +1   +7.6971712380245866e-06  -8.5620070028163874e-06
 +2   -6.3158103502492595e-05  +6.8116089713721189e-05
 +3   +2.3521503997549099e-05  -2.4693580150070405e-05
 +4   -8.3387338638341733e-06  +8.6573947403846142e-06
 +5   +2.7813967135473269e-06  -2.8723663021314457e-06
 +6   -8.9580984702148001e-07  +9.2137667512169319e-07
 +7   +2.8073052331562236e-07  -2.8781368323651166e-07
 +8   -8.6147612312766486e-08  +8.8080228077659844e-08
 +9   +2.5993519488556113e-08  -2.6514189098354312e-08
+10   -7.7355154271277521e-09  +7.8742677062116243e-09
+11   +2.2756766685521316e-09  -2.3123078018647405e-09
+12   -6.6297586899086429e-10  +6.7256711814102415e-10
+13   +1.9153804623869797e-10  -1.9403077048361907e-10
+14   -5.4937226467836812e-11  +5.5580623572063631e-11
+15   +1.5657633200272092e-11  -1.5822638449083823e-11
+16   -4.4377061143664465e-12  +4.4797405737417726e-12
+17   +1.2514962994669150e-12  -1.2621547901969246e-12
+18   -3.5138984208486532e-13  +3.5405399768973653e-13
+19   +9.8284405850259534e-14  -9.8936281122892185e-14
+20   -2.7380868480693520e-14  +2.7541367447013089e-14
+21   +7.6017482868496931e-15  -7.6480945405623994e-15
+22   -2.0845558913878746e-15  +2.1118092482296344e-15
+23   +5.8370430228962511e-16  -5.8664110442163233e-16
+24   -1.6643308642350141e-16  +1.5817523776571139e-16
+25   +4.1963051086384635e-17  -4.6719640258622268e-17
+26   -5.7959987974012937e-18  +8.9843995941601178e-18
+27   +3.3358477684098208e-18  -5.1975238251628294e-18
+28   -5.2301501989673448e-18  -1.8425517370424221e-18
+29   -2.4791869995291768e-18  -2.5693550291133470e-18
+30   +1.6775217995021462e-17  -1.4736637666641967e-18

