-30   -9.9660030427981177e-18  +1.4494424406516763e-17
-29   +7.9617028132137243e-18  +1.5257170676099188e-17
-28   +1.2383041847073444e-17  +1.4179226974879128e-17
-27   +2.0060825120353339e-18  +1.8444840925240304e-17
-26   +1.3204505402807111e-17  +4.0945278509524845e-18
-25   -3.5387760117582913e-17  +6.0754784621936491e-17
-24   +1.7393112701286431e-16  -1.4243825163978845e-16
-23   -5.7742985016446027e-16  +6.0191712390530724e-16
-22   +2.0909835707537965e-15  -2.0939602970054767e-15
-21   -7.5984885989897938e-15  +7.6551151108037244e-15
-20   +2.7397772469965862e-14  -2.7486828341349225e-14
-19   -9.8317199180555074e-14  +9.8806457414164696e-14
-18   +3.5155497435141461e-13  -3.5344877992856819e-13
-17   -1.2521207302552858e-12  +1.2598475466710863e-12
-16   +4.4402390930184142e-12  -4.4704382115175072e-12
-15   -1.5667794528883162e-11  +1.5785605035854790e-11
-14   +5.4978288681689606e-11  -5.5432213750277380e-11
-13   -1.9170453388385623e-10  +1.9343482483640744e-10
-12   +6.6365447948561255e-10  -6.7016497414704343e-10
-11   -2.2784596157038116e-09  +2.3025853957917403e-09
-10   +7.7470150269444254e-09  -7.8347179272200752e-09
 -9   -2.6041492205361030e-08  +2.6352308421966525e-08
 -8   +8.6350215474872744e-08  -8.7412468768203805e-08
 -7   -2.8160028834512391e-07  +2.8503157311835437e-07
 -6   +8.9962962955485777e-07  -9.0962810632442816e-07
 -5   -2.7987314954732123e-06  +2.8218502190368561e-06
 -4   +8.4216759662121898e-06  -8.4336960549328794e-06
 -3   -2.3951246019844791e-05  +2.3672101241833760e-05
 -2   +6.5914974050224247e-05  -6.2848626188388013e-05
 -1   -9.3171738513266087e-06  +5.4877121499904220e-06
 +0   +1.1178129367550478e-02  +0.0000000000000000e+00
 +1   -9.3171738513266087e-06  -5.4877121499904220e-06
 +2   +6.5914974050224247e-05  +6.2848626188388013e-05
 +3   -2.3951246019844791e-05  -2.3672101241833760e-05
 +4   +8.4216759662121898e-06  +8.4336960549328794e-06
 +5   -2.7987314954732123e-06  -2.8218502190368561e-06
 +6   +8.9962962955485777e-07  +9.0962810632442816e-07
 +7   -2.8160028834512391e-07  -2.8503157311835437e-07
 +8   +8.6350215474872744e-08  +8.7412468768203805e-08
 +9   -2.6041492205361030e-08  -2.6352308421966525e-08
+10   +7.7470150269444254e-09  +7.8347179272200752e-09
+11   -2.2784596157038116e-09  -2.3025853957917403e-09
+12   +6.6365447948561255e-10  +6.7016497414704343e-10
+13   -1.9170453388385623e-10  -1.9343482483640744e-10
+14   +5.4978288681689606e-11  +5.5432213750277380e-11
+15   -1.5667794528883162e-11  -1.5785605035854790e-11
+16   +4.4402390930184142e-12  +4.4704382115175072e-12
+17   -1.2521207302552858e-12  -1.2598475466710863e-12
+18   +3.5155497435141461e-13  +3.5344877992856819e-13
+19   -9.8317199180555074e-14  -9.8806457414164696e-14
+20   +2.7397772469965862e-14  +2.7486828341349225e-14
+21   -7.5984885989897938e-15  -7.6551151108037244e-15
+22   +2.0909835707537965e-15  +2.0939602970054767e-15
+23   -5.7742985016446027e-16  -6.0191712390530724e-16
+24   +1.7393112701286431e-16  +1.4243825163978845e-16
+25   -3.5387760117582913e-17  -6.0754784621936491e-17
+26   +1.3204505402807111e-17  -4.0945278509524845e-18
+27   +2.0060825120353339e-18  -1.8444840925240304e-17
+28   +1.2383041847073444e-17  -1.4179226974879128e-17
+29   +7.9617028132137243e-18  -1.5257170676099188e-17
+30   -9.9660030427981177e-18  -1.4494424406516763e-17

