-30   +1.3518117898551778e-17  -5.1445702696077801e-18
-29   -3.6870518325253473e-18  -5.7548063998776871e-18
-28   -8.9482466502549216e-18  -6.2682935396670503e-18
-27   -9.6874875144780241e-19  -5.9308828049033471e-18
-26   +4.0246386802810677e-19  -5.7133893587649194e-18
-25   -1.5827912281657012e-18  -6.4778113010119399e-18
-24   -2.8875542331186893e-17  -7.0512271522554292e-18
-23   +6.7965328253242555e-17  -6.9216746755204383e-18
-22   -2.3840027580662846e-16  -6.6656640279007211e-18
-21   +9.6450395571765879e-16  -7.0962155119449859e-18
-20   -3.6600622979088876e-15  -8.0762590073685085e-18
-19   +1.3775542831307204e-14  -9.1074880080020494e-18
-18   -5.1720712659814763e-14  -9.2918648828092883e-18
-17   +1.9408761742876784e-13  -8.4382176073972988e-18
-16   -7.2748771009137118e-13  -1.0134435032229509e-17
-15   +2.7219019543808853e-12  -1.0056268039163734e-17
-14   -1.0164352081237465e-11  -1.2214963991682818e-17
-13   +3.7872431932990120e-11  -1.2382691953789821e-17
-12   -1.4075474011798020e-10  -1.2705016117376672e-17
-11   +5.2158279271385023e-10  -1.5736120227852076e-17
-10   -1.9261247130213273e-09  -1.6478550155645237e-17
 -9   +7.0837420108102840e-09  -1.7975465529045836e-17
 -8   -2.5923622478881491e-08  -2.3547726928487590e-17
 -7   +9.4289674934118312e-08  -2.1800736347224516e-17
 -6   -3.4037662522859823e-07  -7.2462762020275218e-16
 -5   +1.2157132760800380e-06  +6.7592624268196665e-16
 -4   -4.2929516317867511e-06  -2.2709521681551990e-13
 -3   +1.4651797693903091e-05  +2.4814613208191029e-13
 -2   -5.0811041707508200e-05  -1.5312711678296306e-10
 -1   +1.9835753087951465e-05  +8.2102725270775030e-13
 +0   -2.6202709216260754e-09  +0.0000000000000000e+00
 +1   +1.9835753087951465e-05  -8.2102725270775030e-13
 +2   -5.0811041707508200e-05  +1.5312711678296306e-10
 +3   +1.4651797693903091e-05  -2.4814613208191029e-13
 +4   -4.2929516317867511e-06  +2.2709521681551990e-13
 +5   +1.2157132760800380e-06  -6.7592624268196665e-16
 +6   -3.4037662522859823e-07  +7.2462762020275218e-16
 +7   +9.4289674934118312e-08  +2.1800736347224516e-17
 +8   -2.5923622478881491e-08  +2.3547726928487590e-17
 +9   +7.0837420108102840e-09  +1.7975465529045836e-17
+10   -1.9261247130213273e-09  +1.6478550155645237e-17
+11   +5.2158279271385023e-10  +1.5736120227852076e-17
+12   -1.4075474011798020e-10  +1.2705016117376672e-17
+13   +3.7872431932990120e-11  +1.2382691953789821e-17
+14   -1.0164352081237465e-11  +1.2214963991682818e-17
+15   +2.7219019543808853e-12  +1.0056268039163734e-17
+16   -7.2748771009137118e-13  +1.0134435032229509e-17
+17   +1.9408761742876784e-13  +8.4382176073972988e-18
+18   -5.1720712659814763e-14  +9.2918648828092883e-18
+19   +1.3775542831307204e-14  +9.1074880080020494e-18
+20   -3.6600622979088876e-15  +8.0762590073685085e-18
+21   +9.6450395571765879e-16  +7.0962155119449859e-18
+22   -2.3840027580662846e-16  +6.6656640279007211e-18
+23   +6.7965328253242555e-17  +6.9216746755204383e-18
+24   -2.8875542331186893e-17  +7.0512271522554292e-18
+25   -1.5827912281657012e-18  +6.4778113010119399e-18
+26   +4.0246386802810677e-19  +5.7133893587649194e-18
+27   -9.6874875144780241e-19  +5.9308828049033471e-18
+28   -8.9482466502549216e-18  +6.2682935396670503e-18
+29   -3.6870518325253473e-18  +5.7548063998776871e-18
+30   +1.3518117898551778e-17  +5.1445702696077801e-18

