-30   -5.1171208701653297e-17  -1.8191279986445158e-16
-29   -7.9556063230663689e-17  -1.8859959056666588e-16
-28   -8.4741412935127456e-17  -1.9638559934542107e-16
-27   -7.1423720562468924e-17  -2.0341264084294714e-16
-26   -8.2840533011849720e-17  -2.1249015402222372e-16
-25   -2.5198961641129317e-17  -2.2124957203001625e-16
-24   -2.8118941518953369e-16  -2.3255480850277294e-16
-23   +6.2489044252303247e-16  -2.4314967170781708e-16
-22   -2.5758127788351891e-15  -2.5542901857459044e-16
-21   +9.0818614997591877e-15  -2.6186065665458350e-16
-20   -3.3122328581184436e-14  -2.9694701329830260e-16
-19   +1.1877403123387971e-13  -2.3006220804760489e-16
-18   -4.2587576724825837e-13  -5.7117342588550450e-16
-17   +1.5199877133354049e-12  +6.9804278002944994e-16
-16   -5.4042052206825766e-12  -4.4602543946208567e-15
-15   +1.9123181572109433e-11  +1.6044201694595297e-14
-14   -6.7317955335365356e-11  -6.6262525186039421e-14
-13   +2.3557959995452389e-10  +2.6457217064084768e-13
-12   -8.1890196129888654e-10  -1.0709177369126755e-12
-11   +2.8247645323562680e-09  +4.3430527757524607e-12
-10   -9.6573221653302071e-09  -1.7723379874486736e-11
 -9   +3.2672687806110893e-08  +7.2808800700233356e-11
 -8   -1.0917187209599163e-07  -3.0172307329038101e-10
 -7   +3.5933576500201570e-07  +1.2644964032148379e-09
 -6   -1.1611190137057724e-06  -5.3816122732524030e-09
 -5   +3.6639689433242019e-06  +2.3394689211124407e-08
 -4   -1.1228944094217678e-05  -1.0528503261217095e-07
 -3   +3.2669545739401398e-05  +4.9479400188211044e-07
 -2   -9.2638902357764156e-05  -2.6946388439548272e-06
 -1   +1.6915033645839980e-05  +1.4579501525459043e-06
 +0   +1.1206557357095904e-08  +0.0000000000000000e+00
 +1   +1.6915033645839980e-05  -1.4579501525459043e-06
 +2   -9.2638902357764156e-05  +2.6946388439548272e-06
 +3   +3.2669545739401398e-05  -4.9479400188211044e-07
 +4   -1.1228944094217678e-05  +1.0528503261217095e-07
 +5   +3.6639689433242019e-06  -2.3394689211124407e-08
 +6   -1.1611190137057724e-06  +5.3816122732524030e-09
 +7   +3.5933576500201570e-07  -1.2644964032148379e-09
 +8   -1.0917187209599163e-07  +3.0172307329038101e-10
 +9   +3.2672687806110893e-08  -7.2808800700233356e-11
+10   -9.6573221653302071e-09  +1.7723379874486736e-11
+11   +2.8247645323562680e-09  -4.3430527757524607e-12
+12   -8.1890196129888654e-10  +1.0709177369126755e-12
+13   +2.3557959995452389e-10  -2.6457217064084768e-13
+14   -6.7317955335365356e-11  +6.6262525186039421e-14
+15   +1.9123181572109433e-11  -1.6044201694595297e-14
+16   -5.4042052206825766e-12  +4.4602543946208567e-15
+17   +1.5199877133354049e-12  -6.9804278002944994e-16
+18   -4.2587576724825837e-13  +5.7117342588550450e-16
+19   +1.1877403123387971e-13  +2.3006220804760489e-16
+20   -3.3122328581184436e-14  +2.9694701329830260e-16
+21   +9.0818614997591877e-15  +2.6186065665458350e-16
+22   -2.5758127788351891e-15  +2.5542901857459044e-16
+23   +6.2489044252303247e-16  +2.4314967170781708e-16
+24   -2.8118941518953369e-16  +2.3255480850277294e-16
+25   -2.5198961641129317e-17  +2.2124957203001625e-16
+26   -8.2840533011849720e-17  +2.1249015402222372e-16
+27   -7.1423720562468924e-17  +2.0341264084294714e-16
+28   -8.4741412935127456e-17  +1.9638559934542107e-16
+29   -7.9556063230663689e-17  +1.8859959056666588e-16
+30   -5.1171208701653297e-17  +1.8191279986445158e-16

