-30   -1.8597559953215820e-17  +5.3709491816361668e-18
-29   +4.5013420283855245e-18  +6.7158814538530411e-18
-28   +1.1902488022050147e-17  +5.2413734807230170e-18
-27   -3.4700282891884964e-18  +4.7662109216879246e-18
-26   +1.6378124382659752e-17  +6.7265038059657466e-18
-25   -6.6894245918009207e-17  +6.0219802890238920e-18
-24   +2.8192192954666200e-16  +7.3251004385144171e-18
-23   -9.7428042386000197e-16  +7.5307637078851295e-18
-22   +3.4971775405891661e-15  +8.8004379316371149e-18
-21   -1.2712440082597766e-14  +3.4264313916579124e-18
-20   +4.5761261558866324e-14  +2.3788002356457695e-17
-19   -1.6408344682676512e-13  -5.6717712561320086e-17
-18   +5.8606729606014551e-13  +2.6809696545172523e-16
-17   -2.0849188273944691e-12  -1.0182079729149333e-15
-16   +7.3835993176796024e-12  +4.1176287818014231e-15
-15   -2.6015090935171853e-11  -1.6410038902073267e-14
-14   +9.1134997352629172e-11  +6.5873752603530639e-14
-13   -3.1718291960427614e-10  -2.6499592183220557e-13
-12   +1.0956976649817709e-09  +1.0704568526829238e-12
-11   -3.7525395358981466e-09  -4.3435583292251525e-12
-10   +1.2722910204511609e-08  +1.7722829197219412e-11
 -9   -4.2626391446556381e-08  -7.2809414351745052e-11
 -8   +1.4079131529032667e-07  +3.0172237715387352e-10
 -7   -4.5699973512390612e-07  -1.2644971919234359e-09
 -6   +1.4517619163832946e-06  +5.3816099527211599e-09
 -5   -4.4858068669708984e-06  -2.3394688901082085e-08
 -4   +1.3387794773782986e-05  +1.0528457711335361e-07
 -3   -3.7771960949416158e-05  -4.9479350733246971e-07
 -2   +1.0350893531151832e-04  +2.6943325870944161e-06
 -1   -1.1369995526435635e-05  -1.4579485157732593e-06
 +0   +7.7446867957396363e-09  +0.0000000000000000e+00
 +1   -1.1369995526435635e-05  +1.4579485157732593e-06
 +2   +1.0350893531151832e-04  -2.6943325870944161e-06
 +3   -3.7771960949416158e-05  +4.9479350733246971e-07
 +4   +1.3387794773782986e-05  -1.0528457711335361e-07
 +5   -4.4858068669708984e-06  +2.3394688901082085e-08
 +6   +1.4517619163832946e-06  -5.3816099527211599e-09
 +7   -4.5699973512390612e-07  +1.2644971919234359e-09
 +8   +1.4079131529032667e-07  -3.0172237715387352e-10
 +9   -4.2626391446556381e-08  +7.2809414351745052e-11
+10   +1.2722910204511609e-08  -1.7722829197219412e-11
+11   -3.7525395358981466e-09  +4.3435583292251525e-12
+12   +1.0956976649817709e-09  -1.0704568526829238e-12
+13   -3.1718291960427614e-10  +2.6499592183220557e-13
+14   +9.1134997352629172e-11  -6.5873752603530639e-14
+15   -2.6015090935171853e-11  +1.6410038902073267e-14
+16   +7.3835993176796024e-12  -4.1176287818014231e-15
+17   -2.0849188273944691e-12  +1.0182079729149333e-15
+18   +5.8606729606014551e-13  -2.6809696545172523e-16
+19   -1.6408344682676512e-13  +5.6717712561320086e-17
+20   +4.5761261558866324e-14  -2.3788002356457695e-17
+21   -1.2712440082597766e-14  -3.4264313916579124e-18
+22   +3.4971775405891661e-15  -8.8004379316371149e-18
+23   -9.7428042386000197e-16  -7.5307637078851295e-18
+24   +2.8192192954666200e-16  -7.3251004385144171e-18
+25   -6.6894245918009207e-17  -6.0219802890238920e-18
+26   +1.6378124382659752e-17  -6.7265038059657466e-18
+27   -3.4700282891884964e-18  -4.7662109216879246e-18
+28   +1.1902488022050147e-17  -5.2413734807230170e-18
+29   +4.5013420283855245e-18  -6.7158814538530411e-18
+30   -1.8597559953215820e-17  -5.3709491816361668e-18

