-30   +1.2363875507096642e-17  -6.3916108695062092e-18
-29   -4.7962346786273700e-18  -5.7362185222345074e-18
-28   -7.8619973081148333e-18  -5.8764903785189261e-18
-27   -2.3321820702256609e-18  -6.6465882606540670e-18
-26   +1.1121585021711241e-18  -7.4232990012210674e-18
-25   +5.5959838782881832e-19  -7.4463287886904346e-18
-24   -2.7437346995304159e-17  -8.1036308945981506e-18
-23   +6.6501319519843779e-17  -9.5209184019667124e-18
-22   -2.3984231903676464e-16  -5.3716259709583912e-18
-21   +9.6622477134261432e-16  -2.3635027702498985e-17
-20   -3.6593609764309883e-15  +5.0290234213138667e-17
-19   +1.3770958901148323e-14  -2.4702467033806769e-16
-18   -5.1702977618626366e-14  +9.3067070649720876e-16
-17   +1.9401603241964111e-13  -3.7489193771763216e-15
-16   -7.2718685685086407e-13  +1.4868722867583244e-14
-15   +2.7206101551067398e-12  -5.9382139821308782e-14
-14   -1.0158822354432757e-11  +2.3746077980222156e-13
-13   +3.7848543130039025e-11  -9.5262321101967918e-13
-12   -1.4065056591633704e-10  +3.8342937445119716e-12
-11   +5.2112351865532591e-10  -1.5495603337437593e-11
-10   -1.9240731203405745e-09  +6.2926674652458666e-11
 -9   +7.0744296858835911e-09  -2.5706636765564315e-10
 -8   -2.5880503139587270e-08  +1.0580518648828650e-09
 -7   +9.4084887747052287e-08  -4.3968924015606657e-09
 -6   -3.3937068270653118e-07  +1.8512690513913145e-08
 -5   +1.2105408844618771e-06  -7.9324368590275821e-08
 -4   -4.2644200658325686e-06  +3.5005040806942524e-07
 -3   +1.4478727072987060e-05  -1.5925380419603804e-06
 -2   -4.9460834403557544e-05  +8.2826191056149521e-06
 -1   +1.7727663116704161e-05  -6.4659799936918635e-06
 +0   -2.7748131246839409e-09  +0.0000000000000000e+00
 +1   +1.7727663116704161e-05  +6.4659799936918635e-06
 +2   -4.9460834403557544e-05  -8.2826191056149521e-06
 +3   +1.4478727072987060e-05  +1.5925380419603804e-06
 +4   -4.2644200658325686e-06  -3.5005040806942524e-07
 +5   +1.2105408844618771e-06  +7.9324368590275821e-08
 +6   -3.3937068270653118e-07  -1.8512690513913145e-08
 +7   +9.4084887747052287e-08  +4.3968924015606657e-09
 +8   -2.5880503139587270e-08  -1.0580518648828650e-09
 +9   +7.0744296858835911e-09  +2.5706636765564315e-10
+10   -1.9240731203405745e-09  -6.2926674652458666e-11
+11   +5.2112351865532591e-10  +1.5495603337437593e-11
+12   -1.4065056591633704e-10  -3.8342937445119716e-12
+13   +3.7848543130039025e-11  +9.5262321101967918e-13
+14   -1.0158822354432757e-11  -2.3746077980222156e-13
+15   +2.7206101551067398e-12  +5.9382139821308782e-14
+16   -7.2718685685086407e-13  -1.4868722867583244e-14
+17   +1.9401603241964111e-13  +3.7489193771763216e-15
+18   -5.1702977618626366e-14  -9.3067070649720876e-16
+19   +1.3770958901148323e-14  +2.4702467033806769e-16
+20   -3.6593609764309883e-15  -5.0290234213138667e-17
+21   +9.6622477134261432e-16  +2.3635027702498985e-17
+22   -2.3984231903676464e-16  +5.3716259709583912e-18
+23   +6.6501319519843779e-17  +9.5209184019667124e-18
+24   -2.7437346995304159e-17  +8.1036308945981506e-18
+25   +5.5959838782881832e-19  +7.4463287886904346e-18
+26   +1.1121585021711241e-18  +7.4232990012210674e-18
+27   -2.3321820702256609e-18  +6.6465882606540670e-18
+28   -7.8619973081148333e-18  +5.8764903785189261e-18
+29   -4.7962346786273700e-18  +5.7362185222345074e-18
+30   +1.2363875507096642e-17  +6.3916108695062092e-18

