-30   -1.7110966094458007e-17  +3.9510205851443413e-18
-29   +4.5455061440726434e-18  +2.5223363590367846e-18
-28   +8.1667728014091355e-18  +1.2087991723172569e-18
-27   +6.3090586612174883e-19  +7.0410690052090781e-18
-26   +3.8891576091797468e-18  -9.7718091299196542e-18
-25   -2.8152304542600627e-17  +4.4999275116945645e-17
-24   +1.2433528973633342e-16  -1.5096869535898028e-16
-23   -4.2040016771653636e-16  +5.6050751915812879e-16
-22   +1.5009565287371032e-15  -2.0146866769928463e-15
-21   -5.5298749979122425e-15  +7.2845123843147505e-15
-20   +2.0031537897657157e-14  -2.6195849471521374e-14
-19   -7.2320511436121705e-14  +9.3955742791982340e-14
-18   +2.6022035598978296e-13  -3.3568754936350012e-13
-17   -9.3341401937436349e-13  +1.1944440791289611e-12
-16   +3.3361125808901894e-12  -4.2303841856118411e-12
-15   -1.1874982095684866e-11  +1.4905295251579327e-11
-14   +4.2078338020863461e-11  -5.2209122029136484e-11
-13   -1.4834721757414898e-10  +1.8165047023689593e-10
-12   +5.2001294813024689e-10  -6.2713982184106705e-10
-11   -1.8110191471953965e-09  +2.1457046066933511e-09
-10   +6.2602486414203430e-09  -7.2633348598360686e-09
 -9   -2.1453838244990499e-08  +2.4272867939841800e-08
 -8   +7.2780892128335762e-08  -7.9845906276580281e-08
 -7   -2.4393893740417787e-07  +2.5747327733217182e-07
 -6   +8.0579728372629123e-07  -8.0895832185149036e-07
 -5   -2.6128394335197445e-06  +2.4517981480723701e-06
 -4   +8.2870679377530223e-06  -7.0529104912662935e-06
 -3   -2.5170658629852664e-05  +1.8420760874457257e-05
 -2   +7.5210027724540172e-05  -4.0761764756120489e-05
 -1   -1.4202746235857591e-05  -1.7299858535559469e-06
 +0   -1.2245420156397037e-08  +0.0000000000000000e+00
 +1   -1.4202746235857591e-05  +1.7299858535559469e-06
 +2   +7.5210027724540172e-05  +4.0761764756120489e-05
 +3   -2.5170658629852664e-05  -1.8420760874457257e-05
 +4   +8.2870679377530223e-06  +7.0529104912662935e-06
 +5   -2.6128394335197445e-06  -2.4517981480723701e-06
 +6   +8.0579728372629123e-07  +8.0895832185149036e-07
 +7   -2.4393893740417787e-07  -2.5747327733217182e-07
 +8   +7.2780892128335762e-08  +7.9845906276580281e-08
 +9   -2.1453838244990499e-08  -2.4272867939841800e-08
+10   +6.2602486414203430e-09  +7.2633348598360686e-09
+11   -1.8110191471953965e-09  -2.1457046066933511e-09
+12   +5.2001294813024689e-10  +6.2713982184106705e-10
+13   -1.4834721757414898e-10  -1.8165047023689593e-10
+14   +4.2078338020863461e-11  +5.2209122029136484e-11
+15   -1.1874982095684866e-11  -1.4905295251579327e-11
+16   +3.3361125808901894e-12  +4.2303841856118411e-12
+17   -9.3341401937436349e-13  -1.1944440791289611e-12
+18   +2.6022035598978296e-13  +3.3568754936350012e-13
+19   -7.2320511436121705e-14  -9.3955742791982340e-14
+20   +2.0031537897657157e-14  +2.6195849471521374e-14
+21   -5.5298749979122425e-15  -7.2845123843147505e-15
+22   +1.5009565287371032e-15  +2.0146866769928463e-15
+23   -4.2040016771653636e-16  -5.6050751915812879e-16
+24   +1.2433528973633342e-16  +1.5096869535898028e-16
+25   -2.8152304542600627e-17  -4.4999275116945645e-17
+26   +3.8891576091797468e-18  +9.7718091299196542e-18
+27   +6.3090586612174883e-19  -7.0410690052090781e-18
+28   +8.1667728014091355e-18  -1.2087991723172569e-18
+29   +4.5455061440726434e-18  -2.5223363590367846e-18
+30   -1.7110966094458007e-17  -3.9510205851443413e-18

