-30   +1.6545916365358323e-17  +3.6228193389085028e-17
-29   +1.4263398021919719e-17  +3.7061462600847337e-17
-28   +1.4315813369245009e-17  +3.8727755944497825e-17
-27   +1.3930057265419327e-17  +3.5693169403547862e-17
-26   +1.8204369334031425e-17  +5.8891863603897849e-17
-25   +5.5972553111744192e-18  -1.8743195516223580e-17
-24   +4.6689832954529697e-17  +2.6942381592290903e-16
-23   -1.0448446171766539e-16  -7.6721326269155505e-16
-22   +4.4011622304467447e-16  +2.9992041974973316e-15
-21   -1.4963759541700134e-15  -1.0603853704793178e-14
-20   +5.3642052008957844e-15  +3.8445543414258879e-14
-19   -1.8833223897235112e-14  -1.3779593963789391e-13
-18   +6.6030206539856946e-14  +4.9329357623452623e-13
-17   -2.2962627737663169e-13  -1.7576966529483065e-12
-16   +7.9254087049422894e-13  +6.2367212585475780e-12
-15   -2.7099263407024078e-12  -2.2018870833600997e-11
-14   +9.1649123374887811e-12  +7.7307737685464096e-11
-13   -3.0585414944052047e-11  -2.6971242443688159e-10
-12   +1.0040429027105383e-10  +9.3418176247856601e-10
-11   -3.2277426717704759e-10  -3.2086069686432059e-09
-10   +1.0093852825270056e-09  +1.0912661601824014e-08
 -9   -3.0380720162660988e-09  -3.6683252566342169e-08
 -8   +8.6373182841505796e-09  +1.2158140142519406e-07
 -7   -2.2325706778579129e-08  -3.9598418634007464e-07
 -6   +4.7404747762737706e-08  +1.2614849677734109e-06
 -5   -4.8971219412544190e-08  -3.9022730102499645e-06
 -4   -2.6497716085529607e-07  +1.1604002529216219e-05
 -3   +2.4632404992791093e-06  -3.2238082849503745e-05
 -2   -1.4552512064258875e-05  +8.3269190784525973e-05
 -1   +6.2020233745250532e-06  -5.1220512635443470e-06
 +0   +4.1943007201482217e-02  +0.0000000000000000e+00
 +1   +6.2020233745250532e-06  +5.1220512635443470e-06
 +2   -1.4552512064258875e-05  -8.3269190784525973e-05
 +3   +2.4632404992791093e-06  +3.2238082849503745e-05
 +4   -2.6497716085529607e-07  -1.1604002529216219e-05
 +5   -4.8971219412544190e-08  +3.9022730102499645e-06
 +6   +4.7404747762737706e-08  -1.2614849677734109e-06
 +7   -2.2325706778579129e-08  +3.9598418634007464e-07
 +8   +8.6373182841505796e-09  -1.2158140142519406e-07
 +9   -3.0380720162660988e-09  +3.6683252566342169e-08
+10   +1.0093852825270056e-09  -1.0912661601824014e-08
+11   -3.2277426717704759e-10  +3.2086069686432059e-09
+12   +1.0040429027105383e-10  -9.3418176247856601e-10
+13   -3.0585414944052047e-11  +2.6971242443688159e-10
+14   +9.1649123374887811e-12  -7.7307737685464096e-11
+15   -2.7099263407024078e-12  +2.2018870833600997e-11
+16   +7.9254087049422894e-13  -6.2367212585475780e-12
+17   -2.2962627737663169e-13  +1.7576966529483065e-12
+18   +6.6030206539856946e-14  -4.9329357623452623e-13
+19   -1.8833223897235112e-14  +1.3779593963789391e-13
+20   +5.3642052008957844e-15  -3.8445543414258879e-14
+21   -1.4963759541700134e-15  +1.0603853704793178e-14
+22   +4.4011622304467447e-16  -2.9992041974973316e-15
+23   -1.0448446171766539e-16  +7.6721326269155505e-16
+24   +4.6689832954529697e-17  -2.6942381592290903e-16
+25   +5.5972553111744192e-18  +1.8743195516223580e-17
+26   +1.8204369334031425e-17  -5.8891863603897849e-17
+27   +1.3930057265419327e-17  -3.5693169403547862e-17
+28   +1.4315813369245009e-17  -3.8727755944497825e-17
+29   +1.4263398021919719e-17  -3.7061462600847337e-17
+30   +1.6545916365358323e-17  -3.6228193389085028e-17

