-30   -1.3291327334806392e-17  -3.5342692260344366e-17
-29   -1.4985485448402591e-17  -3.7524067538513988e-17
-28   -1.4943005800968337e-17  -3.7194147843806449e-17
-27   -1.5838616214323410e-17  -4.3793368746521360e-17
-26   -1.3399592398748968e-17  -2.4068541948635386e-17
-25   -2.3123749261726856e-17  -1.0371132041449585e-16
-24   +1.7580778339476537e-17  +1.7872156709324994e-16
-23   -1.3346186496073804e-16  -8.6184795317326011e-16
-22   +4.1177457214866127e-16  +2.9005832650760400e-15
-21   -1.5244341196338891e-15  -1.0713529830321691e-14
-20   +5.3320715988132728e-15  +3.8355984248444684e-14
-19   -1.8851766281846771e-14  -1.3799134958903096e-13
-18   +6.5958592809137955e-14  +4.9348432378880261e-13
-17   -2.2948674320900243e-13  -1.7590735160122397e-12
-16   +7.9183859243086996e-13  +6.2415393039913461e-12
-15   -2.7072441330725138e-12  -2.2038771457351389e-11
-14   +9.1539383787029418e-12  +7.7386476795335993e-11
-13   -3.0541063624304304e-11  -2.7002857847784346e-10
-12   +1.0022337009406659e-10  +9.3545094249365420e-10
-11   -3.2203245866042460e-10  -3.2137247675936215e-09
-10   +1.0063198213513643e-09  +1.0933381709292041e-08
 -9   -3.0252837880623566e-09  -3.6767579342463537e-08
 -8   +8.5833084849219009e-09  +1.2192677870193413e-07
 -7   -2.2093840167365311e-08  -3.9741003909042357e-07
 -6   +4.6386425867055412e-08  +1.2674334947688754e-06
 -5   -4.4349836953341714e-08  -3.9274140833336220e-06
 -4   -2.8708855177754691e-07  +1.1712527698532595e-05
 -3   +2.5777833196017736e-06  -3.2710772699820005e-05
 -2   -1.5287050214513887e-05  +8.5485411465222041e-05
 -1   +6.6338808020654635e-06  -6.8424676229504012e-06
 +0   -4.1942990334835908e-02  +0.0000000000000000e+00
 +1   +6.6338808020654635e-06  +6.8424676229504012e-06
 +2   -1.5287050214513887e-05  -8.5485411465222041e-05
 +3   +2.5777833196017736e-06  +3.2710772699820005e-05
 +4   -2.8708855177754691e-07  -1.1712527698532595e-05
 +5   -4.4349836953341714e-08  +3.9274140833336220e-06
 +6   +4.6386425867055412e-08  -1.2674334947688754e-06
 +7   -2.2093840167365311e-08  +3.9741003909042357e-07
 +8   +8.5833084849219009e-09  -1.2192677870193413e-07
 +9   -3.0252837880623566e-09  +3.6767579342463537e-08
+10   +1.0063198213513643e-09  -1.0933381709292041e-08
+11   -3.2203245866042460e-10  +3.2137247675936215e-09
+12   +1.0022337009406659e-10  -9.3545094249365420e-10
+13   -3.0541063624304304e-11  +2.7002857847784346e-10
+14   +9.1539383787029418e-12  -7.7386476795335993e-11
+15   -2.7072441330725138e-12  +2.2038771457351389e-11
+16   +7.9183859243086996e-13  -6.2415393039913461e-12
+17   -2.2948674320900243e-13  +1.7590735160122397e-12
+18   +6.5958592809137955e-14  -4.9348432378880261e-13
+19   -1.8851766281846771e-14  +1.3799134958903096e-13
+20   +5.3320715988132728e-15  -3.8355984248444684e-14
+21   -1.5244341196338891e-15  +1.0713529830321691e-14
+22   +4.1177457214866127e-16  -2.9005832650760400e-15
+23   -1.3346186496073804e-16  +8.6184795317326011e-16
+24   +1.7580778339476537e-17  -1.7872156709324994e-16
+25   -2.3123749261726856e-17  +1.0371132041449585e-16
+26   -1.3399592398748968e-17  +2.4068541948635386e-17
+27   -1.5838616214323410e-17  +4.3793368746521360e-17
+28   -1.4943005800968337e-17  +3.7194147843806449e-17
+29   -1.4985485448402591e-17  +3.7524067538513988e-17
+30   -1.3291327334806392e-17  +3.5342692260344366e-17

