-30   +1.2793432932944075e-17  -3.5457162802018253e-18
-29   -2.7587649610811247e-18  -3.8897091585105468e-18
-28   -8.1185463618515444e-18  -2.2432464802993646e-18
-27   +2.6255444154209224e-18  +1.1151288273303287e-18
-26   -1.5165838895508074e-17  -1.5328100465413597e-17
-25   +5.4641298490328362e-17  +4.0175847610324585e-17
-24   -2.2379382219395494e-16  -1.6380526546978995e-16
-23   +7.8200935055191478e-16  +5.7585196483682878e-16
-22   -2.8096010928975081e-15  -2.1027849991939144e-15
-21   +1.0185723978482317e-14  +7.5875669562829901e-15
-20   -3.6605367989260197e-14  -2.7381484745502415e-14
-19   +1.3104069182061418e-13  +9.8413137164430600e-14
-18   -4.6720991692143631e-13  -3.5256900012237670e-13
-17   +1.6587483186521122e-12  +1.2581851644321620e-12
-16   -5.8610433520849226e-12  -4.4710887836832754e-12
-15   +2.0597676237580801e-11  +1.5813266630775022e-11
-14   -7.1945974592231291e-11  -5.5631535154208917e-11
-13   +2.4955515941403943e-10  +1.9453926902291626e-10
-12   -8.5870210863386720e-10  -6.7563763084744379e-10
-11   +2.9273023164989891e-09  +2.3280406775689413e-09
-10   -9.8701940331710963e-09  -7.9483590185114482e-09
 -9   +3.2846868027956032e-08  +2.6845091836254842e-08
 -8   -1.0758660208869892e-07  -8.9503191337788595e-08
 -7   +3.4551448355736249e-07  +2.9375296907864893e-07
 -6   -1.0822785457589369e-06  -9.4554076275275632e-07
 -5   +3.2801611121995952e-06  +2.9683681737834579e-06
 -4   -9.5164222101878202e-06  -9.0303469938232773e-06
 -3   +2.5681689653118264e-05  +2.6105004455237494e-05
 -2   -6.4696439530945499e-05  -7.3627151437493464e-05
 -1   +3.4310492908065229e-06  +7.9263187337394241e-06
 +0   -1.4076353711184650e-08  +0.0000000000000000e+00
 +1   +3.4310492908065229e-06  -7.9263187337394241e-06
 +2   -6.4696439530945499e-05  +7.3627151437493464e-05
 +3   +2.5681689653118264e-05  -2.6105004455237494e-05
 +4   -9.5164222101878202e-06  +9.0303469938232773e-06
 +5   +3.2801611121995952e-06  -2.9683681737834579e-06
 +6   -1.0822785457589369e-06  +9.4554076275275632e-07
 +7   +3.4551448355736249e-07  -2.9375296907864893e-07
 +8   -1.0758660208869892e-07  +8.9503191337788595e-08
 +9   +3.2846868027956032e-08  -2.6845091836254842e-08
+10   -9.8701940331710963e-09  +7.9483590185114482e-09
+11   +2.9273023164989891e-09  -2.3280406775689413e-09
+12   -8.5870210863386720e-10  +6.7563763084744379e-10
+13   +2.4955515941403943e-10  -1.9453926902291626e-10
+14   -7.1945974592231291e-11  +5.5631535154208917e-11
+15   +2.0597676237580801e-11  -1.5813266630775022e-11
+16   -5.8610433520849226e-12  +4.4710887836832754e-12
+17   +1.6587483186521122e-12  -1.2581851644321620e-12
+18   -4.6720991692143631e-13  +3.5256900012237670e-13
+19   +1.3104069182061418e-13  -9.8413137164430600e-14
+20   -3.6605367989260197e-14  +2.7381484745502415e-14
+21   +1.0185723978482317e-14  -7.5875669562829901e-15
+22   -2.8096010928975081e-15  +2.1027849991939144e-15
+23   +7.8200935055191478e-16  -5.7585196483682878e-16
+24   -2.2379382219395494e-16  +1.6380526546978995e-16
+25   +5.4641298490328362e-17  -4.0175847610324585e-17
+26   -1.5165838895508074e-17  +1.5328100465413597e-17
+27   +2.6255444154209224e-18  -1.1151288273303287e-18
+28   -8.1185463618515444e-18  +2.2432464802993646e-18
+29   -2.7587649610811247e-18  +3.8897091585105468e-18
+30   +1.2793432932944075e-17  +3.5457162802018253e-18

