-30   +6.1563426906712828e-19  +0.0000000000000000e+00
-29   -6.5983990493630187e-19  +0.0000000000000000e+00
-28   +6.5303378474436601e-19  +0.0000000000000000e+00
-27   -7.3874813089293085e-19  +0.0000000000000000e+00
-26   +7.5879121589403527e-19  +0.0000000000000000e+00
-25   -8.2635944987839650e-19  +0.0000000000000000e+00
-24   +8.8003640932271215e-19  +0.0000000000000000e+00
-23   -9.2487697023154242e-19  +0.0000000000000000e+00
-22   +9.6596904679922638e-19  +0.0000000000000000e+00
-21   -4.7878385835763508e-19  +0.0000000000000000e+00
-20   -1.6333549626928657e-18  +0.0000000000000000e+00
-19   +1.0792700306159456e-17  +0.0000000000000000e+00
-18   -4.9341340993491772e-17  +0.0000000000000000e+00
-17   +2.1261457219738643e-16  +0.0000000000000000e+00
-16   -9.0661873668034271e-16  +0.0000000000000000e+00
-15   +3.8752675309221547e-15  +0.0000000000000000e+00
-14   -1.6665560932835314e-14  +0.0000000000000000e+00
-13   +7.2252647134364751e-14  +0.0000000000000000e+00
-12   -3.1630965820241084e-13  +0.0000000000000000e+00
-11   +1.4008538784885270e-12  +0.0000000000000000e+00
-10   -6.2908151837825519e-12  +0.0000000000000000e+00
 -9   +2.8733486205415474e-11  +0.0000000000000000e+00
 -8   -1.3405179490745134e-10  +0.0000000000000000e+00
 -7   +6.4257056127449197e-10  +0.0000000000000000e+00
 -6   -3.1936208944645891e-09  +0.0000000000000000e+00
 -5   +1.6670422781627881e-08  +0.0000000000000000e+00
 -4   -9.3911144510245678e-08  +0.0000000000000000e+00
 -3   +5.8476425199737051e-07  +0.0000000000000000e+00
 -2   -4.7941635255477842e-06  +0.0000000000000000e+00
 -1   +2.9792706714020713e-06  +0.0000000000000000e+00
 +0   -1.9915141817439022e-04  +0.0000000000000000e+00
 +1   +2.9792706714020713e-06  +0.0000000000000000e+00
 +2   -4.7941635255477842e-06  +0.0000000000000000e+00
 +3   +5.8476425199737051e-07  +0.0000000000000000e+00
 +4   -9.3911144510245678e-08  +0.0000000000000000e+00
 +5   +1.6670422781627881e-08  +0.0000000000000000e+00
 +6   -3.1936208944645891e-09  +0.0000000000000000e+00
 +7   +6.4257056127449197e-10  +0.0000000000000000e+00
 +8   -1.3405179490745134e-10  +0.0000000000000000e+00
 +9   +2.8733486205415474e-11  +0.0000000000000000e+00
+10   -6.2908151837825519e-12  +0.0000000000000000e+00
+11   +1.4008538784885270e-12  +0.0000000000000000e+00
+12   -3.1630965820241084e-13  +0.0000000000000000e+00
+13   +7.2252647134364751e-14  +0.0000000000000000e+00
+14   -1.6665560932835314e-14  +0.0000000000000000e+00
+15   +3.8752675309221547e-15  +0.0000000000000000e+00
+16   -9.0661873668034271e-16  +0.0000000000000000e+00
+17   +2.1261457219738643e-16  +0.0000000000000000e+00
+18   -4.9341340993491772e-17  +0.0000000000000000e+00
+19   +1.0792700306159456e-17  +0.0000000000000000e+00
+20   -1.6333549626928657e-18  +0.0000000000000000e+00
+21   -4.7878385835763508e-19  +0.0000000000000000e+00
+22   +9.6596904679922638e-19  +0.0000000000000000e+00
+23   -9.2487697023154242e-19  +0.0000000000000000e+00
+24   +8.8003640932271215e-19  +0.0000000000000000e+00
+25   -8.2635944987839650e-19  +0.0000000000000000e+00
+26   +7.5879121589403527e-19  +0.0000000000000000e+00
+27   -7.3874813089293085e-19  +0.0000000000000000e+00
+28   +6.5303378474436601e-19  +0.0000000000000000e+00
+29   -6.5983990493630187e-19  +0.0000000000000000e+00
+30   +6.1563426906712828e-19  +0.0000000000000000e+00

