-30   +0.0000000000000000e+00  +1.4952141129755693e-17
-29   -0.0000000000000000e+00  -1.5523448821223911e-17
-28   +0.0000000000000000e+00  +1.6134333456279662e-17
-27   -0.0000000000000000e+00  -1.6787152768799927e-17
-26   +0.0000000000000000e+00  +1.7489229636445374e-17
-25   -0.0000000000000000e+00  -1.8246614827648785e-17
-24   +0.0000000000000000e+00  +1.9069187835888363e-17
-23   -0.0000000000000000e+00  -1.9982327928039184e-17
-22   +0.0000000000000000e+00  +2.1064806787786953e-17
-21   -0.0000000000000000e+00  -2.2618755531286733e-17
-20   +0.0000000000000000e+00  +2.5859968058018775e-17
-19   -0.0000000000000000e+00  -3.5838710905950018e-17
-18   +0.0000000000000000e+00  +7.3723115312644965e-17
-17   -0.0000000000000000e+00  -2.2882719665941272e-16
-16   +0.0000000000000000e+00  +8.8034528255229789e-16
-15   -0.0000000000000000e+00  -3.6490340590323707e-15
-14   +0.0000000000000000e+00  +1.5514548844710007e-14
-13   -0.0000000000000000e+00  -6.6795957233163686e-14
-12   +0.0000000000000000e+00  +2.9053524387279207e-13
-11   -0.0000000000000000e+00  -1.2775546271235362e-12
-10   +0.0000000000000000e+00  +5.6896025082138398e-12
 -9   -0.0000000000000000e+00  -2.5730846345619766e-11
 -8   +0.0000000000000000e+00  +1.1860228059891943e-10
 -7   -0.0000000000000000e+00  -5.6005729304384697e-10
 -6   +0.0000000000000000e+00  +2.7306821201744510e-09
 -5   -0.0000000000000000e+00  -1.3903630955948730e-08
 -4   +0.0000000000000000e+00  +7.5646081463860591e-08
 -3   -0.0000000000000000e+00  -4.5051832287633742e-07
 -2   +0.0000000000000000e+00  +3.4216432176710728e-06
 -1   -0.0000000000000000e+00  -1.1948633767119718e-06
 +0   +0.0000000000000000e+00  +0.0000000000000000e+00
 +1   +0.0000000000000000e+00  +1.1948633767119718e-06
 +2   -0.0000000000000000e+00  -3.4216432176710728e-06
 +3   +0.0000000000000000e+00  +4.5051832287633742e-07
 +4   -0.0000000000000000e+00  -7.5646081463860591e-08
 +5   +0.0000000000000000e+00  +1.3903630955948730e-08
 +6   -0.0000000000000000e+00  -2.7306821201744510e-09
 +7   +0.0000000000000000e+00  +5.6005729304384697e-10
 +8   -0.0000000000000000e+00  -1.1860228059891943e-10
 +9   +0.0000000000000000e+00  +2.5730846345619766e-11
+10   -0.0000000000000000e+00  -5.6896025082138398e-12
+11   +0.0000000000000000e+00  +1.2775546271235362e-12
+12   -0.0000000000000000e+00  -2.9053524387279207e-13
+13   +0.0000000000000000e+00  +6.6795957233163686e-14
+14   -0.0000000000000000e+00  -1.5514548844710007e-14
+15   +0.0000000000000000e+00  +3.6490340590323707e-15
+16   -0.0000000000000000e+00  -8.8034528255229789e-16
+17   +0.0000000000000000e+00  +2.2882719665941272e-16
+18   -0.0000000000000000e+00  -7.3723115312644965e-17
+19   +0.0000000000000000e+00  +3.5838710905950018e-17
+20   -0.0000000000000000e+00  -2.5859968058018775e-17
+21   +0.0000000000000000e+00  +2.2618755531286733e-17
+22   -0.0000000000000000e+00  -2.1064806787786953e-17
+23   +0.0000000000000000e+00  +1.9982327928039184e-17
+24   -0.0000000000000000e+00  -1.9069187835888363e-17
+25   +0.0000000000000000e+00  +1.8246614827648785e-17
+26   -0.0000000000000000e+00  -1.7489229636445374e-17
+27   +0.0000000000000000e+00  +1.6787152768799927e-17
+28   -0.0000000000000000e+00  -1.6134333456279662e-17
+29   +0.0000000000000000e+00  +1.5523448821223911e-17
+30   -0.0000000000000000e+00  -1.4952141129755693e-17

