-30   -0.0000000000000000e+00  -1.9795636518944254e-16
-29   +0.0000000000000000e+00  +2.1230857223149882e-16
-28   -0.0000000000000000e+00  -2.0350708157616148e-16
-27   +0.0000000000000000e+00  +2.2583814318137957e-16
-26   -0.0000000000000000e+00  -2.2478166542393239e-16
-25   +0.0000000000000000e+00  +2.3886776335785821e-16
-24   -0.0000000000000000e+00  -2.4658488800927067e-16
-23   +0.0000000000000000e+00  +2.5023815851661815e-16
-22   -0.0000000000000000e+00  -2.5280590169493043e-16
-21   +0.0000000000000000e+00  +1.1759320502533298e-16
-20   +0.0000000000000000e+00  +4.0616077606114353e-16
-19   -0.0000000000000000e+00  -2.5268697725203163e-15
-18   +0.0000000000000000e+00  +1.0936324879809119e-14
-17   -0.0000000000000000e+00  -4.4499227626497869e-14
-16   +0.0000000000000000e+00  +1.7855422952877813e-13
-15   -0.0000000000000000e+00  -7.1532614644820180e-13
-14   +0.0000000000000000e+00  +2.8702420717672825e-12
-13   -0.0000000000000000e+00  -1.1550542413845864e-11
-12   +0.0000000000000000e+00  +4.6655909376065866e-11
-11   -0.0000000000000000e+00  -1.8930994395216408e-10
-10   +0.0000000000000000e+00  +7.7237523235109538e-10
 -9   -0.0000000000000000e+00  -3.1727200373769627e-09
 -8   +0.0000000000000000e+00  +1.3145304900206740e-08
 -7   -0.0000000000000000e+00  -5.5072332789766199e-08
 -6   +0.0000000000000000e+00  +2.3426665446073579e-07
 -5   -0.0000000000000000e+00  -1.0170175745716468e-06
 -4   +0.0000000000000000e+00  +4.5704264005343316e-06
 -3   -0.0000000000000000e+00  -2.1247042808280736e-05
 -2   +0.0000000000000000e+00  +1.1516934601449010e-04
 -1   -0.0000000000000000e+00  -3.5653551575839438e-05
 +0   +0.0000000000000000e+00  +0.0000000000000000e+00
 +1   +0.0000000000000000e+00  +3.5653551575839438e-05
 +2   -0.0000000000000000e+00  -1.1516934601449010e-04
 +3   +0.0000000000000000e+00  +2.1247042808280736e-05
 +4   -0.0000000000000000e+00  -4.5704264005343316e-06
 +5   +0.0000000000000000e+00  +1.0170175745716468e-06
 +6   -0.0000000000000000e+00  -2.3426665446073579e-07
 +7   +0.0000000000000000e+00  +5.5072332789766199e-08
 +8   -0.0000000000000000e+00  -1.3145304900206740e-08
 +9   +0.0000000000000000e+00  +3.1727200373769627e-09
+10   -0.0000000000000000e+00  -7.7237523235109538e-10
+11   +0.0000000000000000e+00  +1.8930994395216408e-10
+12   -0.0000000000000000e+00  -4.6655909376065866e-11
+13   +0.0000000000000000e+00  +1.1550542413845864e-11
+14   -0.0000000000000000e+00  -2.8702420717672825e-12
+15   +0.0000000000000000e+00  +7.1532614644820180e-13
+16   -0.0000000000000000e+00  -1.7855422952877813e-13
+17   +0.0000000000000000e+00  +4.4499227626497869e-14
+18   -0.0000000000000000e+00  -1.0936324879809119e-14
+19   +0.0000000000000000e+00  +2.5268697725203163e-15
+20   -0.0000000000000000e+00  -4.0616077606114353e-16
+21   -0.0000000000000000e+00  -1.1759320502533298e-16
+22   +0.0000000000000000e+00  +2.5280590169493043e-16
+23   -0.0000000000000000e+00  -2.5023815851661815e-16
+24   +0.0000000000000000e+00  +2.4658488800927067e-16
+25   -0.0000000000000000e+00  -2.3886776335785821e-16
+26   +0.0000000000000000e+00  +2.2478166542393239e-16
+27   -0.0000000000000000e+00  -2.2583814318137957e-16
+28   +0.0000000000000000e+00  +2.0350708157616148e-16
+29   -0.0000000000000000e+00  -2.1230857223149882e-16
+30   +0.0000000000000000e+00  +1.9795636518944254e-16

