-30   -4.0565216083143147e-19  +0.0000000000000000e+00
-29   +5.6243375162827052e-19  +0.0000000000000000e+00
-28   -3.9430316707063651e-19  +0.0000000000000000e+00
-27   +5.5452965543302912e-19  +0.0000000000000000e+00
-26   -4.6682750964257941e-19  +0.0000000000000000e+00
-25   -2.1541004124158958e-19  +0.0000000000000000e+00
-24   +2.1538922499142893e-18  +0.0000000000000000e+00
-23   -1.0225590271116133e-17  +0.0000000000000000e+00
-22   +4.2430670372182464e-17  +0.0000000000000000e+00
-21   -1.7050447440299635e-16  +0.0000000000000000e+00
-20   +6.7652185230987413e-16  +0.0000000000000000e+00
-19   -2.6794225347070873e-15  +0.0000000000000000e+00
-18   +1.0619287095040359e-14  +0.0000000000000000e+00
-17   -4.2144679415177937e-14  +0.0000000000000000e+00
-16   +1.6753970332098689e-13  +0.0000000000000000e+00
-15   -6.6733060578602053e-13  +0.0000000000000000e+00
-14   +2.6639803242699811e-12  +0.0000000000000000e+00
-13   -1.0661904078561266e-11  +0.0000000000000000e+00
-12   +4.2798895242030565e-11  +0.0000000000000000e+00
-11   -1.7240583809125905e-10  +0.0000000000000000e+00
-10   +6.9740859628871278e-10  +0.0000000000000000e+00
 -9   -2.8354744947683644e-09  +0.0000000000000000e+00
 -8   +1.1601179793011929e-08  +0.0000000000000000e+00
 -7   -4.7845990713591013e-08  +0.0000000000000000e+00
 -6   +1.9944920744273953e-07  +0.0000000000000000e+00
 -5   -8.4314867552853446e-07  +0.0000000000000000e+00
 -4   +3.6485326155054789e-06  +0.0000000000000000e+00
 -3   -1.6131628392197511e-05  +0.0000000000000000e+00
 -2   +7.9845430239449853e-05  +0.0000000000000000e+00
 -1   -1.1799118440564307e-05  +0.0000000000000000e+00
 +0   -1.9915142561188049e-04  +0.0000000000000000e+00
 +1   -1.1799118440564307e-05  +0.0000000000000000e+00
 +2   +7.9845430239449853e-05  +0.0000000000000000e+00
 +3   -1.6131628392197511e-05  +0.0000000000000000e+00
 +4   +3.6485326155054789e-06  +0.0000000000000000e+00
 +5   -8.4314867552853446e-07  +0.0000000000000000e+00
 +6   +1.9944920744273953e-07  +0.0000000000000000e+00
 +7   -4.7845990713591013e-08  +0.0000000000000000e+00
 +8   +1.1601179793011929e-08  +0.0000000000000000e+00
 +9   -2.8354744947683644e-09  +0.0000000000000000e+00
+10   +6.9740859628871278e-10  +0.0000000000000000e+00
+11   -1.7240583809125905e-10  +0.0000000000000000e+00
+12   +4.2798895242030565e-11  +0.0000000000000000e+00
+13   -1.0661904078561266e-11  +0.0000000000000000e+00
+14   +2.6639803242699811e-12  +0.0000000000000000e+00
+15   -6.6733060578602053e-13  +0.0000000000000000e+00
+16   +1.6753970332098689e-13  +0.0000000000000000e+00
+17   -4.2144679415177937e-14  +0.0000000000000000e+00
+18   +1.0619287095040359e-14  +0.0000000000000000e+00
+19   -2.6794225347070873e-15  +0.0000000000000000e+00
+20   +6.7652185230987413e-16  +0.0000000000000000e+00
+21   -1.7050447440299635e-16  +0.0000000000000000e+00
+22   +4.2430670372182464e-17  +0.0000000000000000e+00
+23   -1.0225590271116133e-17  +0.0000000000000000e+00
+24   +2.1538922499142893e-18  +0.0000000000000000e+00
+25   -2.1541004124158958e-19  +0.0000000000000000e+00
+26   -4.6682750964257941e-19  +0.0000000000000000e+00
+27   +5.5452965543302912e-19  +0.0000000000000000e+00
+28   -3.9430316707063651e-19  +0.0000000000000000e+00
+29   +5.6243375162827052e-19  +0.0000000000000000e+00
+30   -4.0565216083143147e-19  +0.0000000000000000e+00

