-30   +1.5793910438182861e-18  +6.5420519144241791e-19
-29   -4.4039732685590748e-20  +5.4584672075172928e-20
-28   +4.1050452670071976e-19  +2.0875762519229689e-19
-27   +6.6630442994445263e-19  +3.7651869292197871e-19
-26   -3.6544240046983126e-19  +1.5403350404012987e-18
-25   -2.8016425953092107e-18  -1.3188663569473488e-18
-24   -2.5284739238324140e-19  +2.8814110458318903e-18
-23   +6.2246183507162886e-19  +1.5954462617757475e-18
-22   +1.8654078094597823e-18  +1.3125379296442502e-18
-21   +2.5808173394347380e-18  +8.2513833076327648e-18
-20   -9.6812387876193557e-18  -3.1075565517254075e-17
-19   +4.4061112059159312e-17  +1.2750429660002879e-16
-18   -1.7783227716702500e-16  -5.0908814301276165e-16
-17   +7.0817265316367365e-16  +2.0372514663376673e-15
-16   -2.8590637745209379e-15  -8.1735533777976304e-15
-15   +1.1580011126733288e-14  +3.2860337781080081e-14
-14   -4.7095226955966842e-14  -1.3254513633059840e-13
-13   +1.9258147714784852e-13  +5.3675278180461380e-13
-12   -7.9242147268115699e-13  -2.1840813664625761e-12
-11   +3.2854740760513668e-12  +8.9385158721478576e-12
-10   -1.3750182138942178e-11  -3.6840575232554515e-11
 -9   +5.8229930304461480e-11  +1.5318526478808405e-10
 -8   -2.5038637758535314e-10  -6.4419162775261691e-10
 -7   +1.0987249943569956e-09  +2.7497211371051946e-09
 -6   -4.9590677154996086e-09  -1.1980712898701688e-08
 -5   +2.3307734472085410e-08  +5.3757913709683543e-08
 -4   -1.1686900600555977e-07  -2.5280139720233349e-07
 -3   +6.4674595291820587e-07  +1.2770736345017117e-06
 -2   -4.6075261644091533e-06  -7.8378007402716658e-06
 -1   +3.5558972372464838e-06  +3.2747136223102261e-06
 +0   +1.6953690753986031e-01  +0.0000000000000000e+00
 +1   +3.5558972372464838e-06  -3.2747136223102261e-06
 +2   -4.6075261644091533e-06  +7.8378007402716658e-06
 +3   +6.4674595291820587e-07  -1.2770736345017117e-06
 +4   -1.1686900600555977e-07  +2.5280139720233349e-07
 +5   +2.3307734472085410e-08  -5.3757913709683543e-08
 +6   -4.9590677154996086e-09  +1.1980712898701688e-08
 +7   +1.0987249943569956e-09  -2.7497211371051946e-09
 +8   -2.5038637758535314e-10  +6.4419162775261691e-10
 +9   +5.8229930304461480e-11  -1.5318526478808405e-10
+10   -1.3750182138942178e-11  +3.6840575232554515e-11
+11   +3.2854740760513668e-12  -8.9385158721478576e-12
+12   -7.9242147268115699e-13  +2.1840813664625761e-12
+13   +1.9258147714784852e-13  -5.3675278180461380e-13
+14   -4.7095226955966842e-14  +1.3254513633059840e-13
+15   +1.1580011126733288e-14  -3.2860337781080081e-14
+16   -2.8590637745209379e-15  +8.1735533777976304e-15
+17   +7.0817265316367365e-16  -2.0372514663376673e-15
+18   -1.7783227716702500e-16  +5.0908814301276165e-16
+19   +4.4061112059159312e-17  -1.2750429660002879e-16
+20   -9.6812387876193557e-18  +3.1075565517254075e-17
+21   +2.5808173394347380e-18  -8.2513833076327648e-18
+22   +1.8654078094597823e-18  -1.3125379296442502e-18
+23   +6.2246183507162886e-19  -1.5954462617757475e-18
+24   -2.5284739238324140e-19  -2.8814110458318903e-18
+25   -2.8016425953092107e-18  +1.3188663569473488e-18
+26   -3.6544240046983126e-19  -1.5403350404012987e-18
+27   +6.6630442994445263e-19  -3.7651869292197871e-19
+28   +4.1050452670071976e-19  -2.0875762519229689e-19
+29   -4.4039732685590748e-20  -5.4584672075172928e-20
+30   +1.5793910438182861e-18  -6.5420519144241791e-19

