-30   -1.4802973661791749e-16  +3.5584249965978335e-16
-29   +1.4643470637548291e-16  -3.6268928931157491e-16
-28   -1.4427294276925426e-16  +3.7903826161501512e-16
-27   +1.4842378884847135e-16  -3.9249465092422583e-16
-26   -1.4645188816363816e-16  +4.1054015250997735e-16
-25   +1.4998070554424743e-16  -4.2931903278571306e-16
-24   -1.4177870315392967e-16  +4.5244343448848650e-16
-23   +1.4529995799955861e-16  -4.6702578349637499e-16
-22   -1.4409318492941964e-16  +4.9607920790817420e-16
-21   +1.5493099096445580e-16  -5.1455908083342858e-16
-20   -1.6554184248421759e-16  +5.4234387904782117e-16
-19   +2.5013467572768443e-16  -5.2414894705606689e-16
-18   -5.6204395922464965e-16  +4.1020887687594143e-16
-17   +1.8044332242321258e-15  +1.4284881794899254e-16
-16   -6.8310262225345580e-15  -2.4445066882329036e-15
-15   +2.7137065337641688e-14  +1.1786471694172119e-14
-14   -1.0955076114448194e-13  -4.9475966879969583e-14
-13   +4.4574968972368092e-13  +2.0144149452995806e-13
-12   -1.8253657347537069e-12  -8.1623418576110211e-13
-11   +7.5276632112229754e-12  +3.3140323403284923e-12
-10   -3.1307301521120554e-11  -1.3515130866748806e-11
 -9   +1.3159077756024290e-10  +5.5439944251465160e-11
 -8   -5.6067957470437014e-10  -2.2906243806676540e-10
 -7   +2.4323453276056631e-09  +9.5475213597424354e-10
 -6   -1.0817735237774971e-08  -4.0219683960179098e-09
 -5   +4.9846379337279097e-08  +1.7146017284217534e-08
 -4   -2.4298526760838471e-07  -7.3948817366817683e-08
 -3   +1.2855877036997405e-06  +3.1437794805237888e-07
 -2   -8.4181418126613959e-06  -1.1479042434552053e-06
 -1   +5.8507571003703725e-06  -1.5529754233395904e-06
 +0   +4.1677112699311214e-01  +0.0000000000000000e+00
 +1   +5.8507571003703725e-06  +1.5529754233395904e-06
 +2   -8.4181418126613959e-06  +1.1479042434552053e-06
 +3   +1.2855877036997405e-06  -3.1437794805237888e-07
 +4   -2.4298526760838471e-07  +7.3948817366817683e-08
 +5   +4.9846379337279097e-08  -1.7146017284217534e-08
 +6   -1.0817735237774971e-08  +4.0219683960179098e-09
 +7   +2.4323453276056631e-09  -9.5475213597424354e-10
 +8   -5.6067957470437014e-10  +2.2906243806676540e-10
 +9   +1.3159077756024290e-10  -5.5439944251465160e-11
+10   -3.1307301521120554e-11  +1.3515130866748806e-11
+11   +7.5276632112229754e-12  -3.3140323403284923e-12
+12   -1.8253657347537069e-12  +8.1623418576110211e-13
+13   +4.4574968972368092e-13  -2.0144149452995806e-13
+14   -1.0955076114448194e-13  +4.9475966879969583e-14
+15   +2.7137065337641688e-14  -1.1786471694172119e-14
+16   -6.8310262225345580e-15  +2.4445066882329036e-15
+17   +1.8044332242321258e-15  -1.4284881794899254e-16
+18   -5.6204395922464965e-16  -4.1020887687594143e-16
+19   +2.5013467572768443e-16  +5.2414894705606689e-16
+20   -1.6554184248421759e-16  -5.4234387904782117e-16
+21   +1.5493099096445580e-16  +5.1455908083342858e-16
+22   -1.4409318492941964e-16  -4.9607920790817420e-16
+23   +1.4529995799955861e-16  +4.6702578349637499e-16
+24   -1.4177870315392967e-16  -4.5244343448848650e-16
+25   +1.4998070554424743e-16  +4.2931903278571306e-16
+26   -1.4645188816363816e-16  -4.1054015250997735e-16
+27   +1.4842378884847135e-16  +3.9249465092422583e-16
+28   -1.4427294276925426e-16  -3.7903826161501512e-16
+29   +1.4643470637548291e-16  +3.6268928931157491e-16
+30   -1.4802973661791749e-16  -3.5584249965978335e-16

