-30   -6.5420519058184577e-19  +2.7098066166622167e-19
-29   -1.4378106979856085e-18  +5.8329450157282763e-19
-28   +1.1725079153613511e-18  -1.3852373005518108e-18
-27   +2.4007652902298902e-19  +1.1267979080139322e-18
-26   +2.7114728001648590e-19  -3.7846832402227207e-19
-25   -1.2647090087861650e-18  +5.3844916652750822e-20
-24   +2.0131742489266762e-18  -1.2525479120959842e-18
-23   +1.3268114803092559e-19  +2.5299685066378820e-18
-22   +2.5092769315620450e-18  +2.4227867782488431e-18
-21   +1.7751019895786352e-18  -5.4667684366632639e-18
-20   -1.0358521839084690e-17  +3.3603220276428016e-17
-19   +4.3101948069552693e-17  -1.2415888654691554e-16
-18   -1.7741245305025842e-16  +5.0833072749856081e-16
-17   +7.0703320873677040e-16  -2.0387140986872956e-15
-16   -2.8586232160791954e-15  +8.1748555056598874e-15
-15   +1.1578555382030755e-14  -3.2862350874236485e-14
-14   -4.7094441769309291e-14  +1.3254065156569188e-13
-13   +1.9258057989460182e-13  -5.3675148085179731e-13
-12   -7.9242275945787623e-13  +2.1840802479567151e-12
-11   +3.2854742230014361e-12  -8.9385141703930398e-12
-10   -1.3750182247687148e-11  +3.6840574839310183e-11
 -9   +5.8229931701205989e-11  -1.5318526254974546e-10
 -8   -2.5038637562514333e-10  +6.4419162484209652e-10
 -7   +1.0987249939579360e-09  -2.7497211260074847e-09
 -6   -4.9590677173851445e-09  +1.1980712892302273e-08
 -5   +2.3307734473870293e-08  -5.3757913713106754e-08
 -4   -1.1686900600825781e-07  +2.5280139720395322e-07
 -3   +6.4674595292610286e-07  -1.2770736344918626e-06
 -2   -4.6075261644204595e-06  +7.8378007402673137e-06
 -1   +3.5558972373014643e-06  -3.2747136222848291e-06
 +0   +1.6953690753986017e-01  +0.0000000000000000e+00
 +1   +3.5558972373014643e-06  +3.2747136222848291e-06
 +2   -4.6075261644204595e-06  -7.8378007402673137e-06
 +3   +6.4674595292610286e-07  +1.2770736344918626e-06
 +4   -1.1686900600825781e-07  -2.5280139720395322e-07
 +5   +2.3307734473870293e-08  +5.3757913713106754e-08
 +6   -4.9590677173851445e-09  -1.1980712892302273e-08
 +7   +1.0987249939579360e-09  +2.7497211260074847e-09
 +8   -2.5038637562514333e-10  -6.4419162484209652e-10
 +9   +5.8229931701205989e-11  +1.5318526254974546e-10
+10   -1.3750182247687148e-11  -3.6840574839310183e-11
+11   +3.2854742230014361e-12  +8.9385141703930398e-12
+12   -7.9242275945787623e-13  -2.1840802479567151e-12
+13   +1.9258057989460182e-13  +5.3675148085179731e-13
+14   -4.7094441769309291e-14  -1.3254065156569188e-13
+15   +1.1578555382030755e-14  +3.2862350874236485e-14
+16   -2.8586232160791954e-15  -8.1748555056598874e-15
+17   +7.0703320873677040e-16  +2.0387140986872956e-15
+18   -1.7741245305025842e-16  -5.0833072749856081e-16
+19   +4.3101948069552693e-17  +1.2415888654691554e-16
+20   -1.0358521839084690e-17  -3.3603220276428016e-17
+21   +1.7751019895786352e-18  +5.4667684366632639e-18
+22   +2.5092769315620450e-18  -2.4227867782488431e-18
+23   +1.3268114803092559e-19  -2.5299685066378820e-18
+24   +2.0131742489266762e-18  +1.2525479120959842e-18
+25   -1.2647090087861650e-18  -5.3844916652750822e-20
+26   +2.7114728001648590e-19  +3.7846832402227207e-19
+27   +2.4007652902298902e-19  -1.1267979080139322e-18
+28   +1.1725079153613511e-18  +1.3852373005518108e-18
+29   -1.4378106979856085e-18  -5.8329450157282763e-19
+30   -6.5420519058184577e-19  -2.7098066166622167e-19

