-30   +1.5064655738153680e-16  -3.5105783359370405e-16
-29   -1.4102086870803219e-16  +3.5696767169616108e-16
-28   +1.4274499465975220e-16  -3.7663425218636413e-16
-27   -1.4644038579645039e-16  +3.8702782036366793e-16
-26   +1.4512081477978093e-16  -4.0400472552927049e-16
-25   -1.4567103143998526e-16  +4.1679995379852426e-16
-24   +1.4495543040475327e-16  -4.4387513641114019e-16
-23   -1.4622652889987065e-16  +4.5500285660782610e-16
-22   +1.4128249158707555e-16  -4.9086783252593126e-16
-21   -1.5302163757161705e-16  +5.0862024292638141e-16
-20   +1.7935320493633053e-16  -5.5146288687496111e-16
-19   -2.4221382870801455e-16  +6.1116949907389339e-16
-18   +5.5629272238334829e-16  -7.9209896033922960e-16
-17   -1.8032156557671350e-15  +1.4205246203346094e-15
-16   +6.8296971760210340e-15  -3.8104534407499452e-15
-15   -2.7136042481524591e-14  +1.3248780913192604e-14
-14   +1.0954734590876062e-13  -5.1028492415639172e-14
-13   -4.4574799538015730e-13  +2.0311674545664487e-13
-12   +1.8253609544612524e-12  -8.1806322065415613e-13
-11   -7.5276602897709606e-12  +3.3160199600202416e-12
-10   +3.1307294371833274e-11  -1.3517327881991272e-11
 -9   -1.3159077351753750e-10  +5.5442382815544588e-11
 -8   +5.6067956975519013e-10  -2.2906518012197424e-10
 -7   -2.4323453252026062e-09  +9.5475526083278714e-10
 -6   +1.0817735232811267e-08  -4.0219720617721455e-09
 -5   -4.9846379337137715e-08  +1.7146021705717706e-08
 -4   +2.4298526759687190e-07  -7.3948822882782170e-08
 -3   -1.2855877036862716e-06  +3.1437795539084750e-07
 -2   +8.4181418126244805e-06  -1.1479042544990716e-06
 -1   -5.8507571002496746e-06  -1.5529754012341271e-06
 +0   -4.1677112699311358e-01  +0.0000000000000000e+00
 +1   -5.8507571002496746e-06  +1.5529754012341271e-06
 +2   +8.4181418126244805e-06  +1.1479042544990716e-06
 +3   -1.2855877036862716e-06  -3.1437795539084750e-07
 +4   +2.4298526759687190e-07  +7.3948822882782170e-08
 +5   -4.9846379337137715e-08  -1.7146021705717706e-08
 +6   +1.0817735232811267e-08  +4.0219720617721455e-09
 +7   -2.4323453252026062e-09  -9.5475526083278714e-10
 +8   +5.6067956975519013e-10  +2.2906518012197424e-10
 +9   -1.3159077351753750e-10  -5.5442382815544588e-11
+10   +3.1307294371833274e-11  +1.3517327881991272e-11
+11   -7.5276602897709606e-12  -3.3160199600202416e-12
+12   +1.8253609544612524e-12  +8.1806322065415613e-13
+13   -4.4574799538015730e-13  -2.0311674545664487e-13
+14   +1.0954734590876062e-13  +5.1028492415639172e-14
+15   -2.7136042481524591e-14  -1.3248780913192604e-14
+16   +6.8296971760210340e-15  +3.8104534407499452e-15
+17   -1.8032156557671350e-15  -1.4205246203346094e-15
+18   +5.5629272238334829e-16  +7.9209896033922960e-16
+19   -2.4221382870801455e-16  -6.1116949907389339e-16
+20   +1.7935320493633053e-16  +5.5146288687496111e-16
+21   -1.5302163757161705e-16  -5.0862024292638141e-16
+22   +1.4128249158707555e-16  +4.9086783252593126e-16
+23   -1.4622652889987065e-16  -4.5500285660782610e-16
+24   +1.4495543040475327e-16  +4.4387513641114019e-16
+25   -1.4567103143998526e-16  -4.1679995379852426e-16
+26   +1.4512081477978093e-16  +4.0400472552927049e-16
+27   -1.4644038579645039e-16  -3.8702782036366793e-16
+28   +1.4274499465975220e-16  +3.7663425218636413e-16
+29   -1.4102086870803219e-16  -3.5696767169616108e-16
+30   +1.5064655738153680e-16  +3.5105783359370405e-16

