-30   -2.1678453024002301e-18  +2.1569513303056885e-17
-29   +9.3781742985934933e-18  -8.9172773121438046e-18
-28   -8.1619040987445599e-18  +1.7025613486150414e-17
-27   +4.0326227411057532e-18  -5.2101879936195943e-18
-26   -1.9342298743596040e-18  +9.0742227987635215e-18
-25   -7.3421535727040970e-18  -2.6875824384288736e-18
-24   -8.6944429028272042e-18  +4.6271182103983218e-18
-23   +8.5440386922846321e-18  -1.3393157153084256e-17
-22   -2.0834830656225237e-18  +9.9558812339295966e-18
-21   +1.7265365335241394e-17  -1.9535810570623117e-17
-20   -3.8724955150477411e-17  +4.1434087356338771e-17
-19   +1.2589589116752835e-16  -6.2004657914054325e-17
-18   -4.8837471969800671e-16  +1.8954917249908948e-16
-17   +1.9369459397830952e-15  -6.8761660405919200e-16
-16   -7.7220517746357764e-15  +2.6949632118612839e-15
-15   +3.0952282680912961e-14  -1.0829665382561526e-14
-14   -1.2440879708899298e-13  +4.3786239683244412e-14
-13   +5.0194157457159222e-13  -1.7810436479837723e-13
-12   -2.0339565329378275e-12  +7.2854882148568842e-13
-11   +8.2854065866077431e-12  -3.0003159640391807e-12
-10   -3.3969474693243043e-11  +1.2458239921339386e-11
 -9   +1.4040681977546532e-10  -5.2269536835013807e-11
 -8   -5.8646545038987942e-10  +2.2225848696057613e-10
 -7   +2.4841445654435641e-09  -9.6211016940793558e-10
 -6   -1.0730667714458533e-08  +4.2697835658399570e-09
 -5   +4.7700795069945521e-08  -1.9648871194940935e-08
 -4   -2.2230206521171501e-07  +9.5897329858559892e-08
 -3   +1.1164100057570795e-06  -5.1459538637373688e-07
 -2   -6.9369067540984932e-06  +3.5547876059915335e-06
 -1   +2.8874243431154442e-06  -2.0464981530431231e-06
 +0   -5.4765085838695049e-01  +0.0000000000000000e+00
 +1   +2.8874243431154442e-06  +2.0464981530431231e-06
 +2   -6.9369067540984932e-06  -3.5547876059915335e-06
 +3   +1.1164100057570795e-06  +5.1459538637373688e-07
 +4   -2.2230206521171501e-07  -9.5897329858559892e-08
 +5   +4.7700795069945521e-08  +1.9648871194940935e-08
 +6   -1.0730667714458533e-08  -4.2697835658399570e-09
 +7   +2.4841445654435641e-09  +9.6211016940793558e-10
 +8   -5.8646545038987942e-10  -2.2225848696057613e-10
 +9   +1.4040681977546532e-10  +5.2269536835013807e-11
+10   -3.3969474693243043e-11  -1.2458239921339386e-11
+11   +8.2854065866077431e-12  +3.0003159640391807e-12
+12   -2.0339565329378275e-12  -7.2854882148568842e-13
+13   +5.0194157457159222e-13  +1.7810436479837723e-13
+14   -1.2440879708899298e-13  -4.3786239683244412e-14
+15   +3.0952282680912961e-14  +1.0829665382561526e-14
+16   -7.7220517746357764e-15  -2.6949632118612839e-15
+17   +1.9369459397830952e-15  +6.8761660405919200e-16
+18   -4.8837471969800671e-16  -1.8954917249908948e-16
+19   +1.2589589116752835e-16  +6.2004657914054325e-17
+20   -3.8724955150477411e-17  -4.1434087356338771e-17
+21   +1.7265365335241394e-17  +1.9535810570623117e-17
+22   -2.0834830656225237e-18  -9.9558812339295966e-18
+23   +8.5440386922846321e-18  +1.3393157153084256e-17
+24   -8.6944429028272042e-18  -4.6271182103983218e-18
+25   -7.3421535727040970e-18  +2.6875824384288736e-18
+26   -1.9342298743596040e-18  -9.0742227987635215e-18
+27   +4.0326227411057532e-18  +5.2101879936195943e-18
+28   -8.1619040987445599e-18  -1.7025613486150414e-17
+29   +9.3781742985934933e-18  +8.9172773121438046e-18
+30   -2.1678453024002301e-18  -2.1569513303056885e-17

