-30   +7.6949162667493377e-17  -1.9023890459722698e-16
-29   -7.9443120578867952e-17  +1.9835538240106664e-16
-28   +7.8804929413140888e-17  -2.0510619151811012e-16
-27   -7.9768603382410310e-17  +2.1462997418186131e-16
-26   +8.0101095633199331e-17  -2.2275902814954839e-16
-25   -7.6869338676624375e-17  +2.3215439483738217e-16
-24   +7.8994546115236868e-17  -2.4420407973217399e-16
-23   -7.8744962014347329e-17  +2.5653871613769841e-16
-22   +7.7981609579839634e-17  -2.6523273944646865e-16
-21   -7.4844078727288748e-17  +2.7375831659589681e-16
-20   +6.0699311461008736e-17  -2.6796700171327128e-16
-19   -3.1821305253187001e-17  +2.1214156713076968e-16
-18   -1.0695321389838754e-16  +6.2417047652737425e-17
-17   +6.6582762516952557e-16  -1.2125882181424982e-15
-16   -2.8773267683835585e-15  +5.8907385964221634e-15
-15   +1.1721655255648695e-14  -2.4787046432076053e-14
-14   -4.7127802166256621e-14  +1.0119120092347277e-13
-13   +1.8924478082483047e-13  -4.1127498517954419e-13
-12   -7.6170113017428839e-13  +1.6759158840354488e-12
-11   +3.0768790405655665e-12  -6.8651827628299663e-12
-10   -1.2485060428618650e-11  +2.8320492239486464e-11
 -9   +5.0940098996909220e-11  -1.1787723982896319e-10
 -8   -2.0925543808604958e-10  +4.9630927357245448e-10
 -7   +8.6693405001357008e-10  -2.1216328106289238e-09
 -6   -3.6311594944006063e-09  +9.2613340908877039e-09
 -5   +1.5421315199388592e-08  -4.1655190261301656e-08
 -4   -6.6741859943573323e-08  +1.9649198818441958e-07
 -3   +2.9147800627969021e-07  -9.9620912848843643e-07
 -2   -1.2671250528379709e-06  +6.1217231256017933e-06
 -1   -3.7077955791275235e-07  -2.4846685771318605e-06
 +0   -2.2277702747947620e-01  +0.0000000000000000e+00
 +1   -3.7077955791275235e-07  +2.4846685771318605e-06
 +2   -1.2671250528379709e-06  -6.1217231256017933e-06
 +3   +2.9147800627969021e-07  +9.9620912848843643e-07
 +4   -6.6741859943573323e-08  -1.9649198818441958e-07
 +5   +1.5421315199388592e-08  +4.1655190261301656e-08
 +6   -3.6311594944006063e-09  -9.2613340908877039e-09
 +7   +8.6693405001357008e-10  +2.1216328106289238e-09
 +8   -2.0925543808604958e-10  -4.9630927357245448e-10
 +9   +5.0940098996909220e-11  +1.1787723982896319e-10
+10   -1.2485060428618650e-11  -2.8320492239486464e-11
+11   +3.0768790405655665e-12  +6.8651827628299663e-12
+12   -7.6170113017428839e-13  -1.6759158840354488e-12
+13   +1.8924478082483047e-13  +4.1127498517954419e-13
+14   -4.7127802166256621e-14  -1.0119120092347277e-13
+15   +1.1721655255648695e-14  +2.4787046432076053e-14
+16   -2.8773267683835585e-15  -5.8907385964221634e-15
+17   +6.6582762516952557e-16  +1.2125882181424982e-15
+18   -1.0695321389838754e-16  -6.2417047652737425e-17
+19   -3.1821305253187001e-17  -2.1214156713076968e-16
+20   +6.0699311461008736e-17  +2.6796700171327128e-16
+21   -7.4844078727288748e-17  -2.7375831659589681e-16
+22   +7.7981609579839634e-17  +2.6523273944646865e-16
+23   -7.8744962014347329e-17  -2.5653871613769841e-16
+24   +7.8994546115236868e-17  +2.4420407973217399e-16
+25   -7.6869338676624375e-17  -2.3215439483738217e-16
+26   +8.0101095633199331e-17  +2.2275902814954839e-16
+27   -7.9768603382410310e-17  -2.1462997418186131e-16
+28   +7.8804929413140888e-17  +2.0510619151811012e-16
+29   -7.9443120578867952e-17  -1.9835538240106664e-16
+30   +7.6949162667493377e-17  +1.9023890459722698e-16

