-30   -8.4854094808073519e-18  +1.1551205710048047e-17
-29   -2.3379280346489579e-19  -6.5086638242813194e-18
-28   -2.8420902671293791e-18  +3.5928954277619179e-18
-27   +3.2373174386116192e-19  -1.2245293070239951e-17
-26   -1.0108294121890248e-19  +9.2166572368916410e-18
-25   +8.7332064594937341e-19  -1.5264131761081872e-17
-24   -5.8538708657873968e-18  +1.3641410273225774e-17
-23   -9.3065578491570860e-19  -1.5578340985897407e-17
-22   -3.8446162366387675e-18  +1.0334642163805463e-17
-21   -3.1751702818348340e-18  -1.6045081432339542e-17
-20   +3.7733343940921584e-17  +2.2930370279252827e-17
-19   -1.1733887810898867e-16  -5.5110781552778514e-17
-18   +4.8497993466349881e-16  +1.7758365150200640e-16
-17   -1.9400418048036079e-15  -6.7632217213727842e-16
-16   +7.7185587886113981e-15  +2.6970764028713988e-15
-15   -3.0962637129969182e-14  -1.0829582874957057e-14
-14   +1.2441164420574505e-13  +4.3797541373819897e-14
-13   -5.0194017375955430e-13  -1.7810465991939294e-13
-12   +2.0339533130531158e-12  +7.2854494287158858e-13
-11   -8.2853929215654897e-12  -3.0003146795074037e-12
-10   +3.3969459772763099e-11  +1.2458229711657967e-11
 -9   -1.4040681457698908e-10  -5.2269538695024973e-11
 -8   +5.8646544641157174e-10  +2.2225848413044390e-10
 -7   -2.4841445611146198e-09  -9.6211016278753661e-10
 -6   +1.0730667705101129e-08  +4.2697835649039691e-09
 -5   -4.7700795067719009e-08  -1.9648871172148413e-08
 -4   +2.2230206521541996e-07  +9.5897329851369138e-08
 -3   -1.1164100057566268e-06  -5.1459538635196030e-07
 -2   +6.9369067541144555e-06  +3.5547876059208155e-06
 -1   -2.8874243431451636e-06  -2.0464981529859420e-06
 +0   +5.4765085838695293e-01  +0.0000000000000000e+00
 +1   -2.8874243431451636e-06  +2.0464981529859420e-06
 +2   +6.9369067541144555e-06  -3.5547876059208155e-06
 +3   -1.1164100057566268e-06  +5.1459538635196030e-07
 +4   +2.2230206521541996e-07  -9.5897329851369138e-08
 +5   -4.7700795067719009e-08  +1.9648871172148413e-08
 +6   +1.0730667705101129e-08  -4.2697835649039691e-09
 +7   -2.4841445611146198e-09  +9.6211016278753661e-10
 +8   +5.8646544641157174e-10  -2.2225848413044390e-10
 +9   -1.4040681457698908e-10  +5.2269538695024973e-11
+10   +3.3969459772763099e-11  -1.2458229711657967e-11
+11   -8.2853929215654897e-12  +3.0003146795074037e-12
+12   +2.0339533130531158e-12  -7.2854494287158858e-13
+13   -5.0194017375955430e-13  +1.7810465991939294e-13
+14   +1.2441164420574505e-13  -4.3797541373819897e-14
+15   -3.0962637129969182e-14  +1.0829582874957057e-14
+16   +7.7185587886113981e-15  -2.6970764028713988e-15
+17   -1.9400418048036079e-15  +6.7632217213727842e-16
+18   +4.8497993466349881e-16  -1.7758365150200640e-16
+19   -1.1733887810898867e-16  +5.5110781552778514e-17
+20   +3.7733343940921584e-17  -2.2930370279252827e-17
+21   -3.1751702818348340e-18  +1.6045081432339542e-17
+22   -3.8446162366387675e-18  -1.0334642163805463e-17
+23   -9.3065578491570860e-19  +1.5578340985897407e-17
+24   -5.8538708657873968e-18  -1.3641410273225774e-17
+25   +8.7332064594937341e-19  +1.5264131761081872e-17
+26   -1.0108294121890248e-19  -9.2166572368916410e-18
+27   +3.2373174386116192e-19  +1.2245293070239951e-17
+28   -2.8420902671293791e-18  -3.5928954277619179e-18
+29   -2.3379280346489579e-19  +6.5086638242813194e-18
+30   -8.4854094808073519e-18  -1.1551205710048047e-17

