-30   +8.1640842870194959e-17  -1.9078086592105315e-16
-29   -7.7769459858446235e-17  +1.9619622084932320e-16
-28   +7.5616478908856916e-17  -2.0319137851019627e-16
-27   -7.9963698192770938e-17  +2.1463514469401785e-16
-26   +7.9291322745856857e-17  -2.2408481137128633e-16
-25   -8.1671737807621548e-17  +2.3234444304021267e-16
-24   +7.8480932371445255e-17  -2.4348730599837051e-16
-23   -7.6421753954745209e-17  +2.5226153164263599e-16
-22   +7.8404830712642910e-17  -2.6651542013909666e-16
-21   -7.4337610395013263e-17  +2.8520799787487293e-16
-20   +7.6361045620830260e-17  -3.1901590250152788e-16
-19   -3.1557572481458041e-17  +4.0495047939508003e-16
-18   -1.0941644053856939e-16  -7.1631077822742556e-16
-17   +6.6584312917798358e-16  +1.9077074779182265e-15
-16   -2.8780804575510384e-15  -6.6326638388269686e-15
-15   +1.1724867938321891e-14  +2.5578083729165602e-14
-14   -4.7127220333648037e-14  -1.0204506582144605e-13
-13   +1.8924321590567668e-13  +4.1219929263638336e-13
-12   -7.6170044259955709e-13  -1.6769135916637348e-12
-11   +3.0768803705388687e-12  +6.8662742886175521e-12
-10   -1.2485054589965910e-11  -2.8321695848418819e-11
 -9   +5.0940098346234177e-11  +1.1787857487579606e-10
 -8   -2.0925543879514688e-10  -4.9631077483535586e-10
 -7   +8.6693404765270944e-10  +2.1216345276113422e-09
 -6   -3.6311594921555596e-09  -9.2613360951958498e-09
 -5   +1.5421315196629074e-08  +4.1655192667004624e-08
 -4   -6.6741859939024240e-08  -1.9649199119573158e-07
 -3   +2.9147800626964222e-07  +9.9620913250263144e-07
 -2   -1.2671250528191668e-06  -6.1217231316086655e-06
 -1   -3.7077955799298151e-07  +2.4846685891481372e-06
 +0   -2.2277702747947567e-01  +0.0000000000000000e+00
 +1   -3.7077955799298151e-07  -2.4846685891481372e-06
 +2   -1.2671250528191668e-06  +6.1217231316086655e-06
 +3   +2.9147800626964222e-07  -9.9620913250263144e-07
 +4   -6.6741859939024240e-08  +1.9649199119573158e-07
 +5   +1.5421315196629074e-08  -4.1655192667004624e-08
 +6   -3.6311594921555596e-09  +9.2613360951958498e-09
 +7   +8.6693404765270944e-10  -2.1216345276113422e-09
 +8   -2.0925543879514688e-10  +4.9631077483535586e-10
 +9   +5.0940098346234177e-11  -1.1787857487579606e-10
+10   -1.2485054589965910e-11  +2.8321695848418819e-11
+11   +3.0768803705388687e-12  -6.8662742886175521e-12
+12   -7.6170044259955709e-13  +1.6769135916637348e-12
+13   +1.8924321590567668e-13  -4.1219929263638336e-13
+14   -4.7127220333648037e-14  +1.0204506582144605e-13
+15   +1.1724867938321891e-14  -2.5578083729165602e-14
+16   -2.8780804575510384e-15  +6.6326638388269686e-15
+17   +6.6584312917798358e-16  -1.9077074779182265e-15
+18   -1.0941644053856939e-16  +7.1631077822742556e-16
+19   -3.1557572481458041e-17  -4.0495047939508003e-16
+20   +7.6361045620830260e-17  +3.1901590250152788e-16
+21   -7.4337610395013263e-17  -2.8520799787487293e-16
+22   +7.8404830712642910e-17  +2.6651542013909666e-16
+23   -7.6421753954745209e-17  -2.5226153164263599e-16
+24   +7.8480932371445255e-17  +2.4348730599837051e-16
+25   -8.1671737807621548e-17  -2.3234444304021267e-16
+26   +7.9291322745856857e-17  +2.2408481137128633e-16
+27   -7.9963698192770938e-17  -2.1463514469401785e-16
+28   +7.5616478908856916e-17  +2.0319137851019627e-16
+29   -7.7769459858446235e-17  -1.9619622084932320e-16
+30   +8.1640842870194959e-17  +1.9078086592105315e-16

