-30   +1.4716200186897976e-28  +1.2635128359960807e-17
-29   -1.2095389594811184e-18  -9.7480735194929621e-18
-28   +3.8863804818468375e-18  +8.7187857429962392e-18
-27   +4.1882272722382454e-18  -8.7780051012809469e-18
-26   -5.0492730249853833e-18  +8.9095905215542067e-18
-25   +9.0115327082527174e-18  -8.6792573770951039e-18
-24   -2.9763822089194952e-18  +8.2680375609090602e-18
-23   +2.7156090010982360e-18  -8.3887873964261087e-18
-22   -5.8765267345066238e-18  +1.1548942356097867e-17
-21   +4.0006660953705350e-18  -9.2464565820720637e-18
-20   +6.4098756212785470e-18  +3.7007434154171884e-18
-19   -1.3832680832842129e-17  -9.7554586013474793e-18
-18   +5.0637639856000290e-17  +1.4163219335671159e-17
-17   -2.1051364794317355e-16  -1.6506662382611155e-17
-16   +9.1599623931848411e-16  +3.4732253370241935e-17
-15   -3.9287183904077125e-15  -9.3807063563055312e-17
-14   +1.6823318841327552e-14  +4.0846222098005227e-16
-13   -7.2749798287407086e-14  -1.8428858575408198e-15
-12   +3.1734384660405936e-13  +8.6557334952559949e-15
-11   -1.3995165004613528e-12  -4.1560855706539798e-14
-10   +6.2536310437065822e-12  +2.0417697575151839e-13
 -9   -2.8394349263430046e-11  -1.0298233888880277e-12
 -8   +1.3151536768771447e-10  +5.3651694907459540e-12
 -7   -6.2479293394633166e-10  -2.9124888437850579e-11
 -6   +3.0699626455782995e-09  +1.6693143867218005e-10
 -5   -1.5789746020904819e-08  -1.0301241604519221e-09
 -4   +8.7121847108790204e-08  +7.1035659314197740e-09
 -3   -5.2861932489731157e-07  -5.7455911742996142e-08
 -2   +4.1246730847775066e-06  +6.7239248615212719e-07
 -1   -6.4404075849483599e-06  -2.0996881197633086e-06
 +0   +4.9798723377164134e-01  +0.0000000000000000e+00
 +1   -6.4404075849483599e-06  +2.0996881197633086e-06
 +2   +4.1246730847775066e-06  -6.7239248615212719e-07
 +3   -5.2861932489731157e-07  +5.7455911742996142e-08
 +4   +8.7121847108790204e-08  -7.1035659314197740e-09
 +5   -1.5789746020904819e-08  +1.0301241604519221e-09
 +6   +3.0699626455782995e-09  -1.6693143867218005e-10
 +7   -6.2479293394633166e-10  +2.9124888437850579e-11
 +8   +1.3151536768771447e-10  -5.3651694907459540e-12
 +9   -2.8394349263430046e-11  +1.0298233888880277e-12
+10   +6.2536310437065822e-12  -2.0417697575151839e-13
+11   -1.3995165004613528e-12  +4.1560855706539798e-14
+12   +3.1734384660405936e-13  -8.6557334952559949e-15
+13   -7.2749798287407086e-14  +1.8428858575408198e-15
+14   +1.6823318841327552e-14  -4.0846222098005227e-16
+15   -3.9287183904077125e-15  +9.3807063563055312e-17
+16   +9.1599623931848411e-16  -3.4732253370241935e-17
+17   -2.1051364794317355e-16  +1.6506662382611155e-17
+18   +5.0637639856000290e-17  -1.4163219335671159e-17
+19   -1.3832680832842129e-17  +9.7554586013474793e-18
+20   +6.4098756212785470e-18  -3.7007434154171884e-18
+21   +4.0006660953705350e-18  +9.2464565820720637e-18
+22   -5.8765267345066238e-18  -1.1548942356097867e-17
+23   +2.7156090010982360e-18  +8.3887873964261087e-18
+24   -2.9763822089194952e-18  -8.2680375609090602e-18
+25   +9.0115327082527174e-18  +8.6792573770951039e-18
+26   -5.0492730249853833e-18  -8.9095905215542067e-18
+27   +4.1882272722382454e-18  +8.7780051012809469e-18
+28   +3.8863804818468375e-18  -8.7187857429962392e-18
+29   -1.2095389594811184e-18  +9.7480735194929621e-18
+30   +1.4716200186897976e-28  -1.2635128359960807e-17

