-30   +1.2635128359837220e-17  -1.2635128359596437e-17
-29   -4.5144157632497509e-18  +6.5667907195943855e-18
-28   +5.3729384962567346e-18  -5.0768382988138277e-18
-27   -4.0600012005227085e-18  +7.2201104894281384e-18
-26   +1.5784771672021975e-18  -6.2551669616575285e-18
-25   -4.6877734201725893e-18  +7.1475997355547706e-18
-24   +4.7371269159065222e-18  -8.9761906234113745e-18
-23   -3.1121180073297672e-18  +1.0323906852098360e-17
-22   +3.9206751385015287e-19  -5.5267818578619552e-18
-21   -3.9210972752964081e-18  +7.1909280943240439e-18
-20   -1.2325951644078310e-33  -1.2819751242557092e-17
-19   -1.9547634623516998e-17  +1.1134165295395217e-17
-18   +5.3612931110635420e-17  -1.3431431840037372e-17
-17   -2.1764057566091077e-16  +1.5552294341739558e-17
-16   +9.2207140557725583e-16  -3.1005495727755556e-17
-15   -3.9304609592465844e-15  +9.5881923723346846e-17
-14   +1.6832160686722646e-14  -4.0654291561864278e-16
-13   -7.2756643900243624e-14  +1.8440760578842681e-15
-12   +3.1734895083684168e-13  -8.6523474618769540e-15
-11   -1.3995197375799854e-12  +4.1557761049070109e-14
-10   +6.2536387158368644e-12  -2.0416368723206668e-13
 -9   -2.8394361095506444e-11  +1.0298191982781051e-12
 -8   +1.3151537226122844e-10  -5.3651616306665340e-12
 -7   -6.2479293808514878e-10  +2.9124886495997530e-11
 -6   +3.0699626542511037e-09  -1.6693143469180211e-10
 -5   -1.5789746024520459e-08  +1.0301241585957681e-09
 -4   +8.7121847113643332e-08  -7.1035659143224901e-09
 -3   -5.2861932490500379e-07  +5.7455911722157106e-08
 -2   +4.1246730847873542e-06  -6.7239248610879902e-07
 -1   -6.4404075849541214e-06  +2.0996881197670398e-06
 +0   +4.9798723377164139e-01  +0.0000000000000000e+00
 +1   -6.4404075849541214e-06  -2.0996881197670398e-06
 +2   +4.1246730847873542e-06  +6.7239248610879902e-07
 +3   -5.2861932490500379e-07  -5.7455911722157106e-08
 +4   +8.7121847113643332e-08  +7.1035659143224901e-09
 +5   -1.5789746024520459e-08  -1.0301241585957681e-09
 +6   +3.0699626542511037e-09  +1.6693143469180211e-10
 +7   -6.2479293808514878e-10  -2.9124886495997530e-11
 +8   +1.3151537226122844e-10  +5.3651616306665340e-12
 +9   -2.8394361095506444e-11  -1.0298191982781051e-12
+10   +6.2536387158368644e-12  +2.0416368723206668e-13
+11   -1.3995197375799854e-12  -4.1557761049070109e-14
+12   +3.1734895083684168e-13  +8.6523474618769540e-15
+13   -7.2756643900243624e-14  -1.8440760578842681e-15
+14   +1.6832160686722646e-14  +4.0654291561864278e-16
+15   -3.9304609592465844e-15  -9.5881923723346846e-17
+16   +9.2207140557725583e-16  +3.1005495727755556e-17
+17   -2.1764057566091077e-16  -1.5552294341739558e-17
+18   +5.3612931110635420e-17  +1.3431431840037372e-17
+19   -1.9547634623516998e-17  -1.1134165295395217e-17
+20   -1.2325951644078310e-33  +1.2819751242557092e-17
+21   -3.9210972752964081e-18  -7.1909280943240439e-18
+22   +3.9206751385015287e-19  +5.5267818578619552e-18
+23   -3.1121180073297672e-18  -1.0323906852098360e-17
+24   +4.7371269159065222e-18  +8.9761906234113745e-18
+25   -4.6877734201725893e-18  -7.1475997355547706e-18
+26   +1.5784771672021975e-18  +6.2551669616575285e-18
+27   -4.0600012005227085e-18  -7.2201104894281384e-18
+28   +5.3729384962567346e-18  +5.0768382988138277e-18
+29   -4.5144157632497509e-18  -6.5667907195943855e-18
+30   +1.2635128359837220e-17  +1.2635128359596437e-17

