-30   +5.4196127289092754e-19  -4.4671926269284787e-18
-29   -3.9831751880724335e-19  +3.3494339965290313e-18
-28   +1.6463878275657417e-18  -2.5803559694781627e-18
-27   -1.4832105615562986e-18  +3.0221455552270041e-18
-26   +8.6801210993305386e-19  -5.7027623744876625e-18
-25   +7.7049993041636838e-18  +1.1488985207728973e-18
-24   -3.6745068565490346e-17  +7.9312050523836464e-18
-23   +1.4318154179462305e-16  -4.2300596112957508e-17
-22   -5.5089996701906360e-16  +1.7478222908951873e-16
-21   +2.0849007835906423e-15  -6.8714564099336149e-16
-20   -7.8946489521985514e-15  +2.6390721225281435e-15
-19   +2.9857997017932587e-14  -1.0015037057744109e-14
-18   -1.1276847337378555e-13  +3.7994795380103974e-14
-17   +4.2553441173023006e-13  -1.4405773469202548e-13
-16   -1.6042222380181912e-12  +5.4599179356794282e-13
-15   +6.0416097245056638e-12  -2.0685571266375561e-12
-14   -2.2728081327992260e-11  +7.8345810623994763e-12
-13   +8.5399612396236115e-11  -2.9666542220587595e-11
-12   -3.2047274980367414e-10  +1.1232560674620171e-10
-11   +1.2009538475047225e-09  -4.2534321712776936e-10
-10   -4.4938843859170490e-09  +1.6113401487704092e-09
 -9   +1.6789834385061241e-08  -6.1099690226370579e-09
 -8   -6.2631424778908936e-08  +2.3208525241222199e-08
 -7   +2.3328857576429801e-07  -8.8426399498574054e-08
 -6   -8.6800714466077651e-07  +3.3874522524094189e-07
 -5   +3.2281333095132055e-06  -1.3095770988525114e-06
 -4   -1.2040736293062908e-05  +5.1585490099148583e-06
 -3   +4.4919845628024718e-05  -2.0818417249129632e-05
 -2   -1.7733183239180612e-04  +9.4066748168961968e-05
 -1   +3.0196423878078088e-05  -3.5101730609285759e-05
 +0   +1.9394504620091446e-01  +0.0000000000000000e+00
 +1   +3.0196423878078088e-05  +3.5101730609285759e-05
 +2   -1.7733183239180612e-04  -9.4066748168961968e-05
 +3   +4.4919845628024718e-05  +2.0818417249129632e-05
 +4   -1.2040736293062908e-05  -5.1585490099148583e-06
 +5   +3.2281333095132055e-06  +1.3095770988525114e-06
 +6   -8.6800714466077651e-07  -3.3874522524094189e-07
 +7   +2.3328857576429801e-07  +8.8426399498574054e-08
 +8   -6.2631424778908936e-08  -2.3208525241222199e-08
 +9   +1.6789834385061241e-08  +6.1099690226370579e-09
+10   -4.4938843859170490e-09  -1.6113401487704092e-09
+11   +1.2009538475047225e-09  +4.2534321712776936e-10
+12   -3.2047274980367414e-10  -1.1232560674620171e-10
+13   +8.5399612396236115e-11  +2.9666542220587595e-11
+14   -2.2728081327992260e-11  -7.8345810623994763e-12
+15   +6.0416097245056638e-12  +2.0685571266375561e-12
+16   -1.6042222380181912e-12  -5.4599179356794282e-13
+17   +4.2553441173023006e-13  +1.4405773469202548e-13
+18   -1.1276847337378555e-13  -3.7994795380103974e-14
+19   +2.9857997017932587e-14  +1.0015037057744109e-14
+20   -7.8946489521985514e-15  -2.6390721225281435e-15
+21   +2.0849007835906423e-15  +6.8714564099336149e-16
+22   -5.5089996701906360e-16  -1.7478222908951873e-16
+23   +1.4318154179462305e-16  +4.2300596112957508e-17
+24   -3.6745068565490346e-17  -7.9312050523836464e-18
+25   +7.7049993041636838e-18  -1.1488985207728973e-18
+26   +8.6801210993305386e-19  +5.7027623744876625e-18
+27   -1.4832105615562986e-18  -3.0221455552270041e-18
+28   +1.6463878275657417e-18  +2.5803559694781627e-18
+29   -3.9831751880724335e-19  -3.3494339965290313e-18
+30   +5.4196127289092754e-19  +4.4671926269284787e-18

