-30   -4.5149069657147861e-16  +1.1479369633594003e-15
-29   +4.5125002421984692e-16  -1.1773904293571199e-15
-28   -4.5602287777756163e-16  +1.2140742648114542e-15
-27   +4.6764531496858605e-16  -1.2719737479886344e-15
-26   -4.6007058530205533e-16  +1.3165401265249741e-15
-25   +4.6849252927712138e-16  -1.3810609423542057e-15
-24   -4.6881680959625081e-16  +1.4655703476399871e-15
-23   +5.1699414743785609e-16  -1.6086603150126754e-15
-22   -6.7733424613280606e-16  +2.0084893253995010e-15
-21   +1.2862580001768574e-15  -3.3313266193444221e-15
-20   -3.5920170432405839e-15  +8.0893495631366124e-15
-19   +1.2310998254532426e-14  -2.5944350091758187e-14
-18   -4.5143135761368580e-14  +9.3262094826405156e-14
-17   +1.6881258247914376e-13  -3.4783990856317732e-13
-16   -6.3390648601975965e-13  +1.3108492358867344e-12
-15   +2.3808939566571130e-12  -4.9525217509807710e-12
-14   -8.9329251649890043e-12  +1.8717766847879108e-11
-13   +3.3465157182950087e-11  -7.0726244257491968e-11
-12   -1.2514402489040062e-10  +2.6715462979847306e-10
-11   +4.6700668006517141e-10  -1.0088658374157797e-09
-10   -1.7385508448720051e-09  +3.8095934455230720e-09
 -9   +6.4538231474631877e-09  -1.4389607635079480e-08
 -8   -2.3876107715317265e-08  +5.4400464406697079e-08
 -7   +8.7955527259937142e-08  -2.0604693365873298e-07
 -6   -3.2224248605367306e-07  +7.8332952630565093e-07
 -5   +1.1711884719820344e-06  -2.9974750227250970e-06
 -4   -4.2072942233729692e-06  +1.1637396048947646e-05
 -3   +1.4630264558723098e-05  -4.5908842745623315e-05
 -2   -4.8454142848698515e-05  +1.9920433459441999e-04
 -1   -4.0149713406371521e-06  -7.3813239021052414e-05
 +0   +1.2785934808227504e+00  +0.0000000000000000e+00
 +1   -4.0149713406371521e-06  +7.3813239021052414e-05
 +2   -4.8454142848698515e-05  -1.9920433459441999e-04
 +3   +1.4630264558723098e-05  +4.5908842745623315e-05
 +4   -4.2072942233729692e-06  -1.1637396048947646e-05
 +5   +1.1711884719820344e-06  +2.9974750227250970e-06
 +6   -3.2224248605367306e-07  -7.8332952630565093e-07
 +7   +8.7955527259937142e-08  +2.0604693365873298e-07
 +8   -2.3876107715317265e-08  -5.4400464406697079e-08
 +9   +6.4538231474631877e-09  +1.4389607635079480e-08
+10   -1.7385508448720051e-09  -3.8095934455230720e-09
+11   +4.6700668006517141e-10  +1.0088658374157797e-09
+12   -1.2514402489040062e-10  -2.6715462979847306e-10
+13   +3.3465157182950087e-11  +7.0726244257491968e-11
+14   -8.9329251649890043e-12  -1.8717766847879108e-11
+15   +2.3808939566571130e-12  +4.9525217509807710e-12
+16   -6.3390648601975965e-13  -1.3108492358867344e-12
+17   +1.6881258247914376e-13  +3.4783990856317732e-13
+18   -4.5143135761368580e-14  -9.3262094826405156e-14
+19   +1.2310998254532426e-14  +2.5944350091758187e-14
+20   -3.5920170432405839e-15  -8.0893495631366124e-15
+21   +1.2862580001768574e-15  +3.3313266193444221e-15
+22   -6.7733424613280606e-16  -2.0084893253995010e-15
+23   +5.1699414743785609e-16  +1.6086603150126754e-15
+24   -4.6881680959625081e-16  -1.4655703476399871e-15
+25   +4.6849252927712138e-16  +1.3810609423542057e-15
+26   -4.6007058530205533e-16  -1.3165401265249741e-15
+27   +4.6764531496858605e-16  +1.2719737479886344e-15
+28   -4.5602287777756163e-16  -1.2140742648114542e-15
+29   +4.5125002421984692e-16  +1.1773904293571199e-15
+30   -4.5149069657147861e-16  -1.1479369633594003e-15

