-30   -7.9434480171761952e-18  +2.0102366197008227e-17
-29   +7.7828698291376872e-18  -1.9836004358658784e-17
-28   -7.0461540815856230e-18  +1.9933165707450905e-17
-27   +8.6027138186211323e-18  -2.3245913605744930e-17
-26   -5.8316630020422352e-18  +2.4602599409781539e-17
-25   -1.5861142901993394e-18  -2.6941773443252440e-17
-24   +2.8803321628734309e-17  +3.9209052980843569e-17
-23   -1.3811110903371879e-16  -7.6162900103352535e-17
-22   +5.4379573287235966e-16  +2.0879855866148497e-16
-21   -2.0783876161450804e-15  -7.2449720841450382e-16
-20   +7.8916254918345994e-15  +2.6692225021915423e-15
-19   -2.9850905654248142e-14  -1.0052669268980300e-14
-18   +1.1276274993192726e-13  +3.8033635497286667e-14
-17   -4.2552737898569623e-13  -1.4410124413859126e-13
-16   +1.6042165821796428e-12  +5.4604129006394203e-13
-15   -6.0416066987436817e-12  -2.0686109827489429e-12
-14   +2.2728075120550261e-11  +7.8346375519271632e-12
-13   -8.5399606685014893e-11  -2.9666600697793391e-11
-12   +3.2047274356718556e-10  +1.1232566969285116e-10
-11   -1.2009538394324307e-09  -4.2534328437616774e-10
-10   +4.4938843778089014e-09  +1.6113402290083802e-09
 -9   -1.6789834378162541e-08  -6.1099691069698824e-09
 -8   +6.2631424771882811e-08  +2.3208525343945104e-08
 -7   -2.3328857575640311e-07  -8.8426399610404320e-08
 -6   +8.6800714465359684e-07  +3.3874522536758787e-07
 -5   -3.2281333095017244e-06  -1.3095770990007343e-06
 -4   +1.2040736293050874e-05  +5.1585490100984578e-06
 -3   -4.4919845628009505e-05  -2.0818417249394964e-05
 -2   +1.7733183239179359e-04  +9.4066748169314334e-05
 -1   -3.0196423878006754e-05  -3.5101730609963521e-05
 +0   -1.9394504620091238e-01  +0.0000000000000000e+00
 +1   -3.0196423878006754e-05  +3.5101730609963521e-05
 +2   +1.7733183239179359e-04  -9.4066748169314334e-05
 +3   -4.4919845628009505e-05  +2.0818417249394964e-05
 +4   +1.2040736293050874e-05  -5.1585490100984578e-06
 +5   -3.2281333095017244e-06  +1.3095770990007343e-06
 +6   +8.6800714465359684e-07  -3.3874522536758787e-07
 +7   -2.3328857575640311e-07  +8.8426399610404320e-08
 +8   +6.2631424771882811e-08  -2.3208525343945104e-08
 +9   -1.6789834378162541e-08  +6.1099691069698824e-09
+10   +4.4938843778089014e-09  -1.6113402290083802e-09
+11   -1.2009538394324307e-09  +4.2534328437616774e-10
+12   +3.2047274356718556e-10  -1.1232566969285116e-10
+13   -8.5399606685014893e-11  +2.9666600697793391e-11
+14   +2.2728075120550261e-11  -7.8346375519271632e-12
+15   -6.0416066987436817e-12  +2.0686109827489429e-12
+16   +1.6042165821796428e-12  -5.4604129006394203e-13
+17   -4.2552737898569623e-13  +1.4410124413859126e-13
+18   +1.1276274993192726e-13  -3.8033635497286667e-14
+19   -2.9850905654248142e-14  +1.0052669268980300e-14
+20   +7.8916254918345994e-15  -2.6692225021915423e-15
+21   -2.0783876161450804e-15  +7.2449720841450382e-16
+22   +5.4379573287235966e-16  -2.0879855866148497e-16
+23   -1.3811110903371879e-16  +7.6162900103352535e-17
+24   +2.8803321628734309e-17  -3.9209052980843569e-17
+25   -1.5861142901993394e-18  +2.6941773443252440e-17
+26   -5.8316630020422352e-18  -2.4602599409781539e-17
+27   +8.6027138186211323e-18  +2.3245913605744930e-17
+28   -7.0461540815856230e-18  -1.9933165707450905e-17
+29   +7.7828698291376872e-18  +1.9836004358658784e-17
+30   -7.9434480171761952e-18  -2.0102366197008227e-17

