-30   -4.4625705528953189e-16  +1.0668925517826409e-15
-29   +4.5118396057752265e-16  -1.1124030716286380e-15
-28   -4.4706250814769262e-16  +1.1596881075431249e-15
-27   +4.3972332056253131e-16  -1.2012776741332784e-15
-26   -4.4067019463598165e-16  +1.2380232619190043e-15
-25   +4.4586677010188826e-16  -1.3012936597316861e-15
-24   -4.4976733011758188e-16  +1.3229972378701536e-15
-23   +5.0210169564710635e-16  -1.2919763030912343e-15
-22   -6.5232185902181492e-16  +1.0609755154513353e-15
-21   +1.2764185050259003e-15  +1.1546309202797661e-16
-20   -3.5900338208214730e-15  -4.6567301881817728e-15
-19   +1.2285278308479110e-14  +2.2363901579091254e-14
-18   -4.5128409847588377e-14  -8.9471568306941264e-14
-17   +1.6878353764518730e-13  +3.4383313222211741e-13
-16   -6.3388579811869890e-13  -1.3065977484683329e-12
-15   +2.3808644221729230e-12  +4.9479982343178262e-12
-14   -8.9329174421091114e-12  -1.8712892675185285e-11
-13   +3.3465160947942319e-11  +7.0720974558147042e-11
-12   -1.2514399714831237e-10  -2.6714891580966204e-10
-11   +4.6700667576084579e-10  +1.0088595878529334e-09
-10   -1.7385508505424692e-09  -3.8095865827995712e-09
 -9   +6.4538231334956665e-09  +1.4389599960295968e-08
 -8   -2.3876107704807803e-08  -5.4400455833024167e-08
 -7   +8.7955527242548071e-08  +2.0604692382231184e-07
 -6   -3.2224248604854168e-07  -7.8332951480267838e-07
 -5   +1.1711884719675008e-06  +2.9974750088791580e-06
 -4   -4.2072942233517773e-06  -1.1637396031607733e-05
 -3   +1.4630264558709054e-05  +4.5908842722633059e-05
 -2   -4.8454142848758959e-05  -1.9920433455967662e-04
 -1   -4.0149713403471415e-06  +7.3813238951585047e-05
 +0   +1.2785934808227497e+00  +0.0000000000000000e+00
 +1   -4.0149713403471415e-06  -7.3813238951585047e-05
 +2   -4.8454142848758959e-05  +1.9920433455967662e-04
 +3   +1.4630264558709054e-05  -4.5908842722633059e-05
 +4   -4.2072942233517773e-06  +1.1637396031607733e-05
 +5   +1.1711884719675008e-06  -2.9974750088791580e-06
 +6   -3.2224248604854168e-07  +7.8332951480267838e-07
 +7   +8.7955527242548071e-08  -2.0604692382231184e-07
 +8   -2.3876107704807803e-08  +5.4400455833024167e-08
 +9   +6.4538231334956665e-09  -1.4389599960295968e-08
+10   -1.7385508505424692e-09  +3.8095865827995712e-09
+11   +4.6700667576084579e-10  -1.0088595878529334e-09
+12   -1.2514399714831237e-10  +2.6714891580966204e-10
+13   +3.3465160947942319e-11  -7.0720974558147042e-11
+14   -8.9329174421091114e-12  +1.8712892675185285e-11
+15   +2.3808644221729230e-12  -4.9479982343178262e-12
+16   -6.3388579811869890e-13  +1.3065977484683329e-12
+17   +1.6878353764518730e-13  -3.4383313222211741e-13
+18   -4.5128409847588377e-14  +8.9471568306941264e-14
+19   +1.2285278308479110e-14  -2.2363901579091254e-14
+20   -3.5900338208214730e-15  +4.6567301881817728e-15
+21   +1.2764185050259003e-15  -1.1546309202797661e-16
+22   -6.5232185902181492e-16  -1.0609755154513353e-15
+23   +5.0210169564710635e-16  +1.2919763030912343e-15
+24   -4.4976733011758188e-16  -1.3229972378701536e-15
+25   +4.4586677010188826e-16  +1.3012936597316861e-15
+26   -4.4067019463598165e-16  -1.2380232619190043e-15
+27   +4.3972332056253131e-16  +1.2012776741332784e-15
+28   -4.4706250814769262e-16  -1.1596881075431249e-15
+29   +4.5118396057752265e-16  +1.1124030716286380e-15
+30   -4.4625705528953189e-16  -1.0668925517826409e-15

