-30   +1.4802973752667806e-17  -1.4430220852423058e-26
-29   -1.0080263367211845e-17  +1.6865873732358661e-17
-28   +1.3917310807300113e-18  -1.5179936202824454e-17
-27   -2.9369467361604265e-18  +1.4109089079795360e-17
-26   +7.3708268717122595e-18  -1.3837551748197352e-17
-25   -7.8965340781622073e-18  +1.8021716822056103e-17
-24   +1.8108757518344836e-17  +1.4130528422030800e-17
-23   -5.2663887431378054e-17  -1.1637132396439636e-16
-22   +1.7904271223854953e-16  +5.0527109783003566e-16
-21   -6.6413499273755648e-16  -1.9737447537955304e-15
-20   +2.5145883830124393e-15  +7.4885196992288661e-15
-19   -9.4729064300400412e-15  -2.8388369329976578e-14
-18   +3.5835939984307879e-14  +1.0701026596935092e-13
-17   -1.3541163905787981e-13  -4.0281561918708492e-13
-16   +5.1129403572978759e-13  +1.5144672257055252e-12
-15   -1.9291417360550849e-12  -5.6861040412775009e-12
-14   +7.2727395672125268e-12  +2.1317901253400968e-11
-13   -2.7393814402715075e-11  -7.9796844612455717e-11
-12   +1.0309109055118243e-10  +2.9817402288820377e-10
-11   -3.8762052067889493e-10  -1.1120379957817019e-09
-10   +1.4562435171361116e-09  +4.1386009683063383e-09
 -9   -5.4671872354092300e-09  -1.5367065404805409e-08
 -8   +2.0517682291858404e-08  +5.6920598592188244e-08
 -7   -7.7016034444289782e-08  -2.1031496630381571e-07
 -6   +2.8951241186433991e-07  +7.7542980287604555e-07
 -5   -1.0922862429553894e-06  -2.8551293961075714e-06
 -4   +4.1636751710154290e-06  +1.0545095757104199e-05
 -3   -1.6118039570356727e-05  -3.9073497315130297e-05
 -2   +6.8852331777273797e-05  +1.5634292852495182e-04
 -1   -1.5731683015678116e-05  -2.8168111510334466e-05
 +0   -9.7303024587358034e-01  +0.0000000000000000e+00
 +1   -1.5731683015678116e-05  +2.8168111510334466e-05
 +2   +6.8852331777273797e-05  -1.5634292852495182e-04
 +3   -1.6118039570356727e-05  +3.9073497315130297e-05
 +4   +4.1636751710154290e-06  -1.0545095757104199e-05
 +5   -1.0922862429553894e-06  +2.8551293961075714e-06
 +6   +2.8951241186433991e-07  -7.7542980287604555e-07
 +7   -7.7016034444289782e-08  +2.1031496630381571e-07
 +8   +2.0517682291858404e-08  -5.6920598592188244e-08
 +9   -5.4671872354092300e-09  +1.5367065404805409e-08
+10   +1.4562435171361116e-09  -4.1386009683063383e-09
+11   -3.8762052067889493e-10  +1.1120379957817019e-09
+12   +1.0309109055118243e-10  -2.9817402288820377e-10
+13   -2.7393814402715075e-11  +7.9796844612455717e-11
+14   +7.2727395672125268e-12  -2.1317901253400968e-11
+15   -1.9291417360550849e-12  +5.6861040412775009e-12
+16   +5.1129403572978759e-13  -1.5144672257055252e-12
+17   -1.3541163905787981e-13  +4.0281561918708492e-13
+18   +3.5835939984307879e-14  -1.0701026596935092e-13
+19   -9.4729064300400412e-15  +2.8388369329976578e-14
+20   +2.5145883830124393e-15  -7.4885196992288661e-15
+21   -6.6413499273755648e-16  +1.9737447537955304e-15
+22   +1.7904271223854953e-16  -5.0527109783003566e-16
+23   -5.2663887431378054e-17  +1.1637132396439636e-16
+24   +1.8108757518344836e-17  -1.4130528422030800e-17
+25   -7.8965340781622073e-18  -1.8021716822056103e-17
+26   +7.3708268717122595e-18  +1.3837551748197352e-17
+27   -2.9369467361604265e-18  -1.4109089079795360e-17
+28   +1.3917310807300113e-18  +1.5179936202824454e-17
+29   -1.0080263367211845e-17  -1.6865873732358661e-17
+30   +1.4802973752667806e-17  +1.4430220852423058e-26

