-30   +5.0885222027846346e-17  -1.2007223535027368e-16
-29   -5.1426265547261078e-17  +1.2411541286303080e-16
-28   +4.9725687873431150e-17  -1.2916624603860914e-16
-27   -4.9298425245296454e-17  +1.3347910318141940e-16
-26   +5.0107305949673745e-17  -1.3922484876253033e-16
-25   -5.9617003853566620e-17  +1.4329373770915296e-16
-24   +8.0438355252722753e-17  -1.3825996141537886e-16
-23   -1.6244106972252941e-16  +1.0400199214169206e-16
-22   +4.7126713994832053e-16  +4.1014763881541396e-17
-21   -1.6434936400032264e-15  -6.1776813164573623e-16
-20   +6.0775343730178150e-15  +2.8065259929498028e-15
-19   -2.2840106035988557e-14  -1.1081009901647034e-14
-18   +8.6139496174940207e-14  +4.2213489644385922e-14
-17   -3.2496329588649008e-13  -1.5918247324238718e-13
-16   +1.2252121257649738e-12  +5.9790836801688785e-13
-15   -4.6152411833879785e-12  -2.2406816860071663e-12
-14   +1.7367045209857519e-11  +8.3805897578112755e-12
-13   -6.5277437790716598e-11  -3.1280948886318506e-11
-12   +2.4505752947920511e-10  +1.1649221967428013e-10
-11   -9.1876666820860325e-10  -4.3270067297584559e-10
-10   +3.4398928463593054e-09  +1.6024253123887380e-09
 -9   -1.2860870568791477e-08  -5.9135567309636899e-09
 -8   +4.8017167977472967e-08  +2.1733274941749225e-08
 -7   -1.7905795194636296e-07  -7.9477341672650380e-08
 -6   +6.6726334797936392e-07  +2.8890690554406690e-07
 -5   -2.4870990785099936e-06  -1.0420548203931594e-06
 -4   +9.3089959143511802e-06  +3.7257549584465641e-06
 -3   -3.4940143291387410e-05  -1.3024577629223254e-05
 -2   +1.3980085663761239e-04  +4.5705531658654795e-05
 -1   -2.5819587103108589e-05  -3.2615508720071180e-06
 +0   -1.4759532599959035e-01  +0.0000000000000000e+00
 +1   -2.5819587103108589e-05  +3.2615508720071180e-06
 +2   +1.3980085663761239e-04  -4.5705531658654795e-05
 +3   -3.4940143291387410e-05  +1.3024577629223254e-05
 +4   +9.3089959143511802e-06  -3.7257549584465641e-06
 +5   -2.4870990785099936e-06  +1.0420548203931594e-06
 +6   +6.6726334797936392e-07  -2.8890690554406690e-07
 +7   -1.7905795194636296e-07  +7.9477341672650380e-08
 +8   +4.8017167977472967e-08  -2.1733274941749225e-08
 +9   -1.2860870568791477e-08  +5.9135567309636899e-09
+10   +3.4398928463593054e-09  -1.6024253123887380e-09
+11   -9.1876666820860325e-10  +4.3270067297584559e-10
+12   +2.4505752947920511e-10  -1.1649221967428013e-10
+13   -6.5277437790716598e-11  +3.1280948886318506e-11
+14   +1.7367045209857519e-11  -8.3805897578112755e-12
+15   -4.6152411833879785e-12  +2.2406816860071663e-12
+16   +1.2252121257649738e-12  -5.9790836801688785e-13
+17   -3.2496329588649008e-13  +1.5918247324238718e-13
+18   +8.6139496174940207e-14  -4.2213489644385922e-14
+19   -2.2840106035988557e-14  +1.1081009901647034e-14
+20   +6.0775343730178150e-15  -2.8065259929498028e-15
+21   -1.6434936400032264e-15  +6.1776813164573623e-16
+22   +4.7126713994832053e-16  -4.1014763881541396e-17
+23   -1.6244106972252941e-16  -1.0400199214169206e-16
+24   +8.0438355252722753e-17  +1.3825996141537886e-16
+25   -5.9617003853566620e-17  -1.4329373770915296e-16
+26   +5.0107305949673745e-17  +1.3922484876253033e-16
+27   -4.9298425245296454e-17  -1.3347910318141940e-16
+28   +4.9725687873431150e-17  +1.2916624603860914e-16
+29   -5.1426265547261078e-17  -1.2411541286303080e-16
+30   +5.0885222027846346e-17  +1.2007223535027368e-16

