-30   -3.0503898405778624e-17  -1.2635128225647098e-17
-29   +4.4282877518992791e-20  -3.1460275987296055e-18
-28   +1.5810718577665009e-19  +2.3328833277341506e-19
-27   +8.2817839763393894e-19  -1.2137781864102405e-17
-26   +2.0051020129788600e-18  +6.8789249555743623e-19
-25   +1.1951950654967301e-17  +6.5710198559312105e-18
-24   +1.3342136425205046e-17  -4.1752816102134925e-17
-23   -4.7427903573431066e-17  +1.4321872524110483e-16
-22   +1.7195360730921375e-16  -5.2308100443683252e-16
-21   -6.5664003781458092e-16  +1.9881223371454256e-15
-20   +2.5071868961816042e-15  -7.5309453977947605e-15
-19   -9.4680680166409944e-15  +2.8404748987424753e-14
-18   +3.5830805274301815e-14  -1.0702980202313754e-13
-17   -1.3540472104672375e-13  +4.0284805682762262e-13
-16   +5.1128405271457648e-13  -1.5144792029531719e-12
-15   -1.9291193643397149e-12  +5.6861338222350490e-12
-14   +7.2727256069918444e-12  -2.1317913406805022e-11
-13   -2.7393809267005695e-11  +7.9796888250791105e-11
-12   +1.0309108375239113e-10  -2.9817409384286181e-10
-11   -3.8762050822022382e-10  +1.1120379916247247e-09
-10   +1.4562435130526201e-09  -4.1386010097908150e-09
 -9   -5.4671872245248749e-09  +1.5367065470862739e-08
 -8   +2.0517682287533957e-08  -5.6920598646722779e-08
 -7   -7.7016034431058015e-08  +2.1031496641081243e-07
 -6   +2.8951241185348132e-07  -7.7542980296133107e-07
 -5   -1.0922862429411537e-06  +2.8551293961662204e-06
 -4   +4.1636751710014877e-06  -1.0545095757228095e-05
 -3   -1.6118039570343100e-05  +3.9073497315255759e-05
 -2   +6.8852331777239102e-05  -1.5634292852543559e-04
 -1   -1.5731683015641521e-05  +2.8168111510725853e-05
 +0   -9.7303024587357501e-01  +0.0000000000000000e+00
 +1   -1.5731683015641521e-05  -2.8168111510725853e-05
 +2   +6.8852331777239102e-05  +1.5634292852543559e-04
 +3   -1.6118039570343100e-05  -3.9073497315255759e-05
 +4   +4.1636751710014877e-06  +1.0545095757228095e-05
 +5   -1.0922862429411537e-06  -2.8551293961662204e-06
 +6   +2.8951241185348132e-07  +7.7542980296133107e-07
 +7   -7.7016034431058015e-08  -2.1031496641081243e-07
 +8   +2.0517682287533957e-08  +5.6920598646722779e-08
 +9   -5.4671872245248749e-09  -1.5367065470862739e-08
+10   +1.4562435130526201e-09  +4.1386010097908150e-09
+11   -3.8762050822022382e-10  -1.1120379916247247e-09
+12   +1.0309108375239113e-10  +2.9817409384286181e-10
+13   -2.7393809267005695e-11  -7.9796888250791105e-11
+14   +7.2727256069918444e-12  +2.1317913406805022e-11
+15   -1.9291193643397149e-12  -5.6861338222350490e-12
+16   +5.1128405271457648e-13  +1.5144792029531719e-12
+17   -1.3540472104672375e-13  -4.0284805682762262e-13
+18   +3.5830805274301815e-14  +1.0702980202313754e-13
+19   -9.4680680166409944e-15  -2.8404748987424753e-14
+20   +2.5071868961816042e-15  +7.5309453977947605e-15
+21   -6.5664003781458092e-16  -1.9881223371454256e-15
+22   +1.7195360730921375e-16  +5.2308100443683252e-16
+23   -4.7427903573431066e-17  -1.4321872524110483e-16
+24   +1.3342136425205046e-17  +4.1752816102134925e-17
+25   +1.1951950654967301e-17  -6.5710198559312105e-18
+26   +2.0051020129788600e-18  -6.8789249555743623e-19
+27   +8.2817839763393894e-19  +1.2137781864102405e-17
+28   +1.5810718577665009e-19  -2.3328833277341506e-19
+29   +4.4282877518992791e-20  +3.1460275987296055e-18
+30   -3.0503898405778624e-17  +1.2635128225647098e-17

