-30   -4.4025696435447877e-17  +1.1298822208003110e-16
-29   +4.6259990552158772e-17  -1.1574232950712689e-16
-28   -4.5679236770142056e-17  +1.2073353228528569e-16
-27   +4.6398347430288123e-17  -1.2491751178889837e-16
-26   -4.7368111613824703e-17  +1.3127244852416159e-16
-25   +5.3646225230484432e-17  -1.3931242211617004e-16
-24   -7.5638131530081883e-17  +1.5669427099513862e-16
-23   +1.5828857259422302e-16  -2.0475478358366695e-16
-22   -4.6752321511601113e-16  +3.6445557856071738e-16
-21   +1.6387324070817168e-15  -9.5583223830844673e-16
-20   -6.0731563465509314e-15  +3.1644483280484968e-15
-19   +2.2835369043826308e-14  -1.1456561689960983e-14
-18   -8.6134388728061250e-14  +4.2613288012611080e-14
-17   +3.2495952929716732e-13  -1.5960606336865242e-13
-16   -1.2252071788441589e-12  +5.9835957127576030e-13
-15   +4.6152361824884263e-12  -2.2411644376038114e-12
-14   -1.7367039985106314e-11  +8.3811020214835097e-12
-13   +6.5277433815903625e-11  -3.1281507536610796e-11
-12   -2.4505752530828646e-10  +1.1649282898837033e-10
-11   +9.1876666256439787e-10  -4.3270132466786023e-10
-10   -3.4398928429178350e-09  +1.6024260365299934e-09
 -9   +1.2860870564757982e-08  -5.9135575420488120e-09
 -8   -4.8017167972335354e-08  +2.1733275850715885e-08
 -7   +1.7905795194170756e-07  -7.9477342718512004e-08
 -6   -6.6726334797332013e-07  +2.8890690676088611e-07
 -5   +2.4870990784979784e-06  -1.0420548218483859e-06
 -4   -9.3089959143388000e-06  +3.7257549602727366e-06
 -3   +3.4940143291371736e-05  -1.3024577631653312e-05
 -2   -1.3980085663757122e-04  +4.5705531662359764e-05
 -1   +2.5819587102937458e-05  -3.2615508793644237e-06
 +0   +1.4759532599959144e-01  +0.0000000000000000e+00
 +1   +2.5819587102937458e-05  +3.2615508793644237e-06
 +2   -1.3980085663757122e-04  -4.5705531662359764e-05
 +3   +3.4940143291371736e-05  +1.3024577631653312e-05
 +4   -9.3089959143388000e-06  -3.7257549602727366e-06
 +5   +2.4870990784979784e-06  +1.0420548218483859e-06
 +6   -6.6726334797332013e-07  -2.8890690676088611e-07
 +7   +1.7905795194170756e-07  +7.9477342718512004e-08
 +8   -4.8017167972335354e-08  -2.1733275850715885e-08
 +9   +1.2860870564757982e-08  +5.9135575420488120e-09
+10   -3.4398928429178350e-09  -1.6024260365299934e-09
+11   +9.1876666256439787e-10  +4.3270132466786023e-10
+12   -2.4505752530828646e-10  -1.1649282898837033e-10
+13   +6.5277433815903625e-11  +3.1281507536610796e-11
+14   -1.7367039985106314e-11  -8.3811020214835097e-12
+15   +4.6152361824884263e-12  +2.2411644376038114e-12
+16   -1.2252071788441589e-12  -5.9835957127576030e-13
+17   +3.2495952929716732e-13  +1.5960606336865242e-13
+18   -8.6134388728061250e-14  -4.2613288012611080e-14
+19   +2.2835369043826308e-14  +1.1456561689960983e-14
+20   -6.0731563465509314e-15  -3.1644483280484968e-15
+21   +1.6387324070817168e-15  +9.5583223830844673e-16
+22   -4.6752321511601113e-16  -3.6445557856071738e-16
+23   +1.5828857259422302e-16  +2.0475478358366695e-16
+24   -7.5638131530081883e-17  -1.5669427099513862e-16
+25   +5.3646225230484432e-17  +1.3931242211617004e-16
+26   -4.7368111613824703e-17  -1.3127244852416159e-16
+27   +4.6398347430288123e-17  +1.2491751178889837e-16
+28   -4.5679236770142056e-17  -1.2073353228528569e-16
+29   +4.6259990552158772e-17  +1.1574232950712689e-16
+30   -4.4025696435447877e-17  -1.1298822208003110e-16

