-30   -1.2635128370483283e-17  -5.2336415400225177e-18
-29   +6.1415725272421875e-18  -1.3034991134970973e-17
-28   +5.1943785240700895e-18  +4.8822279162483274e-18
-27   -1.6645122282707631e-18  -1.4400528980960182e-17
-26   +1.0399165626490828e-17  +1.4569675904525847e-17
-25   +6.3206054489934353e-18  -1.7553954213055274e-18
-24   +1.6602413734037120e-17  +4.8644274057011572e-18
-23   +1.6852608393364064e-18  +4.3873815742078411e-18
-22   -1.1715780980419833e-17  -2.9361402177674803e-17
-21   +5.4088430416505222e-18  +1.7020846863752058e-16
-20   +1.4802973661668701e-17  -6.8461845534831123e-16
-19   -2.4658180757450261e-17  +2.8950945224006712e-15
-18   +1.0795210336097935e-16  -1.1519270361243415e-14
-17   -4.3133003926538994e-16  +4.5811162103298194e-14
-16   +1.8408579524629319e-15  -1.8250566890851701e-13
-15   -7.9534039426367071e-15  +7.2844904657888474e-13
-14   +3.4079314973593621e-14  -2.9145188648245784e-12
-13   -1.4719799149544631e-13  +1.1694548840402197e-11
-12   +6.4193539457993524e-13  -4.7083310689905277e-11
-11   -2.8301063909599986e-12  +1.9032270755959977e-10
-10   +1.2642060838046431e-11  -7.7305429110629401e-10
 -9   -5.7382727740979614e-11  +3.1586227330684558e-09
 -8   +2.6569852717655721e-10  -1.3002119530275647e-08
 -7   -1.2618605924117007e-09  +5.4034520478100368e-08
 -6   +6.1982540930761304e-09  -2.2748415018240740e-07
 -5   -3.1868966283381736e-08  +9.7438205013073979e-07
 -4   +1.7577991481176216e-07  -4.2958656845723091e-06
 -3   -1.0660876172538999e-06  +1.9498475284017752e-05
 -2   +8.3161866317910233e-06  -1.0067632425526726e-04
 -1   -1.2984350837412486e-05  +7.5423299471278761e-05
 +0   -1.0040418042537920e+00  +0.0000000000000000e+00
 +1   -1.2984350837412486e-05  -7.5423299471278761e-05
 +2   +8.3161866317910233e-06  +1.0067632425526726e-04
 +3   -1.0660876172538999e-06  -1.9498475284017752e-05
 +4   +1.7577991481176216e-07  +4.2958656845723091e-06
 +5   -3.1868966283381736e-08  -9.7438205013073979e-07
 +6   +6.1982540930761304e-09  +2.2748415018240740e-07
 +7   -1.2618605924117007e-09  -5.4034520478100368e-08
 +8   +2.6569852717655721e-10  +1.3002119530275647e-08
 +9   -5.7382727740979614e-11  -3.1586227330684558e-09
+10   +1.2642060838046431e-11  +7.7305429110629401e-10
+11   -2.8301063909599986e-12  -1.9032270755959977e-10
+12   +6.4193539457993524e-13  +4.7083310689905277e-11
+13   -1.4719799149544631e-13  -1.1694548840402197e-11
+14   +3.4079314973593621e-14  +2.9145188648245784e-12
+15   -7.9534039426367071e-15  -7.2844904657888474e-13
+16   +1.8408579524629319e-15  +1.8250566890851701e-13
+17   -4.3133003926538994e-16  -4.5811162103298194e-14
+18   +1.0795210336097935e-16  +1.1519270361243415e-14
+19   -2.4658180757450261e-17  -2.8950945224006712e-15
+20   +1.4802973661668701e-17  +6.8461845534831123e-16
+21   +5.4088430416505222e-18  -1.7020846863752058e-16
+22   -1.1715780980419833e-17  +2.9361402177674803e-17
+23   +1.6852608393364064e-18  -4.3873815742078411e-18
+24   +1.6602413734037120e-17  -4.8644274057011572e-18
+25   +6.3206054489934353e-18  +1.7553954213055274e-18
+26   +1.0399165626490828e-17  -1.4569675904525847e-17
+27   -1.6645122282707631e-18  +1.4400528980960182e-17
+28   +5.1943785240700895e-18  -4.8822279162483274e-18
+29   +6.1415725272421875e-18  +1.3034991134970973e-17
+30   -1.2635128370483283e-17  +5.2336415400225177e-18

