-30   -1.2635128384142881e-17  +9.5693321375377526e-18
-29   +1.3973161362233006e-17  -1.2167366555242867e-17
-28   -1.4348553841760393e-17  +8.4948004516636737e-18
-27   +5.8252342725005543e-18  -6.9663841262578584e-18
-26   -1.1516800832624012e-17  +1.7497424628194915e-17
-25   -1.8540606497945377e-17  -1.3977338122549573e-17
-24   -2.1152233929347170e-17  +1.2837932221526865e-17
-23   +1.0387826620776022e-17  +5.1686169691397604e-18
-22   +3.9843711079057584e-18  -2.5200001291159703e-17
-21   +1.0955307601556153e-18  +1.7543620395034665e-16
-20   -3.8459253727671322e-17  -6.9201994217914558e-16
-19   +2.8829334965968511e-17  +2.8991331837180545e-15
-18   -1.1804270928405708e-16  -1.1518577482324207e-14
-17   +4.4191282120563722e-16  +4.5815198320246346e-14
-16   -1.8457573394092137e-15  -1.8250416104115845e-13
-15   +7.9626135936719183e-15  +7.2844634634325656e-13
-14   -3.4081151133617474e-14  -2.9145169337182375e-12
-13   +1.4720325684215957e-13  +1.1694548498980095e-11
-12   -6.4194490257051554e-13  -4.7083306471980859e-11
-11   +2.8301209492346550e-12  +1.9032270253498869e-10
-10   -1.2642100722048729e-11  -7.7305428104974976e-10
 -9   +5.7382747457835760e-11  +3.1586227375000962e-09
 -8   -2.6569853911326299e-10  -1.3002119532035016e-08
 -7   +1.2618606031425667e-09  +5.4034520478411812e-08
 -6   -6.1982541043592272e-09  -2.2748415018719419e-07
 -5   +3.1868966279092348e-08  +9.7438205014322315e-07
 -4   -1.7577991481652386e-07  -4.2958656845744428e-06
 -3   +1.0660876172612621e-06  +1.9498475284013289e-05
 -2   -8.3161866317982197e-06  -1.0067632425526916e-04
 -1   +1.2984350837426005e-05  +7.5423299471283098e-05
 +0   +1.0040418042537917e+00  +0.0000000000000000e+00
 +1   +1.2984350837426005e-05  -7.5423299471283098e-05
 +2   -8.3161866317982197e-06  +1.0067632425526916e-04
 +3   +1.0660876172612621e-06  -1.9498475284013289e-05
 +4   -1.7577991481652386e-07  +4.2958656845744428e-06
 +5   +3.1868966279092348e-08  -9.7438205014322315e-07
 +6   -6.1982541043592272e-09  +2.2748415018719419e-07
 +7   +1.2618606031425667e-09  -5.4034520478411812e-08
 +8   -2.6569853911326299e-10  +1.3002119532035016e-08
 +9   +5.7382747457835760e-11  -3.1586227375000962e-09
+10   -1.2642100722048729e-11  +7.7305428104974976e-10
+11   +2.8301209492346550e-12  -1.9032270253498869e-10
+12   -6.4194490257051554e-13  +4.7083306471980859e-11
+13   +1.4720325684215957e-13  -1.1694548498980095e-11
+14   -3.4081151133617474e-14  +2.9145169337182375e-12
+15   +7.9626135936719183e-15  -7.2844634634325656e-13
+16   -1.8457573394092137e-15  +1.8250416104115845e-13
+17   +4.4191282120563722e-16  -4.5815198320246346e-14
+18   -1.1804270928405708e-16  +1.1518577482324207e-14
+19   +2.8829334965968511e-17  -2.8991331837180545e-15
+20   -3.8459253727671322e-17  +6.9201994217914558e-16
+21   +1.0955307601556153e-18  -1.7543620395034665e-16
+22   +3.9843711079057584e-18  +2.5200001291159703e-17
+23   +1.0387826620776022e-17  -5.1686169691397604e-18
+24   -2.1152233929347170e-17  -1.2837932221526865e-17
+25   -1.8540606497945377e-17  +1.3977338122549573e-17
+26   -1.1516800832624012e-17  -1.7497424628194915e-17
+27   +5.8252342725005543e-18  +6.9663841262578584e-18
+28   -1.4348553841760393e-17  -8.4948004516636737e-18
+29   +1.3973161362233006e-17  +1.2167366555242867e-17
+30   -1.2635128384142881e-17  -9.5693321375377526e-18

