-30   -5.4388711139885279e-18  +2.8924507274277380e-17
-29   +1.0458157814948958e-18  -1.6941287858777634e-17
-28   -5.6955474752476681e-18  +1.9325842073108535e-17
-27   +8.1388304718569711e-18  -1.6097976559336427e-17
-26   -7.4245116609475995e-18  +3.0195094264959399e-17
-25   -1.4537048139684768e-18  -2.4252557347258901e-17
-24   +3.1010031291655077e-17  +4.0486122888206341e-17
-23   -1.3911642651284489e-16  -6.8066968756818611e-17
-22   +5.4711172832021370e-16  +2.0638201847791036e-16
-21   -2.0809600774804325e-15  -7.2386896659675205e-16
-20   +7.8852156162133209e-15  +2.6660175643809031e-15
-19   -2.9851354298000950e-14  -1.0051522301739649e-14
-18   +1.1277251555590416e-13  +3.8029497242950679e-14
-17   -4.2552222247959018e-13  -1.4410307054278321e-13
-16   +1.6042160412026203e-12  +5.4603985644676749e-13
-15   -6.0416011001939127e-12  -2.0686125142615698e-12
-14   +2.2728078235183996e-11  +7.8346332701292653e-12
-13   -8.5399606171087798e-11  -2.9666589366298214e-11
-12   +3.2047274752469694e-10  +1.1232566783767038e-10
-11   -1.2009538537159981e-09  -4.2534327991963970e-10
-10   +4.4938843834368993e-09  +1.6113402245626932e-09
 -9   -1.6789834377376703e-08  -6.1099690962880459e-09
 -8   +6.2631424778832848e-08  +2.3208525335244653e-08
 -7   -2.3328857575573755e-07  -8.8426399598446557e-08
 -6   +8.6800714466469795e-07  +3.3874522535592978e-07
 -5   -3.2281333095017417e-06  -1.3095770989898995e-06
 -4   +1.2040736293049827e-05  +5.1585490100979242e-06
 -3   -4.4919845627996156e-05  -2.0818417249371680e-05
 -2   +1.7733183239177427e-04  +9.4066748169300009e-05
 -1   -3.0196423877964636e-05  -3.5101730609956989e-05
 +0   -1.9394504620091416e-01  +0.0000000000000000e+00
 +1   -3.0196423877964636e-05  +3.5101730609956989e-05
 +2   +1.7733183239177427e-04  -9.4066748169300009e-05
 +3   -4.4919845627996156e-05  +2.0818417249371680e-05
 +4   +1.2040736293049827e-05  -5.1585490100979242e-06
 +5   -3.2281333095017417e-06  +1.3095770989898995e-06
 +6   +8.6800714466469795e-07  -3.3874522535592978e-07
 +7   -2.3328857575573755e-07  +8.8426399598446557e-08
 +8   +6.2631424778832848e-08  -2.3208525335244653e-08
 +9   -1.6789834377376703e-08  +6.1099690962880459e-09
+10   +4.4938843834368993e-09  -1.6113402245626932e-09
+11   -1.2009538537159981e-09  +4.2534327991963970e-10
+12   +3.2047274752469694e-10  -1.1232566783767038e-10
+13   -8.5399606171087798e-11  +2.9666589366298214e-11
+14   +2.2728078235183996e-11  -7.8346332701292653e-12
+15   -6.0416011001939127e-12  +2.0686125142615698e-12
+16   +1.6042160412026203e-12  -5.4603985644676749e-13
+17   -4.2552222247959018e-13  +1.4410307054278321e-13
+18   +1.1277251555590416e-13  -3.8029497242950679e-14
+19   -2.9851354298000950e-14  +1.0051522301739649e-14
+20   +7.8852156162133209e-15  -2.6660175643809031e-15
+21   -2.0809600774804325e-15  +7.2386896659675205e-16
+22   +5.4711172832021370e-16  -2.0638201847791036e-16
+23   -1.3911642651284489e-16  +6.8066968756818611e-17
+24   +3.1010031291655077e-17  -4.0486122888206341e-17
+25   -1.4537048139684768e-18  +2.4252557347258901e-17
+26   -7.4245116609475995e-18  -3.0195094264959399e-17
+27   +8.1388304718569711e-18  +1.6097976559336427e-17
+28   -5.6955474752476681e-18  -1.9325842073108535e-17
+29   +1.0458157814948958e-18  +1.6941287858777634e-17
+30   -5.4388711139885279e-18  -2.8924507274277380e-17

