-30   +2.0934566041784949e-17  -1.0467282924148881e-17
-29   -3.7297746634320586e-18  -8.2043754740768981e-19
-28   -4.8666249330559810e-18  +9.5049961141879892e-18
-27   +1.1165486350049348e-17  -2.1608338028119599e-17
-26   +7.1493548706346141e-18  +4.5888981723961890e-18
-25   +1.4099443242603992e-18  -2.1560422163733236e-17
-24   +1.5362745576841204e-17  -1.7270804495048256e-17
-23   -4.4323840832416187e-17  +1.3104082929695743e-16
-22   +1.6783797151649063e-16  -5.0712946920726156e-16
-21   -6.5558001166016684e-16  +1.9693076982069046e-15
-20   +2.5145883830124385e-15  -7.5289621753756496e-15
-19   -9.4811349831982427e-15  +2.8400094337906685e-14
-18   +3.5820707334720925e-14  -1.0702378356200518e-13
-17   -1.3540621387067133e-13  +4.0283766213226838e-13
-16   +5.1127079878460517e-13  -1.5144589538597340e-12
-15   -1.9291408909229603e-12  +5.6861182653481361e-12
-14   +7.2727315622819248e-12  -2.1317899746473184e-11
-13   -2.7393820020810468e-11  +7.9796860195188719e-11
-12   +1.0309106055572295e-10  -2.9817405364776457e-10
-11   -3.8762051835938253e-10  +1.1120379819938462e-09
-10   +1.4562435148377179e-09  -4.1386009438430698e-09
 -9   -5.4671872175582406e-09  +1.5367065413072209e-08
 -8   +2.0517682308942158e-08  -5.6920598603601417e-08
 -7   -7.7016034416125433e-08  +2.1031496633894341e-07
 -6   +2.8951241186824055e-07  -7.7542980290180731e-07
 -5   -1.0922862429281077e-06  +2.8551293961293554e-06
 -4   +4.1636751710412296e-06  -1.0545095757138892e-05
 -3   -1.6118039570295134e-05  +3.9073497315174586e-05
 -2   +6.8852331777154765e-05  -1.5634292852520436e-04
 -1   -1.5731683015718571e-05  +2.8168111510460183e-05
 +0   -9.7303024587357467e-01  +0.0000000000000000e+00
 +1   -1.5731683015718571e-05  -2.8168111510460183e-05
 +2   +6.8852331777154765e-05  +1.5634292852520436e-04
 +3   -1.6118039570295134e-05  -3.9073497315174586e-05
 +4   +4.1636751710412296e-06  +1.0545095757138892e-05
 +5   -1.0922862429281077e-06  -2.8551293961293554e-06
 +6   +2.8951241186824055e-07  +7.7542980290180731e-07
 +7   -7.7016034416125433e-08  -2.1031496633894341e-07
 +8   +2.0517682308942158e-08  +5.6920598603601417e-08
 +9   -5.4671872175582406e-09  -1.5367065413072209e-08
+10   +1.4562435148377179e-09  +4.1386009438430698e-09
+11   -3.8762051835938253e-10  -1.1120379819938462e-09
+12   +1.0309106055572295e-10  +2.9817405364776457e-10
+13   -2.7393820020810468e-11  -7.9796860195188719e-11
+14   +7.2727315622819248e-12  +2.1317899746473184e-11
+15   -1.9291408909229603e-12  -5.6861182653481361e-12
+16   +5.1127079878460517e-13  +1.5144589538597340e-12
+17   -1.3540621387067133e-13  -4.0283766213226838e-13
+18   +3.5820707334720925e-14  +1.0702378356200518e-13
+19   -9.4811349831982427e-15  -2.8400094337906685e-14
+20   +2.5145883830124385e-15  +7.5289621753756496e-15
+21   -6.5558001166016684e-16  -1.9693076982069046e-15
+22   +1.6783797151649063e-16  +5.0712946920726156e-16
+23   -4.4323840832416187e-17  -1.3104082929695743e-16
+24   +1.5362745576841204e-17  +1.7270804495048256e-17
+25   +1.4099443242603992e-18  +2.1560422163733236e-17
+26   +7.1493548706346141e-18  -4.5888981723961890e-18
+27   +1.1165486350049348e-17  +2.1608338028119599e-17
+28   -4.8666249330559810e-18  -9.5049961141879892e-18
+29   -3.7297746634320586e-18  +8.2043754740768981e-19
+30   +2.0934566041784949e-17  +1.0467282924148881e-17

