-30   -1.5793910455016343e-18  +2.7098066379557502e-19
-29   -3.6315227217814042e-18  -2.5348894297149651e-18
-28   -3.0039942501700389e-18  +1.3914945297224771e-18
-27   +9.3678199197209308e-19  -6.1202175615272070e-18
-26   -3.6743065964237131e-19  +3.8489431747760793e-19
-25   -4.5106212691012938e-19  -2.6723121940770971e-18
-24   +2.9202956225481839e-18  +1.4503816282298270e-18
-23   -2.0818150970175187e-18  +2.7410463852909326e-18
-22   +8.2615828176342315e-19  -1.5161305302570367e-18
-21   -4.5265940472408268e-18  +5.2850392753396541e-18
-20   +1.6091114408897901e-17  -3.4280503327893356e-17
-19   -4.2930858374267598e-17  +1.2700616550282134e-16
-18   +1.7498970727101110e-16  -5.0776380088922718e-16
-17   -7.0938491407461420e-16  +2.0407496108179434e-15
-16   +2.8596124550117910e-15  -8.1733052692514321e-15
-15   -1.1578121158261665e-14  +3.2862403574798401e-14
-14   +4.7096403372266749e-14  -1.3254462562372990e-13
-13   -1.9258195828945527e-13  +5.3675592678160123e-13
-12   +7.9242162424316801e-13  -2.1840835581882251e-12
-11   -3.2854735540029497e-12  +8.9385182456120617e-12
-10   +1.3750183243794317e-11  -3.6840577211488598e-11
 -9   -5.8229927725558946e-11  +1.5318526060741237e-10
 -8   +2.5038638285453568e-10  -6.4419163215718607e-10
 -7   -1.0987249992833839e-09  +2.7497211339251781e-09
 -6   +4.9590677241795961e-09  -1.1980712897471030e-08
 -5   -2.3307734474527511e-08  +5.3757913714941752e-08
 -4   +1.1686900601060011e-07  -2.5280139720120492e-07
 -3   -6.4674595291806653e-07  +1.2770736345073235e-06
 -2   +4.6075261644121781e-06  -7.8378007402672392e-06
 -1   -3.5558972372899442e-06  +3.2747136222737388e-06
 +0   -1.6953690753985923e-01  +0.0000000000000000e+00
 +1   -3.5558972372899442e-06  -3.2747136222737388e-06
 +2   +4.6075261644121781e-06  +7.8378007402672392e-06
 +3   -6.4674595291806653e-07  -1.2770736345073235e-06
 +4   +1.1686900601060011e-07  +2.5280139720120492e-07
 +5   -2.3307734474527511e-08  -5.3757913714941752e-08
 +6   +4.9590677241795961e-09  +1.1980712897471030e-08
 +7   -1.0987249992833839e-09  -2.7497211339251781e-09
 +8   +2.5038638285453568e-10  +6.4419163215718607e-10
 +9   -5.8229927725558946e-11  -1.5318526060741237e-10
+10   +1.3750183243794317e-11  +3.6840577211488598e-11
+11   -3.2854735540029497e-12  -8.9385182456120617e-12
+12   +7.9242162424316801e-13  +2.1840835581882251e-12
+13   -1.9258195828945527e-13  -5.3675592678160123e-13
+14   +4.7096403372266749e-14  +1.3254462562372990e-13
+15   -1.1578121158261665e-14  -3.2862403574798401e-14
+16   +2.8596124550117910e-15  +8.1733052692514321e-15
+17   -7.0938491407461420e-16  -2.0407496108179434e-15
+18   +1.7498970727101110e-16  +5.0776380088922718e-16
+19   -4.2930858374267598e-17  -1.2700616550282134e-16
+20   +1.6091114408897901e-17  +3.4280503327893356e-17
+21   -4.5265940472408268e-18  -5.2850392753396541e-18
+22   +8.2615828176342315e-19  +1.5161305302570367e-18
+23   -2.0818150970175187e-18  -2.7410463852909326e-18
+24   +2.9202956225481839e-18  -1.4503816282298270e-18
+25   -4.5106212691012938e-19  +2.6723121940770971e-18
+26   -3.6743065964237131e-19  -3.8489431747760793e-19
+27   +9.3678199197209308e-19  +6.1202175615272070e-18
+28   -3.0039942501700389e-18  -1.3914945297224771e-18
+29   -3.6315227217814042e-18  +2.5348894297149651e-18
+30   -1.5793910455016343e-18  -2.7098066379557502e-19

