-30   -2.2653435956132192e-17  -4.7846660676289230e-18
-29   +3.1637536889037774e-18  +1.2674878554783437e-17
-28   +2.3743829127878413e-18  -1.0495077901377054e-17
-27   +3.4211509822593136e-18  +9.1206884799031519e-18
-26   +5.8167381019168546e-18  -4.8159910455462265e-18
-25   +9.0987645758630369e-19  +1.7432708199649158e-17
-24   -1.1245759790705517e-17  -3.4724059305794279e-18
-23   +9.9382273180615964e-18  -1.0780411820482942e-17
-22   +3.4541448417942201e-18  -1.4670002683085611e-17
-21   +8.9175214824920380e-18  +1.3350354924519067e-17
-20   -2.1212849282947302e-17  -9.1190078271399032e-18
-19   +1.1460716508795099e-16  +4.9613463562051996e-17
-18   -4.8138489697058800e-16  -1.8186224823229625e-16
-17   +1.9560251213492875e-15  +6.6345616728501513e-16
-16   -7.7308084753304863e-15  -2.6931771098888616e-15
-15   +3.0933670034275012e-14  +1.0815171223260192e-14
-14   -1.2440729444877034e-13  -4.3777219957883359e-14
-13   +5.0193602414864072e-13  +1.7808383446979879e-13
-12   -2.0339587258711391e-12  -7.2852364820725182e-13
-11   +8.2853792091599811e-12  +3.0003209387608212e-12
-10   -3.3969464762798574e-11  -1.2458221320862546e-11
 -9   +1.4040682456435683e-10  +5.2269516694867118e-11
 -8   -5.8646544142705985e-10  -2.2225845357895782e-10
 -7   +2.4841445732430211e-09  +9.6211013498955786e-10
 -6   -1.0730667694278599e-08  -4.2697835342363264e-09
 -5   +4.7700795041603647e-08  +1.9648871168685729e-08
 -4   -2.2230206518300485e-07  -9.5897329802364139e-08
 -3   +1.1164100057782795e-06  +5.1459538630486527e-07
 -2   -6.9369067541647447e-06  -3.5547876057904466e-06
 -1   +2.8874243430990291e-06  +2.0464981528362742e-06
 +0   -5.4765085838695293e-01  +0.0000000000000000e+00
 +1   +2.8874243430990291e-06  -2.0464981528362742e-06
 +2   -6.9369067541647447e-06  +3.5547876057904466e-06
 +3   +1.1164100057782795e-06  -5.1459538630486527e-07
 +4   -2.2230206518300485e-07  +9.5897329802364139e-08
 +5   +4.7700795041603647e-08  -1.9648871168685729e-08
 +6   -1.0730667694278599e-08  +4.2697835342363264e-09
 +7   +2.4841445732430211e-09  -9.6211013498955786e-10
 +8   -5.8646544142705985e-10  +2.2225845357895782e-10
 +9   +1.4040682456435683e-10  -5.2269516694867118e-11
+10   -3.3969464762798574e-11  +1.2458221320862546e-11
+11   +8.2853792091599811e-12  -3.0003209387608212e-12
+12   -2.0339587258711391e-12  +7.2852364820725182e-13
+13   +5.0193602414864072e-13  -1.7808383446979879e-13
+14   -1.2440729444877034e-13  +4.3777219957883359e-14
+15   +3.0933670034275012e-14  -1.0815171223260192e-14
+16   -7.7308084753304863e-15  +2.6931771098888616e-15
+17   +1.9560251213492875e-15  -6.6345616728501513e-16
+18   -4.8138489697058800e-16  +1.8186224823229625e-16
+19   +1.1460716508795099e-16  -4.9613463562051996e-17
+20   -2.1212849282947302e-17  +9.1190078271399032e-18
+21   +8.9175214824920380e-18  -1.3350354924519067e-17
+22   +3.4541448417942201e-18  +1.4670002683085611e-17
+23   +9.9382273180615964e-18  +1.0780411820482942e-17
+24   -1.1245759790705517e-17  +3.4724059305794279e-18
+25   +9.0987645758630369e-19  -1.7432708199649158e-17
+26   +5.8167381019168546e-18  +4.8159910455462265e-18
+27   +3.4211509822593136e-18  -9.1206884799031519e-18
+28   +2.3743829127878413e-18  +1.0495077901377054e-17
+29   +3.1637536889037774e-18  -1.2674878554783437e-17
+30   -2.2653435956132192e-17  +4.7846660676289230e-18

