-30   +4.5365854191670799e-16  -1.1279003483006035e-15
-29   -4.4477595697775440e-16  +1.1343728155828461e-15
-28   +4.5608656951178514e-16  -1.1917552039936162e-15
-27   -4.7581124219144633e-16  +1.2321696423230369e-15
-26   +4.6686745837474586e-16  -1.3003530454027365e-15
-25   -4.5281508785274993e-16  +1.3474339557951771e-15
-24   +4.3283996660315178e-16  -1.4561099325106916e-15
-23   -4.0453941395958567e-16  +1.5837631287857632e-15
-22   +2.2090119064588305e-16  -2.0021251013187653e-15
-21   +3.6482243061476338e-16  +3.2985578171719629e-15
-20   -2.6944539142905138e-15  -8.0799648538866660e-15
-19   +1.1389637992628708e-14  +2.5891349750749332e-14
-18   -4.4228219481626350e-14  -9.3211644695977338e-14
-17   +1.6789853534825850e-13  +3.4781663950836969e-13
-16   -6.3299704820366577e-13  -1.3108294288177645e-12
-15   +2.3799671718107272e-12  +4.9525403284748549e-12
-14   -8.9320406500484970e-12  -1.8717717311094762e-11
-13   +3.3464262519597455e-11  +7.0726191406953839e-11
-12   -1.2514311542852995e-10  -2.6715459090773650e-10
-11   +4.6700579031101224e-10  +1.0088657710984785e-09
-10   -1.7385499524208666e-09  -3.8095934335508817e-09
 -9   +6.4538222287391238e-09  +1.4389607557878604e-08
 -8   -2.3876106837622490e-08  -5.4400464334179359e-08
 -7   +8.7955526369357331e-08  +2.0604693355696790e-07
 -6   -3.2224248519214801e-07  -7.8332952619984423e-07
 -5   +1.1711884710825746e-06  +2.9974750226060677e-06
 -4   -4.2072942224604547e-06  -1.1637396048769091e-05
 -3   +1.4630264557765110e-05  +4.5908842745437693e-05
 -2   -4.8454142847823970e-05  -1.9920433459405304e-04
 -1   -4.0149713413401750e-06  +7.3813239020377878e-05
 +0   +1.2785934808227519e+00  +0.0000000000000000e+00
 +1   -4.0149713413401750e-06  -7.3813239020377878e-05
 +2   -4.8454142847823970e-05  +1.9920433459405304e-04
 +3   +1.4630264557765110e-05  -4.5908842745437693e-05
 +4   -4.2072942224604547e-06  +1.1637396048769091e-05
 +5   +1.1711884710825746e-06  -2.9974750226060677e-06
 +6   -3.2224248519214801e-07  +7.8332952619984423e-07
 +7   +8.7955526369357331e-08  -2.0604693355696790e-07
 +8   -2.3876106837622490e-08  +5.4400464334179359e-08
 +9   +6.4538222287391238e-09  -1.4389607557878604e-08
+10   -1.7385499524208666e-09  +3.8095934335508817e-09
+11   +4.6700579031101224e-10  -1.0088657710984785e-09
+12   -1.2514311542852995e-10  +2.6715459090773650e-10
+13   +3.3464262519597455e-11  -7.0726191406953839e-11
+14   -8.9320406500484970e-12  +1.8717717311094762e-11
+15   +2.3799671718107272e-12  -4.9525403284748549e-12
+16   -6.3299704820366577e-13  +1.3108294288177645e-12
+17   +1.6789853534825850e-13  -3.4781663950836969e-13
+18   -4.4228219481626350e-14  +9.3211644695977338e-14
+19   +1.1389637992628708e-14  -2.5891349750749332e-14
+20   -2.6944539142905138e-15  +8.0799648538866660e-15
+21   +3.6482243061476338e-16  -3.2985578171719629e-15
+22   +2.2090119064588305e-16  +2.0021251013187653e-15
+23   -4.0453941395958567e-16  -1.5837631287857632e-15
+24   +4.3283996660315178e-16  +1.4561099325106916e-15
+25   -4.5281508785274993e-16  -1.3474339557951771e-15
+26   +4.6686745837474586e-16  +1.3003530454027365e-15
+27   -4.7581124219144633e-16  -1.2321696423230369e-15
+28   +4.5608656951178514e-16  +1.1917552039936162e-15
+29   -4.4477595697775440e-16  -1.1343728155828461e-15
+30   +4.5365854191670799e-16  +1.1279003483006035e-15

