-30   +5.7903484186975820e-17  -1.3455773555416934e-16
-29   -5.7537734268865688e-17  +1.4278432870223658e-16
-28   +5.6721487859787223e-17  -1.4822422667005588e-16
-27   -5.7756067884156827e-17  +1.5967669170531246e-16
-26   +5.2467845169910308e-17  -1.5917074126501281e-16
-25   -5.3409303037350679e-17  +1.6551038175167884e-16
-24   +2.5497121904628231e-17  -1.5869180867177728e-16
-23   +5.7002202897359863e-17  +1.2822211575780604e-16
-22   -3.6276102911362279e-16  +1.7201237446437235e-17
-21   +1.5346130551174921e-15  -5.8758182696043673e-16
-20   -5.9711379998245698e-15  +2.7773007991402582e-15
-19   +2.2737789666968141e-14  -1.1057244834449518e-14
-18   -8.6030968415940509e-14  +4.2186332505637208e-14
-17   +3.2485925938196290e-13  -1.5915298478305534e-13
-16   -1.2251018312663909e-12  +5.9787226591964962e-13
-15   +4.6151337200644642e-12  -2.2406429340024018e-12
-14   -1.7366938824502603e-11  +8.3805468307939858e-12
-13   +6.5277332375945760e-11  -3.1280908883327999e-11
-12   -2.4505741920966363e-10  +1.1649217650730609e-10
-11   +9.1876656376938854e-10  -4.3270061938540262e-10
-10   -3.4398927369017632e-09  +1.6024252558171648e-09
 -9   +1.2860870460755591e-08  -5.9135566678901615e-09
 -8   -4.8017167876133640e-08  +2.1733274868646573e-08
 -7   +1.7905795183520910e-07  -7.9477341595070143e-08
 -6   -6.6726334786852638e-07  +2.8890690545297597e-07
 -5   +2.4870990783961540e-06  -1.0420548202831218e-06
 -4   -9.3089959142401444e-06  +3.7257549583058118e-06
 -3   +3.4940143291257157e-05  -1.3024577629034572e-05
 -2   -1.3980085663745280e-04  +4.5705531658406987e-05
 -1   +2.5819587102857786e-05  -3.2615508714556313e-06
 +0   +1.4759532599959052e-01  +0.0000000000000000e+00
 +1   +2.5819587102857786e-05  +3.2615508714556313e-06
 +2   -1.3980085663745280e-04  -4.5705531658406987e-05
 +3   +3.4940143291257157e-05  +1.3024577629034572e-05
 +4   -9.3089959142401444e-06  -3.7257549583058118e-06
 +5   +2.4870990783961540e-06  +1.0420548202831218e-06
 +6   -6.6726334786852638e-07  -2.8890690545297597e-07
 +7   +1.7905795183520910e-07  +7.9477341595070143e-08
 +8   -4.8017167876133640e-08  -2.1733274868646573e-08
 +9   +1.2860870460755591e-08  +5.9135566678901615e-09
+10   -3.4398927369017632e-09  -1.6024252558171648e-09
+11   +9.1876656376938854e-10  +4.3270061938540262e-10
+12   -2.4505741920966363e-10  -1.1649217650730609e-10
+13   +6.5277332375945760e-11  +3.1280908883327999e-11
+14   -1.7366938824502603e-11  -8.3805468307939858e-12
+15   +4.6151337200644642e-12  +2.2406429340024018e-12
+16   -1.2251018312663909e-12  -5.9787226591964962e-13
+17   +3.2485925938196290e-13  +1.5915298478305534e-13
+18   -8.6030968415940509e-14  -4.2186332505637208e-14
+19   +2.2737789666968141e-14  +1.1057244834449518e-14
+20   -5.9711379998245698e-15  -2.7773007991402582e-15
+21   +1.5346130551174921e-15  +5.8758182696043673e-16
+22   -3.6276102911362279e-16  -1.7201237446437235e-17
+23   +5.7002202897359863e-17  -1.2822211575780604e-16
+24   +2.5497121904628231e-17  +1.5869180867177728e-16
+25   -5.3409303037350679e-17  -1.6551038175167884e-16
+26   +5.2467845169910308e-17  +1.5917074126501281e-16
+27   -5.7756067884156827e-17  -1.5967669170531246e-16
+28   +5.6721487859787223e-17  +1.4822422667005588e-16
+29   -5.7537734268865688e-17  -1.4278432870223658e-16
+30   +5.7903484186975820e-17  +1.3455773555416934e-16

