-30   +1.6219776308968988e-16  -3.5367465435999501e-16
-29   -1.5219967180435925e-16  +3.8248816215810168e-16
-28   +1.5140012799562849e-16  -3.9175749962982479e-16
-27   -1.5119160290416071e-16  +4.0531712004146812e-16
-26   +1.4506743397510541e-16  -4.2309614683141348e-16
-25   -1.4221174593828566e-16  +4.3604861342981517e-16
-24   +1.4652112392003116e-16  -4.5224854580848813e-16
-23   -1.4676303319185558e-16  +4.7424636543204327e-16
-22   +1.4217824462210629e-16  -4.9833065787124192e-16
-21   -1.3711139235677103e-16  +5.3644119935536474e-16
-20   +1.1029639267576591e-16  -5.4974536587865562e-16
-19   -4.4528625076096186e-17  +5.4108787831081330e-16
-18   -2.6107961704590737e-16  -4.2320744337989318e-16
-17   +1.5100536939229109e-15  -1.2570296672679693e-16
-16   -6.5392876829667444e-15  +2.4319275190407610e-15
-15   +2.6847149530188182e-14  -1.1781681093688423e-14
-14   -1.0925867211800043e-13  +4.9454705131157527e-14
-13   +4.4546275264237811e-13  -2.0141817597483730e-13
-12   -1.8250704633044342e-12  +8.1621698847149072e-13
-11   +7.5273693466502502e-12  -3.3140060705620986e-12
-10   -3.1307020343890619e-11  +1.3515119031857838e-11
 -9   +1.3159048234635152e-10  -5.5439904695538205e-11
 -8   -5.6067928744705243e-10  +2.2906241231459023e-10
 -7   +2.4323450443998291e-09  -9.5475208297524975e-10
 -6   -1.0817734954821381e-08  +4.0219683438813212e-09
 -5   +4.9846379044339727e-08  -1.7146017216941608e-08
 -4   -2.4298526730659286e-07  +7.3948817284639420e-08
 -3   +1.2855877033813634e-06  -3.1437794796060726e-07
 -2   -8.4181418123218204e-06  +1.1479042432915086e-06
 -1   +5.8507570999316213e-06  +1.5529754236559608e-06
 +0   +4.1677112699311397e-01  +0.0000000000000000e+00
 +1   +5.8507570999316213e-06  -1.5529754236559608e-06
 +2   -8.4181418123218204e-06  -1.1479042432915086e-06
 +3   +1.2855877033813634e-06  +3.1437794796060726e-07
 +4   -2.4298526730659286e-07  -7.3948817284639420e-08
 +5   +4.9846379044339727e-08  +1.7146017216941608e-08
 +6   -1.0817734954821381e-08  -4.0219683438813212e-09
 +7   +2.4323450443998291e-09  +9.5475208297524975e-10
 +8   -5.6067928744705243e-10  -2.2906241231459023e-10
 +9   +1.3159048234635152e-10  +5.5439904695538205e-11
+10   -3.1307020343890619e-11  -1.3515119031857838e-11
+11   +7.5273693466502502e-12  +3.3140060705620986e-12
+12   -1.8250704633044342e-12  -8.1621698847149072e-13
+13   +4.4546275264237811e-13  +2.0141817597483730e-13
+14   -1.0925867211800043e-13  -4.9454705131157527e-14
+15   +2.6847149530188182e-14  +1.1781681093688423e-14
+16   -6.5392876829667444e-15  -2.4319275190407610e-15
+17   +1.5100536939229109e-15  +1.2570296672679693e-16
+18   -2.6107961704590737e-16  +4.2320744337989318e-16
+19   -4.4528625076096186e-17  -5.4108787831081330e-16
+20   +1.1029639267576591e-16  +5.4974536587865562e-16
+21   -1.3711139235677103e-16  -5.3644119935536474e-16
+22   +1.4217824462210629e-16  +4.9833065787124192e-16
+23   -1.4676303319185558e-16  -4.7424636543204327e-16
+24   +1.4652112392003116e-16  +4.5224854580848813e-16
+25   -1.4221174593828566e-16  -4.3604861342981517e-16
+26   +1.4506743397510541e-16  +4.2309614683141348e-16
+27   -1.5119160290416071e-16  -4.0531712004146812e-16
+28   +1.5140012799562849e-16  +3.9175749962982479e-16
+29   -1.5219967180435925e-16  -3.8248816215810168e-16
+30   +1.6219776308968988e-16  +3.5367465435999501e-16

