-30   +7.7715611724090758e-17  -1.9470609706885981e-16
-29   -7.7194040392060754e-17  +1.9208404097507011e-16
-28   +7.8099762309521148e-17  -2.0440370610627561e-16
-27   -7.6886880044566904e-17  +2.0915983014330377e-16
-26   +7.9534487904573553e-17  -2.1959555716432472e-16
-25   -7.8988522772828934e-17  +2.3099628352317723e-16
-24   +7.8349085910753546e-17  -2.4119929745402867e-16
-23   -8.0604417193444547e-17  +2.5480523518847520e-16
-22   +7.7189394285758188e-17  -2.6245490924887870e-16
-21   -8.3980619632471009e-17  +2.7465088945787716e-16
-20   +9.2881540278804532e-17  -2.7117193952391058e-16
-19   -1.2383804780192161e-16  +2.0909843100401719e-16
-18   +2.6539200356535403e-16  +6.6637292172165903e-17
-17   -8.2368449289077210e-16  -1.2137573359419732e-15
-16   +3.0361927620661384e-15  +5.8945090179687705e-15
-15   -1.1881641981985951e-14  -2.4785767193161629e-14
-14   +4.7282065900707822e-14  +1.0119672495848807e-13
-13   -1.8939621776518781e-13  -4.1128306776475791e-13
-12   +7.6185605230639532e-13  +1.6759158742543623e-12
-11   -3.0770301344944275e-12  -6.8652003383806873e-12
-10   +1.2485217174773384e-11  +2.8320510665960529e-11
 -9   -5.0940259429743788e-11  -1.1787724344470902e-10
 -8   +2.0925559151898809e-10  +4.9630928143914787e-10
 -7   -8.6693420732448396e-10  -2.1216328136139374e-09
 -6   +3.6311596425969999e-09  +9.2613341003482976e-09
 -5   -1.5421315353347200e-08  -4.1655190284519676e-08
 -4   +6.6741860087060069e-08  +1.9649198819798034e-07
 -3   -2.9147800643876082e-07  -9.9620912851196679e-07
 -2   +1.2671250530001186e-06  +6.1217231255944682e-06
 -1   +3.7077955784897871e-07  -2.4846685771605152e-06
 +0   +2.2277702747947731e-01  +0.0000000000000000e+00
 +1   +3.7077955784897871e-07  +2.4846685771605152e-06
 +2   +1.2671250530001186e-06  -6.1217231255944682e-06
 +3   -2.9147800643876082e-07  +9.9620912851196679e-07
 +4   +6.6741860087060069e-08  -1.9649198819798034e-07
 +5   -1.5421315353347200e-08  +4.1655190284519676e-08
 +6   +3.6311596425969999e-09  -9.2613341003482976e-09
 +7   -8.6693420732448396e-10  +2.1216328136139374e-09
 +8   +2.0925559151898809e-10  -4.9630928143914787e-10
 +9   -5.0940259429743788e-11  +1.1787724344470902e-10
+10   +1.2485217174773384e-11  -2.8320510665960529e-11
+11   -3.0770301344944275e-12  +6.8652003383806873e-12
+12   +7.6185605230639532e-13  -1.6759158742543623e-12
+13   -1.8939621776518781e-13  +4.1128306776475791e-13
+14   +4.7282065900707822e-14  -1.0119672495848807e-13
+15   -1.1881641981985951e-14  +2.4785767193161629e-14
+16   +3.0361927620661384e-15  -5.8945090179687705e-15
+17   -8.2368449289077210e-16  +1.2137573359419732e-15
+18   +2.6539200356535403e-16  -6.6637292172165903e-17
+19   -1.2383804780192161e-16  -2.0909843100401719e-16
+20   +9.2881540278804532e-17  +2.7117193952391058e-16
+21   -8.3980619632471009e-17  -2.7465088945787716e-16
+22   +7.7189394285758188e-17  +2.6245490924887870e-16
+23   -8.0604417193444547e-17  -2.5480523518847520e-16
+24   +7.8349085910753546e-17  +2.4119929745402867e-16
+25   -7.8988522772828934e-17  -2.3099628352317723e-16
+26   +7.9534487904573553e-17  +2.1959555716432472e-16
+27   -7.6886880044566904e-17  -2.0915983014330377e-16
+28   +7.8099762309521148e-17  +2.0440370610627561e-16
+29   -7.7194040392060754e-17  -1.9208404097507011e-16
+30   +7.7715611724090758e-17  +1.9470609706885981e-16

