-30   -1.5700924599474230e-17  +2.1678452949189009e-18
-29   +1.1896292171454001e-17  -8.3175110502934771e-18
-28   -1.0258223964840773e-17  -4.8005263678476704e-20
-27   +1.0278067677146106e-17  -1.0680550840534610e-17
-26   +1.9052861092845328e-18  +1.1887989051678846e-17
-25   -3.2057666842559889e-18  +1.9823704578299482e-18
-24   -9.7775481961281808e-18  +1.8571840594140511e-17
-23   +6.5391015592221657e-18  -2.7157190065649853e-18
-22   -1.0502733887235359e-17  -4.2252911781732681e-17
-21   +1.4680683413512070e-17  +1.7049645821914715e-16
-20   -5.2590727014734120e-32  -7.1422440267164873e-16
-19   +3.4547944539818683e-17  +2.8936405874608430e-15
-18   -1.0766756610671775e-16  -1.1509613861864414e-14
-17   +4.5208730304372101e-16  +4.5816232208747897e-14
-16   -1.8627832332069425e-15  -1.8251437127304811e-13
-15   +7.9421289555960662e-15  +7.2845047829192808e-13
-14   -3.4064721942004654e-14  -2.9145194285603607e-12
-13   +1.4721995138996501e-13  +1.1694546302643531e-11
-12   -6.4193597179843327e-13  -4.7083312152594550e-11
-11   +2.8301004456468676e-12  +1.9032270698855943e-10
-10   -1.2642096610566450e-11  -7.7305428740555061e-10
 -9   +5.7382760307158816e-11  +3.1586227402939239e-09
 -8   -2.6569858216237431e-10  -1.3002119539399805e-08
 -7   +1.2618605465836580e-09  +5.4034520485419951e-08
 -6   -6.1982540538950498e-09  -2.2748415019318446e-07
 -5   +3.1868966346970326e-08  +9.7438205012319823e-07
 -4   -1.7577991482505179e-07  -4.2958656845975981e-06
 -3   +1.0660876173285504e-06  +1.9498475284038433e-05
 -2   -8.3161866318675477e-06  -1.0067632425530380e-04
 -1   +1.2984350837457467e-05  +7.5423299471273950e-05
 +0   +1.0040418042537915e+00  +0.0000000000000000e+00
 +1   +1.2984350837457467e-05  -7.5423299471273950e-05
 +2   -8.3161866318675477e-06  +1.0067632425530380e-04
 +3   +1.0660876173285504e-06  -1.9498475284038433e-05
 +4   -1.7577991482505179e-07  +4.2958656845975981e-06
 +5   +3.1868966346970326e-08  -9.7438205012319823e-07
 +6   -6.1982540538950498e-09  +2.2748415019318446e-07
 +7   +1.2618605465836580e-09  -5.4034520485419951e-08
 +8   -2.6569858216237431e-10  +1.3002119539399805e-08
 +9   +5.7382760307158816e-11  -3.1586227402939239e-09
+10   -1.2642096610566450e-11  +7.7305428740555061e-10
+11   +2.8301004456468676e-12  -1.9032270698855943e-10
+12   -6.4193597179843327e-13  +4.7083312152594550e-11
+13   +1.4721995138996501e-13  -1.1694546302643531e-11
+14   -3.4064721942004654e-14  +2.9145194285603607e-12
+15   +7.9421289555960662e-15  -7.2845047829192808e-13
+16   -1.8627832332069425e-15  +1.8251437127304811e-13
+17   +4.5208730304372101e-16  -4.5816232208747897e-14
+18   -1.0766756610671775e-16  +1.1509613861864414e-14
+19   +3.4547944539818683e-17  -2.8936405874608430e-15
+20   -5.2590727014734120e-32  +7.1422440267164873e-16
+21   +1.4680683413512070e-17  -1.7049645821914715e-16
+22   -1.0502733887235359e-17  +4.2252911781732681e-17
+23   +6.5391015592221657e-18  +2.7157190065649853e-18
+24   -9.7775481961281808e-18  -1.8571840594140511e-17
+25   -3.2057666842559889e-18  -1.9823704578299482e-18
+26   +1.9052861092845328e-18  -1.1887989051678846e-17
+27   +1.0278067677146106e-17  +1.0680550840534610e-17
+28   -1.0258223964840773e-17  +4.8005263678476704e-20
+29   +1.1896292171454001e-17  +8.3175110502934771e-18
+30   -1.5700924599474230e-17  -2.1678452949189009e-18

