-30   -5.2336415290323749e-18  +8.9343849441885844e-18
-29   +3.1524698931849204e-18  -5.5850112499931324e-18
-28   -5.8357549881871991e-18  +7.6392774322338546e-18
-27   +8.6603445377321992e-18  -9.2347186324109609e-18
-26   -8.8819137065595804e-18  +7.0168603822280666e-18
-25   -1.7426194525945271e-18  -1.4028093733563508e-17
-24   -1.0690467281548720e-17  +1.1185837470129100e-17
-23   +5.7109056782366718e-18  -9.5147140689851928e-18
-22   +2.3878502439592331e-18  +1.0749680853260468e-17
-21   +4.3444401862230723e-18  -1.0463680889703030e-17
-20   +6.4098756212785470e-18  +1.1102230246251566e-17
-19   +1.5076239713219407e-17  -1.0142491698502053e-17
-18   -5.3849719648263030e-17  +9.2115895895956809e-18
-17   +2.1968477631539009e-16  -1.5816236261048370e-17
-16   -9.1586495231720727e-16  +2.8666935442858897e-17
-15   +3.9373699448902351e-15  -9.5741072309842165e-17
-14   -1.6846136617920525e-14  +4.0620228933825215e-16
-13   +7.2754260213529939e-14  -1.8451815622987165e-15
-12   -3.1735028812533796e-13  +8.6527448568858511e-15
-11   +1.3995304435121295e-12  -4.1563505919194922e-14
-10   -6.2536389932312536e-12  +2.0418366302152961e-13
 -9   +2.8394349095883592e-11  -1.0298215114451581e-12
 -8   -1.3151535879648037e-10  +5.3651607489374733e-12
 -7   +6.2479296807190668e-10  -2.9124890080015156e-11
 -6   -3.0699626797514413e-09  +1.6693144178763151e-10
 -5   +1.5789746003226087e-08  -1.0301241531803724e-09
 -4   -8.7121847109940832e-08  +7.1035659199464985e-09
 -3   +5.2861932487077657e-07  -5.7455911736217628e-08
 -2   -4.1246730847563198e-06  +6.7239248612879175e-07
 -1   +6.4404075849394228e-06  -2.0996881197656290e-06
 +0   -4.9798723377164134e-01  +0.0000000000000000e+00
 +1   +6.4404075849394228e-06  +2.0996881197656290e-06
 +2   -4.1246730847563198e-06  -6.7239248612879175e-07
 +3   +5.2861932487077657e-07  +5.7455911736217628e-08
 +4   -8.7121847109940832e-08  -7.1035659199464985e-09
 +5   +1.5789746003226087e-08  +1.0301241531803724e-09
 +6   -3.0699626797514413e-09  -1.6693144178763151e-10
 +7   +6.2479296807190668e-10  +2.9124890080015156e-11
 +8   -1.3151535879648037e-10  -5.3651607489374733e-12
 +9   +2.8394349095883592e-11  +1.0298215114451581e-12
+10   -6.2536389932312536e-12  -2.0418366302152961e-13
+11   +1.3995304435121295e-12  +4.1563505919194922e-14
+12   -3.1735028812533796e-13  -8.6527448568858511e-15
+13   +7.2754260213529939e-14  +1.8451815622987165e-15
+14   -1.6846136617920525e-14  -4.0620228933825215e-16
+15   +3.9373699448902351e-15  +9.5741072309842165e-17
+16   -9.1586495231720727e-16  -2.8666935442858897e-17
+17   +2.1968477631539009e-16  +1.5816236261048370e-17
+18   -5.3849719648263030e-17  -9.2115895895956809e-18
+19   +1.5076239713219407e-17  +1.0142491698502053e-17
+20   +6.4098756212785470e-18  -1.1102230246251566e-17
+21   +4.3444401862230723e-18  +1.0463680889703030e-17
+22   +2.3878502439592331e-18  -1.0749680853260468e-17
+23   +5.7109056782366718e-18  +9.5147140689851928e-18
+24   -1.0690467281548720e-17  -1.1185837470129100e-17
+25   -1.7426194525945271e-18  +1.4028093733563508e-17
+26   -8.8819137065595804e-18  -7.0168603822280666e-18
+27   +8.6603445377321992e-18  +9.2347186324109609e-18
+28   -5.8357549881871991e-18  -7.6392774322338546e-18
+29   +3.1524698931849204e-18  +5.5850112499931324e-18
+30   -5.2336415290323749e-18  -8.9343849441885844e-18

