-30   -2.0091085258848637e-18  +8.0091991414550410e-18
-29   +5.4267625789850942e-18  -4.7249217205474937e-18
-28   -3.2675710365444099e-18  +6.0328508676935776e-18
-27   +5.2939787021543601e-18  -8.5903605262966738e-18
-26   -1.8486238825741906e-18  -2.6009130992969497e-18
-25   -7.8327646434267671e-18  -5.8709539851289904e-18
-24   +3.8612111290409673e-17  -6.4342071118749714e-18
-23   -1.4295890286868779e-16  +3.9070335345871997e-17
-22   +5.5465188150015342e-16  -1.6712830279880947e-16
-21   -2.0825519734006547e-15  +6.8859885834677966e-16
-20   +7.9045116684328584e-15  -2.6243355742221764e-15
-19   -2.9859344484967782e-14  +1.0010893135988134e-14
-18   +1.1275982598264788e-13  -3.7991689719816444e-14
-17   -4.2553799581611256e-13  +1.4405647378768561e-13
-16   +1.6042261983033366e-12  -5.4599098573234143e-13
-15   -6.0416180976156555e-12  +2.0685562004677162e-12
-14   +2.2728083050646576e-11  -7.8345787892939084e-12
-13   -8.5399616128608124e-11  +2.9666534483888595e-11
-12   +3.2047274947235108e-10  -1.1232559999168792e-10
-11   -1.2009538372235819e-09  +4.2534321259204994e-10
-10   +4.4938843821277148e-09  -1.6113401443314808e-09
 -9   -1.6789834384702575e-08  +6.1099690137820737e-09
 -8   +6.2631424780410196e-08  -2.3208525243037556e-08
 -7   -2.3328857576943990e-07  +8.8426399495938616e-08
 -6   +8.6800714466382900e-07  -3.3874522523054329e-07
 -5   -3.2281333095229633e-06  +1.3095770988321551e-06
 -4   +1.2040736293065294e-05  -5.1585490099044110e-06
 -3   -4.4919845628018843e-05  +2.0818417249119448e-05
 -2   +1.7733183239180417e-04  -9.4066748168916120e-05
 -1   -3.0196423878054134e-05  +3.5101730609204946e-05
 +0   -1.9394504620091216e-01  +0.0000000000000000e+00
 +1   -3.0196423878054134e-05  -3.5101730609204946e-05
 +2   +1.7733183239180417e-04  +9.4066748168916120e-05
 +3   -4.4919845628018843e-05  -2.0818417249119448e-05
 +4   +1.2040736293065294e-05  +5.1585490099044110e-06
 +5   -3.2281333095229633e-06  -1.3095770988321551e-06
 +6   +8.6800714466382900e-07  +3.3874522523054329e-07
 +7   -2.3328857576943990e-07  -8.8426399495938616e-08
 +8   +6.2631424780410196e-08  +2.3208525243037556e-08
 +9   -1.6789834384702575e-08  -6.1099690137820737e-09
+10   +4.4938843821277148e-09  +1.6113401443314808e-09
+11   -1.2009538372235819e-09  -4.2534321259204994e-10
+12   +3.2047274947235108e-10  +1.1232559999168792e-10
+13   -8.5399616128608124e-11  -2.9666534483888595e-11
+14   +2.2728083050646576e-11  +7.8345787892939084e-12
+15   -6.0416180976156555e-12  -2.0685562004677162e-12
+16   +1.6042261983033366e-12  +5.4599098573234143e-13
+17   -4.2553799581611256e-13  -1.4405647378768561e-13
+18   +1.1275982598264788e-13  +3.7991689719816444e-14
+19   -2.9859344484967782e-14  -1.0010893135988134e-14
+20   +7.9045116684328584e-15  +2.6243355742221764e-15
+21   -2.0825519734006547e-15  -6.8859885834677966e-16
+22   +5.5465188150015342e-16  +1.6712830279880947e-16
+23   -1.4295890286868779e-16  -3.9070335345871997e-17
+24   +3.8612111290409673e-17  +6.4342071118749714e-18
+25   -7.8327646434267671e-18  +5.8709539851289904e-18
+26   -1.8486238825741906e-18  +2.6009130992969497e-18
+27   +5.2939787021543601e-18  +8.5903605262966738e-18
+28   -3.2675710365444099e-18  -6.0328508676935776e-18
+29   +5.4267625789850942e-18  +4.7249217205474937e-18
+30   -2.0091085258848637e-18  -8.0091991414550410e-18

