-30   -1.2635128467321293e-17  +3.0503898273967467e-17
-29   +8.9030117123574338e-18  -9.3185857202945808e-18
-28   +6.9769255334660687e-19  +7.7350427387190406e-18
-27   -2.3324599614200371e-18  +2.9754909694660222e-18
-26   -8.3798763614024124e-18  +7.3088988701158255e-18
-25   +1.0824245396783589e-17  +1.7826721915958771e-17
-24   -2.1838640430332069e-17  -4.2352946326527748e-17
-23   +5.5730446773724830e-17  +1.2950682816579480e-16
-22   -1.6787408186450631e-16  -5.2177815871592575e-16
-21   +6.6481188774858802e-16  +1.9933548738666485e-15
-20   -2.4943671449390483e-15  -7.5343804397873711e-15
-19   +9.4842814514621585e-15  +2.8393941354307750e-14
-18   -3.5823057958853694e-14  -1.0701773695269963e-13
-17   +1.3542331669141137e-13  +4.0282136289142639e-13
-16   -5.1128005465383066e-13  -1.5144847249565275e-12
-15   +1.9291376874640236e-12  +5.6861205676232008e-12
-14   -7.2727401128044623e-12  -2.1317916283002362e-11
-13   +2.7393825334600138e-11  +7.9796873578145116e-11
-12   -1.0309106601483892e-10  -2.9817406350122279e-10
-11   +3.8762052794516314e-10  +1.1120380021471737e-09
-10   -1.4562434909698115e-09  -4.1386009734984865e-09
 -9   +5.4671872220546704e-09  +1.5367065464463789e-08
 -8   -2.0517682315772063e-08  -5.6920598637481028e-08
 -7   +7.7016034424807428e-08  +2.1031496637964739e-07
 -6   -2.8951241187702814e-07  -7.7542980293587233e-07
 -5   +1.0922862429550876e-06  +2.8551293961571292e-06
 -4   -4.1636751710517701e-06  -1.0545095757198250e-05
 -3   +1.6118039570310381e-05  +3.9073497315211253e-05
 -2   -6.8852331777192780e-05  -1.5634292852519609e-04
 -1   +1.5731683015754780e-05  +2.8168111510612513e-05
 +0   +9.7303024587358000e-01  +0.0000000000000000e+00
 +1   +1.5731683015754780e-05  -2.8168111510612513e-05
 +2   -6.8852331777192780e-05  +1.5634292852519609e-04
 +3   +1.6118039570310381e-05  -3.9073497315211253e-05
 +4   -4.1636751710517701e-06  +1.0545095757198250e-05
 +5   +1.0922862429550876e-06  -2.8551293961571292e-06
 +6   -2.8951241187702814e-07  +7.7542980293587233e-07
 +7   +7.7016034424807428e-08  -2.1031496637964739e-07
 +8   -2.0517682315772063e-08  +5.6920598637481028e-08
 +9   +5.4671872220546704e-09  -1.5367065464463789e-08
+10   -1.4562434909698115e-09  +4.1386009734984865e-09
+11   +3.8762052794516314e-10  -1.1120380021471737e-09
+12   -1.0309106601483892e-10  +2.9817406350122279e-10
+13   +2.7393825334600138e-11  -7.9796873578145116e-11
+14   -7.2727401128044623e-12  +2.1317916283002362e-11
+15   +1.9291376874640236e-12  -5.6861205676232008e-12
+16   -5.1128005465383066e-13  +1.5144847249565275e-12
+17   +1.3542331669141137e-13  -4.0282136289142639e-13
+18   -3.5823057958853694e-14  +1.0701773695269963e-13
+19   +9.4842814514621585e-15  -2.8393941354307750e-14
+20   -2.4943671449390483e-15  +7.5343804397873711e-15
+21   +6.6481188774858802e-16  -1.9933548738666485e-15
+22   -1.6787408186450631e-16  +5.2177815871592575e-16
+23   +5.5730446773724830e-17  -1.2950682816579480e-16
+24   -2.1838640430332069e-17  +4.2352946326527748e-17
+25   +1.0824245396783589e-17  -1.7826721915958771e-17
+26   -8.3798763614024124e-18  -7.3088988701158255e-18
+27   -2.3324599614200371e-18  -2.9754909694660222e-18
+28   +6.9769255334660687e-19  -7.7350427387190406e-18
+29   +8.9030117123574338e-18  +9.3185857202945808e-18
+30   -1.2635128467321293e-17  -3.0503898273967467e-17

