-30   +9.2518585268972810e-19  +9.2518585417847541e-19
-29   +3.5741175612641590e-18  +1.1369275283665953e-18
-28   +2.2609016638623795e-18  -1.5343588548399030e-18
-27   -1.1386651999845794e-18  +4.2484434746817827e-18
-26   -1.6723329937892702e-18  -4.7968305728686743e-19
-25   -9.2613394828149943e-19  +1.6258497224199028e-18
-24   -1.6324750493469781e-18  -3.3622352165818069e-18
-23   +3.4569332487508333e-19  -1.2699692956169393e-18
-22   +9.8250687564835978e-19  -4.9407052906528177e-18
-21   +3.0804688223537400e-18  +8.5122014292934280e-18
-20   -1.1035804890550036e-17  -3.6130875035601944e-17
-19   +4.4696412066330167e-17  +1.2912203198524205e-16
-18   -1.7388373997679124e-16  -5.1345728029401385e-16
-17   +7.1209925916172979e-16  +2.0385757288699679e-15
-16   -2.8600707434146797e-15  -8.1777757193086369e-15
-15   +1.1578702034450666e-14  +3.2860146450146478e-14
-14   -4.7096254540225051e-14  -1.3254347033825152e-13
-13   +1.9258130527163201e-13  +5.3675211399617476e-13
-12   -7.9242159877810569e-13  -2.1840853668187390e-12
-11   +3.2854726249925534e-12  +8.9385175565879741e-12
-10   -1.3750183419088073e-11  -3.6840577066607713e-11
 -9   +5.8229927579911039e-11  +1.5318527525728288e-10
 -8   -2.5038638317278995e-10  -6.4419162941334960e-10
 -7   +1.0987249964875310e-09  +2.7497211381438580e-09
 -6   -4.9590677209991909e-09  -1.1980712905826752e-08
 -5   +2.3307734474176248e-08  +5.3757913725070413e-08
 -4   -1.1686900600814612e-07  -2.5280139722061929e-07
 -3   +6.4674595291383454e-07  +1.2770736345059396e-06
 -2   -4.6075261644077701e-06  -7.8378007403025215e-06
 -1   +3.5558972372426438e-06  +3.2747136223665737e-06
 +0   +1.6953690753986042e-01  +0.0000000000000000e+00
 +1   +3.5558972372426438e-06  -3.2747136223665737e-06
 +2   -4.6075261644077701e-06  +7.8378007403025215e-06
 +3   +6.4674595291383454e-07  -1.2770736345059396e-06
 +4   -1.1686900600814612e-07  +2.5280139722061929e-07
 +5   +2.3307734474176248e-08  -5.3757913725070413e-08
 +6   -4.9590677209991909e-09  +1.1980712905826752e-08
 +7   +1.0987249964875310e-09  -2.7497211381438580e-09
 +8   -2.5038638317278995e-10  +6.4419162941334960e-10
 +9   +5.8229927579911039e-11  -1.5318527525728288e-10
+10   -1.3750183419088073e-11  +3.6840577066607713e-11
+11   +3.2854726249925534e-12  -8.9385175565879741e-12
+12   -7.9242159877810569e-13  +2.1840853668187390e-12
+13   +1.9258130527163201e-13  -5.3675211399617476e-13
+14   -4.7096254540225051e-14  +1.3254347033825152e-13
+15   +1.1578702034450666e-14  -3.2860146450146478e-14
+16   -2.8600707434146797e-15  +8.1777757193086369e-15
+17   +7.1209925916172979e-16  -2.0385757288699679e-15
+18   -1.7388373997679124e-16  +5.1345728029401385e-16
+19   +4.4696412066330167e-17  -1.2912203198524205e-16
+20   -1.1035804890550036e-17  +3.6130875035601944e-17
+21   +3.0804688223537400e-18  -8.5122014292934280e-18
+22   +9.8250687564835978e-19  +4.9407052906528177e-18
+23   +3.4569332487508333e-19  +1.2699692956169393e-18
+24   -1.6324750493469781e-18  +3.3622352165818069e-18
+25   -9.2613394828149943e-19  -1.6258497224199028e-18
+26   -1.6723329937892702e-18  +4.7968305728686743e-19
+27   -1.1386651999845794e-18  -4.2484434746817827e-18
+28   +2.2609016638623795e-18  +1.5343588548399030e-18
+29   +3.5741175612641590e-18  -1.1369275283665953e-18
+30   +9.2518585268972810e-19  -9.2518585417847541e-19

