-30   +1.4168026472826436e-17  +2.0036615189528156e-17
-29   +7.9493029438868784e-18  -1.3984683383488366e-17
-28   -5.0058240737167264e-18  +1.0418092611026353e-17
-27   +4.3328043831288624e-18  -2.3288949912797673e-17
-26   -3.2299413200721551e-19  +1.6894372801659936e-17
-25   +3.8052967707074413e-18  -3.4057536155412168e-17
-24   -2.6335658879367217e-18  +2.2831331670825914e-17
-23   +8.5012424141470342e-18  -2.1339913252249593e-17
-22   -6.8212587116268633e-18  +2.1682307206041543e-17
-21   +1.3949810647452985e-17  -2.3001624125942229e-17
-20   -3.8724955150477411e-17  +4.8835574187173147e-17
-19   +1.2648595326474047e-16  -6.7687632236057289e-17
-18   -4.9936599455723180e-16  +1.9737146376042516e-16
-17   +1.9307047003104100e-15  -6.9249411487812068e-16
-16   -7.7234054961951422e-15  +2.7047241846385794e-15
-15   +3.0945303747005009e-14  -1.0844259814131147e-14
-14   -1.2441323111554642e-13  +4.3798320367807432e-14
-13   +5.0193508680695106e-13  -1.7812302773314200e-13
-12   -2.0339685903049869e-12  +7.2857348188966970e-13
-11   +8.2854019672197142e-12  -3.0003213721797332e-12
-10   -3.3969475968539518e-11  +1.2458248233818953e-11
 -9   +1.4040682489451594e-10  -5.2269567270246724e-11
 -8   -5.8646543253061056e-10  +2.2225850870093575e-10
 -7   +2.4841445717652861e-09  -9.6211021394890628e-10
 -6   -1.0730667713289486e-08  +4.2697836022416041e-09
 -5   +4.7700795072723644e-08  -1.9648871225925152e-08
 -4   -2.2230206518999004e-07  +9.5897329905829757e-08
 -3   +1.1164100057831861e-06  -5.1459538642002469e-07
 -2   -6.9369067541405534e-06  +3.5547876061254413e-06
 -1   +2.8874243430797231e-06  -2.0464981532005865e-06
 +0   -5.4765085838694993e-01  +0.0000000000000000e+00
 +1   +2.8874243430797231e-06  +2.0464981532005865e-06
 +2   -6.9369067541405534e-06  -3.5547876061254413e-06
 +3   +1.1164100057831861e-06  +5.1459538642002469e-07
 +4   -2.2230206518999004e-07  -9.5897329905829757e-08
 +5   +4.7700795072723644e-08  +1.9648871225925152e-08
 +6   -1.0730667713289486e-08  -4.2697836022416041e-09
 +7   +2.4841445717652861e-09  +9.6211021394890628e-10
 +8   -5.8646543253061056e-10  -2.2225850870093575e-10
 +9   +1.4040682489451594e-10  +5.2269567270246724e-11
+10   -3.3969475968539518e-11  -1.2458248233818953e-11
+11   +8.2854019672197142e-12  +3.0003213721797332e-12
+12   -2.0339685903049869e-12  -7.2857348188966970e-13
+13   +5.0193508680695106e-13  +1.7812302773314200e-13
+14   -1.2441323111554642e-13  -4.3798320367807432e-14
+15   +3.0945303747005009e-14  +1.0844259814131147e-14
+16   -7.7234054961951422e-15  -2.7047241846385794e-15
+17   +1.9307047003104100e-15  +6.9249411487812068e-16
+18   -4.9936599455723180e-16  -1.9737146376042516e-16
+19   +1.2648595326474047e-16  +6.7687632236057289e-17
+20   -3.8724955150477411e-17  -4.8835574187173147e-17
+21   +1.3949810647452985e-17  +2.3001624125942229e-17
+22   -6.8212587116268633e-18  -2.1682307206041543e-17
+23   +8.5012424141470342e-18  +2.1339913252249593e-17
+24   -2.6335658879367217e-18  -2.2831331670825914e-17
+25   +3.8052967707074413e-18  +3.4057536155412168e-17
+26   -3.2299413200721551e-19  -1.6894372801659936e-17
+27   +4.3328043831288624e-18  +2.3288949912797673e-17
+28   -5.0058240737167264e-18  -1.0418092611026353e-17
+29   +7.9493029438868784e-18  +1.3984683383488366e-17
+30   +1.4168026472826436e-17  -2.0036615189528156e-17

