-30   -4.3885556835915719e-16  +1.0712282424637830e-15
-29   +4.3960665335607335e-16  -1.0805049552919036e-15
-28   -4.2863235427024390e-16  +1.1316401889955240e-15
-27   +4.5237307669213093e-16  -1.1759488481565436e-15
-26   -4.3751626716075770e-16  +1.2251133392445859e-15
-25   +4.4258970822146454e-16  -1.2565175492508646e-15
-24   -4.0520843731453408e-16  +1.3112470045312657e-15
-23   +3.7092471470494951e-16  -1.2644772101896545e-15
-22   -2.0235126800840258e-16  +1.0603722761438092e-15
-21   -3.8280438867175405e-16  +1.4514905219876863e-16
-20   +2.7166583747830161e-15  -4.6971726643285564e-15
-19   -1.1413022257309461e-14  +2.2406301853735914e-14
-18   +4.4243411510512396e-14  -8.9510080060814941e-14
-17   -1.6791558308592707e-13  +3.4386837285101945e-13
-16   +6.3300273653726425e-13  -1.3066233402344875e-12
-15   -2.3799894424215299e-12  +4.9480079048563483e-12
-14   +8.9320415959324291e-12  -1.8712920704205937e-11
-13   -3.3464279163790468e-11  +7.0721014248105438e-11
-12   +1.2514312998964665e-10  -2.6714895028293861e-10
-11   -4.6700578459717841e-10  +1.0088596514311336e-09
-10   +1.7385499863364205e-09  -3.8095866403938039e-09
 -9   -6.4538222484465886e-09  +1.4389600038529049e-08
 -8   +2.3876106840074425e-08  -5.4400455893214871e-08
 -7   -8.7955526382721353e-08  +2.0604692392976136e-07
 -6   +3.2224248519863830e-07  -7.8332951490998655e-07
 -5   -1.1711884711062204e-06  +2.9974750089950698e-06
 -4   +4.2072942224741842e-06  -1.1637396031783250e-05
 -3   -1.4630264557771869e-05  +4.5908842722813904e-05
 -2   +4.8454142847770553e-05  -1.9920433456002752e-04
 -1   +4.0149713415858755e-06  +7.3813238952240732e-05
 +0   -1.2785934808227521e+00  +0.0000000000000000e+00
 +1   +4.0149713415858755e-06  -7.3813238952240732e-05
 +2   +4.8454142847770553e-05  +1.9920433456002752e-04
 +3   -1.4630264557771869e-05  -4.5908842722813904e-05
 +4   +4.2072942224741842e-06  +1.1637396031783250e-05
 +5   -1.1711884711062204e-06  -2.9974750089950698e-06
 +6   +3.2224248519863830e-07  +7.8332951490998655e-07
 +7   -8.7955526382721353e-08  -2.0604692392976136e-07
 +8   +2.3876106840074425e-08  +5.4400455893214871e-08
 +9   -6.4538222484465886e-09  -1.4389600038529049e-08
+10   +1.7385499863364205e-09  +3.8095866403938039e-09
+11   -4.6700578459717841e-10  -1.0088596514311336e-09
+12   +1.2514312998964665e-10  +2.6714895028293861e-10
+13   -3.3464279163790468e-11  -7.0721014248105438e-11
+14   +8.9320415959324291e-12  +1.8712920704205937e-11
+15   -2.3799894424215299e-12  -4.9480079048563483e-12
+16   +6.3300273653726425e-13  +1.3066233402344875e-12
+17   -1.6791558308592707e-13  -3.4386837285101945e-13
+18   +4.4243411510512396e-14  +8.9510080060814941e-14
+19   -1.1413022257309461e-14  -2.2406301853735914e-14
+20   +2.7166583747830161e-15  +4.6971726643285564e-15
+21   -3.8280438867175405e-16  -1.4514905219876863e-16
+22   -2.0235126800840258e-16  -1.0603722761438092e-15
+23   +3.7092471470494951e-16  +1.2644772101896545e-15
+24   -4.0520843731453408e-16  -1.3112470045312657e-15
+25   +4.4258970822146454e-16  +1.2565175492508646e-15
+26   -4.3751626716075770e-16  -1.2251133392445859e-15
+27   +4.5237307669213093e-16  +1.1759488481565436e-15
+28   -4.2863235427024390e-16  -1.1316401889955240e-15
+29   +4.3960665335607335e-16  +1.0805049552919036e-15
+30   -4.3885556835915719e-16  -1.0712282424637830e-15

