-30   +5.6436336991454474e-17  -1.3363254964784211e-16
-29   -5.2329775936254298e-17  +1.3647677913909298e-16
-28   +5.4882361009746702e-17  -1.4135526787587327e-16
-27   -5.6595553150780995e-17  +1.5032427979261287e-16
-26   +5.2365023780364344e-17  -1.5811724204406268e-16
-25   -4.7268037417211776e-17  +1.6738167363944942e-16
-24   +2.5534116679686182e-17  -1.8999434984021986e-16
-23   +5.4649059930871787e-17  +2.3209057791084989e-16
-22   -3.6553223388730335e-16  -3.9849803317355910e-16
-21   +1.5386732947331578e-15  +9.8827225671004156e-16
-20   -5.9727404687298898e-15  -3.1957717963681392e-15
-19   +2.2736689751925582e-14  +1.1494613055806338e-14
-18   -8.6031452498867159e-14  -4.2651679692682296e-14
-17   +3.2486308164379361e-13  +1.5964484977047259e-13
-16   -1.2251040705202962e-12  -5.9840397734285573e-13
-15   +4.6151372743612220e-12  +2.2412086406407090e-12
-14   -1.7366941737054466e-11  -8.3811526488879324e-12
-13   +6.5277336868248211e-11  +3.1281560405948453e-11
-12   -2.4505742220620233e-10  -1.1649288600567596e-10
-11   +9.1876656380038910e-10  +4.3270139319357607e-10
-10   -3.4398927427746260e-09  -1.6024261033856687e-09
 -9   +1.2860870463590501e-08  +5.9135576251437095e-09
 -8   -4.8017167874682488e-08  -2.1733275937067972e-08
 -7   +1.7905795184385527e-07  +7.9477342817360219e-08
 -6   -6.6726334788007779e-07  -2.8890690687864793e-07
 -5   +2.4870990784065039e-06  +1.0420548219944125e-06
 -4   -9.3089959142578575e-06  -3.7257549604474677e-06
 -3   +3.4940143291286884e-05  +1.3024577631886802e-05
 -2   -1.3980085663750814e-04  -4.5705531662682829e-05
 -1   +2.5819587103037825e-05  +3.2615508800198586e-06
 +0   +1.4759532599959196e-01  +0.0000000000000000e+00
 +1   +2.5819587103037825e-05  -3.2615508800198586e-06
 +2   -1.3980085663750814e-04  +4.5705531662682829e-05
 +3   +3.4940143291286884e-05  -1.3024577631886802e-05
 +4   -9.3089959142578575e-06  +3.7257549604474677e-06
 +5   +2.4870990784065039e-06  -1.0420548219944125e-06
 +6   -6.6726334788007779e-07  +2.8890690687864793e-07
 +7   +1.7905795184385527e-07  -7.9477342817360219e-08
 +8   -4.8017167874682488e-08  +2.1733275937067972e-08
 +9   +1.2860870463590501e-08  -5.9135576251437095e-09
+10   -3.4398927427746260e-09  +1.6024261033856687e-09
+11   +9.1876656380038910e-10  -4.3270139319357607e-10
+12   -2.4505742220620233e-10  +1.1649288600567596e-10
+13   +6.5277336868248211e-11  -3.1281560405948453e-11
+14   -1.7366941737054466e-11  +8.3811526488879324e-12
+15   +4.6151372743612220e-12  -2.2412086406407090e-12
+16   -1.2251040705202962e-12  +5.9840397734285573e-13
+17   +3.2486308164379361e-13  -1.5964484977047259e-13
+18   -8.6031452498867159e-14  +4.2651679692682296e-14
+19   +2.2736689751925582e-14  -1.1494613055806338e-14
+20   -5.9727404687298898e-15  +3.1957717963681392e-15
+21   +1.5386732947331578e-15  -9.8827225671004156e-16
+22   -3.6553223388730335e-16  +3.9849803317355910e-16
+23   +5.4649059930871787e-17  -2.3209057791084989e-16
+24   +2.5534116679686182e-17  +1.8999434984021986e-16
+25   -4.7268037417211776e-17  -1.6738167363944942e-16
+26   +5.2365023780364344e-17  +1.5811724204406268e-16
+27   -5.6595553150780995e-17  -1.5032427979261287e-16
+28   +5.4882361009746702e-17  +1.4135526787587327e-16
+29   -5.2329775936254298e-17  -1.3647677913909298e-16
+30   +5.6436336991454474e-17  +1.3363254964784211e-16

