-30   +1.4586189131361078e-16  -3.6324398649295583e-16
-29   -1.4325818580501100e-16  +3.7044776223354511e-16
-28   +1.4908495721084076e-16  -3.8481781437849772e-16
-27   -1.4802459148691458e-16  +4.0373337057193549e-16
-26   +1.4615267427522027e-16  -4.1667756063663214e-16
-25   -1.5059253458009687e-16  +4.3360063243607502e-16
-24   +1.4559919037586386e-16  -4.5600253819735654e-16
-23   -1.4962460339070718e-16  +4.6999600541590667e-16
-22   +1.4800210521795340e-16  -5.0138510649146829e-16
-21   -1.4123550582737645e-16  +5.2038498879268248e-16
-20   +1.2681688733374019e-16  -5.5615524149993423e-16
-19   -3.9872192879749918e-17  +6.2648318716854924e-16
-18   -2.7138693529791013e-16  -8.1839050285368705e-16
-17   +1.5170072721215320e-15  +1.4355218886123491e-15
-16   -6.5392060707827511e-15  -3.8225978476015850e-15
-15   +2.6842930990730968e-14  +1.3257732837030765e-14
-14   -1.0925726577238334e-13  -5.1051934243900450e-14
-13   +4.4546107621345015e-13  +2.0314316695116002e-13
-12   -1.8250750015626872e-12  -8.1808772048244588e-13
-11   +7.5273715301499483e-12  +3.3160504122203940e-12
-10   -3.1307007372844757e-11  -1.3517353118459658e-11
 -9   +1.3159048300487027e-10  +5.5442423720737274e-11
 -8   -5.6067929299066242e-10  -2.2906521233298344e-10
 -7   +2.4323450384944242e-09  +9.5475531079794507e-10
 -6   -1.0817734959924219e-08  -4.0219721179065674e-09
 -5   +4.9846379059223088e-08  +1.7146021759047367e-08
 -4   -2.4298526731915346e-07  -7.3948822966338013e-08
 -3   +1.2855877033910692e-06  +3.1437795549097268e-07
 -2   -8.4181418123588002e-06  -1.1479042546710047e-06
 -1   +5.8507571000580588e-06  -1.5529754009029991e-06
 +0   +4.1677112699311297e-01  +0.0000000000000000e+00
 +1   +5.8507571000580588e-06  +1.5529754009029991e-06
 +2   -8.4181418123588002e-06  +1.1479042546710047e-06
 +3   +1.2855877033910692e-06  -3.1437795549097268e-07
 +4   -2.4298526731915346e-07  +7.3948822966338013e-08
 +5   +4.9846379059223088e-08  -1.7146021759047367e-08
 +6   -1.0817734959924219e-08  +4.0219721179065674e-09
 +7   +2.4323450384944242e-09  -9.5475531079794507e-10
 +8   -5.6067929299066242e-10  +2.2906521233298344e-10
 +9   +1.3159048300487027e-10  -5.5442423720737274e-11
+10   -3.1307007372844757e-11  +1.3517353118459658e-11
+11   +7.5273715301499483e-12  -3.3160504122203940e-12
+12   -1.8250750015626872e-12  +8.1808772048244588e-13
+13   +4.4546107621345015e-13  -2.0314316695116002e-13
+14   -1.0925726577238334e-13  +5.1051934243900450e-14
+15   +2.6842930990730968e-14  -1.3257732837030765e-14
+16   -6.5392060707827511e-15  +3.8225978476015850e-15
+17   +1.5170072721215320e-15  -1.4355218886123491e-15
+18   -2.7138693529791013e-16  +8.1839050285368705e-16
+19   -3.9872192879749918e-17  -6.2648318716854924e-16
+20   +1.2681688733374019e-16  +5.5615524149993423e-16
+21   -1.4123550582737645e-16  -5.2038498879268248e-16
+22   +1.4800210521795340e-16  +5.0138510649146829e-16
+23   -1.4962460339070718e-16  -4.6999600541590667e-16
+24   +1.4559919037586386e-16  +4.5600253819735654e-16
+25   -1.5059253458009687e-16  -4.3360063243607502e-16
+26   +1.4615267427522027e-16  +4.1667756063663214e-16
+27   -1.4802459148691458e-16  -4.0373337057193549e-16
+28   +1.4908495721084076e-16  +3.8481781437849772e-16
+29   -1.4325818580501100e-16  -3.7044776223354511e-16
+30   +1.4586189131361078e-16  +3.6324398649295583e-16

