-30   -7.0089637161144601e-17  +1.9339768668501256e-16
-29   +7.9474226574908687e-17  -1.9412297826506020e-16
-28   -7.8075455360801234e-17  +2.0576023355791883e-16
-27   +7.9495965788779403e-17  -2.1177002705383803e-16
-26   -7.9143123688569264e-17  +2.1932010171625795e-16
-25   +7.9238041440287008e-17  -2.2894775909919767e-16
-24   -7.8143035505790872e-17  +2.4168738769992207e-16
-23   +7.9649190801280690e-17  -2.5364554276846727e-16
-22   -7.8378272499356838e-17  +2.6691291138924159e-16
-21   +8.5528533337070968e-17  -2.8239879860590349e-16
-20   -9.2881540278804532e-17  +3.1901590250152788e-16
-19   +1.2397020514442888e-16  -4.0582342180471366e-16
-18   -2.6790673641682953e-16  +7.1683699859845516e-16
-17   +8.2057020846004806e-16  -1.9078887051731890e-15
-16   -3.0367209392976160e-15  +6.6294058881655644e-15
-15   +1.1879692013353540e-14  -2.5578949212075961e-14
-14   -4.7284842319034044e-14  +1.0204147359915506e-13
-13   +1.8939655685592725e-13  -4.1219743524626007e-13
-12   -7.6185853126187912e-13  +1.6769176350289073e-12
-11   +3.0770366324844437e-12  -6.8662628512689200e-12
-10   -1.2485221777287583e-11  +2.8321688405073016e-11
 -9   +5.0940257438333702e-11  -1.1787857705817384e-10
 -8   -2.0925559241652946e-10  +4.9631076986021819e-10
 -7   +8.6693420948136495e-10  -2.1216345317192088e-09
 -6   -3.6311596504303738e-09  +9.2613360958878608e-09
 -5   +1.5421315353549277e-08  -4.1655192660960905e-08
 -4   -6.6741860087572286e-08  +1.9649199118685854e-07
 -3   +2.9147800644340119e-07  -9.9620913249544903e-07
 -2   -1.2671250530097737e-06  +6.1217231316399117e-06
 -1   -3.7077955777625278e-07  -2.4846685891566113e-06
 +0   -2.2277702747947611e-01  +0.0000000000000000e+00
 +1   -3.7077955777625278e-07  +2.4846685891566113e-06
 +2   -1.2671250530097737e-06  -6.1217231316399117e-06
 +3   +2.9147800644340119e-07  +9.9620913249544903e-07
 +4   -6.6741860087572286e-08  -1.9649199118685854e-07
 +5   +1.5421315353549277e-08  +4.1655192660960905e-08
 +6   -3.6311596504303738e-09  -9.2613360958878608e-09
 +7   +8.6693420948136495e-10  +2.1216345317192088e-09
 +8   -2.0925559241652946e-10  -4.9631076986021819e-10
 +9   +5.0940257438333702e-11  +1.1787857705817384e-10
+10   -1.2485221777287583e-11  -2.8321688405073016e-11
+11   +3.0770366324844437e-12  +6.8662628512689200e-12
+12   -7.6185853126187912e-13  -1.6769176350289073e-12
+13   +1.8939655685592725e-13  +4.1219743524626007e-13
+14   -4.7284842319034044e-14  -1.0204147359915506e-13
+15   +1.1879692013353540e-14  +2.5578949212075961e-14
+16   -3.0367209392976160e-15  -6.6294058881655644e-15
+17   +8.2057020846004806e-16  +1.9078887051731890e-15
+18   -2.6790673641682953e-16  -7.1683699859845516e-16
+19   +1.2397020514442888e-16  +4.0582342180471366e-16
+20   -9.2881540278804532e-17  -3.1901590250152788e-16
+21   +8.5528533337070968e-17  +2.8239879860590349e-16
+22   -7.8378272499356838e-17  -2.6691291138924159e-16
+23   +7.9649190801280690e-17  +2.5364554276846727e-16
+24   -7.8143035505790872e-17  -2.4168738769992207e-16
+25   +7.9238041440287008e-17  +2.2894775909919767e-16
+26   -7.9143123688569264e-17  -2.1932010171625795e-16
+27   +7.9495965788779403e-17  +2.1177002705383803e-16
+28   -7.8075455360801234e-17  -2.0576023355791883e-16
+29   +7.9474226574908687e-17  +1.9412297826506020e-16
+30   -7.0089637161144601e-17  -1.9339768668501256e-16

