-30   -3.0657962018727592e-18  -2.0934566133081840e-17
-29   -1.2572120050450529e-17  +1.6384424222603347e-17
-28   -2.4076911883597805e-18  -1.6746678387317887e-17
-27   -3.2920211710371744e-19  +1.0470368551378630e-17
-26   +1.1232248577448650e-17  -1.8030531210466821e-17
-25   -9.0854030466935932e-18  +1.8636083344927400e-17
-24   -8.3721897890649469e-19  -1.4509770261661688e-17
-23   +5.1033666323047507e-18  +2.0343354656215030e-18
-22   +1.4208317652951937e-17  +2.0983826534231088e-17
-21   -1.2657163769729143e-17  -1.7389737128666241e-16
-20   +2.0221238073391519e-17  +6.7920019093658846e-16
-19   +2.4460844347685065e-17  -2.8864192055539257e-15
-18   -9.5340471015866750e-17  +1.1513668771914327e-14
-17   +4.3758934389826443e-16  -4.5821067758074470e-14
-16   -1.8562913717205737e-15  +1.8249963388906698e-13
-15   +7.9445534213397503e-15  -7.2844406181652929e-13
-14   -3.4061109423578066e-14  +2.9145210598885203e-12
-13   +1.4721412293365138e-13  -1.1694549274299690e-11
-12   -6.4192545866946792e-13  +4.7083306562481921e-11
-11   +2.8300912145961573e-12  -1.9032270298182029e-10
-10   -1.2642085814610523e-11  +7.7305430787898814e-10
 -9   +5.7382742411983999e-11  -3.1586227359281883e-09
 -8   -2.6569856613360532e-10  +1.3002119518560243e-08
 -7   +1.2618605380737916e-09  -5.4034520477343041e-08
 -6   -6.1982540510902433e-09  +2.2748415018102514e-07
 -5   +3.1868966345482427e-08  -9.7438205015342143e-07
 -4   -1.7577991481609915e-07  +4.2958656845590242e-06
 -3   +1.0660876173165039e-06  -1.9498475283995617e-05
 -2   -8.3161866318651641e-06  +1.0067632425523080e-04
 -1   +1.2984350837445902e-05  -7.5423299471291352e-05
 +0   +1.0040418042537915e+00  +0.0000000000000000e+00
 +1   +1.2984350837445902e-05  +7.5423299471291352e-05
 +2   -8.3161866318651641e-06  -1.0067632425523080e-04
 +3   +1.0660876173165039e-06  +1.9498475283995617e-05
 +4   -1.7577991481609915e-07  -4.2958656845590242e-06
 +5   +3.1868966345482427e-08  +9.7438205015342143e-07
 +6   -6.1982540510902433e-09  -2.2748415018102514e-07
 +7   +1.2618605380737916e-09  +5.4034520477343041e-08
 +8   -2.6569856613360532e-10  -1.3002119518560243e-08
 +9   +5.7382742411983999e-11  +3.1586227359281883e-09
+10   -1.2642085814610523e-11  -7.7305430787898814e-10
+11   +2.8300912145961573e-12  +1.9032270298182029e-10
+12   -6.4192545866946792e-13  -4.7083306562481921e-11
+13   +1.4721412293365138e-13  +1.1694549274299690e-11
+14   -3.4061109423578066e-14  -2.9145210598885203e-12
+15   +7.9445534213397503e-15  +7.2844406181652929e-13
+16   -1.8562913717205737e-15  -1.8249963388906698e-13
+17   +4.3758934389826443e-16  +4.5821067758074470e-14
+18   -9.5340471015866750e-17  -1.1513668771914327e-14
+19   +2.4460844347685065e-17  +2.8864192055539257e-15
+20   +2.0221238073391519e-17  -6.7920019093658846e-16
+21   -1.2657163769729143e-17  +1.7389737128666241e-16
+22   +1.4208317652951937e-17  -2.0983826534231088e-17
+23   +5.1033666323047507e-18  -2.0343354656215030e-18
+24   -8.3721897890649469e-19  +1.4509770261661688e-17
+25   -9.0854030466935932e-18  -1.8636083344927400e-17
+26   +1.1232248577448650e-17  +1.8030531210466821e-17
+27   -3.2920211710371744e-19  -1.0470368551378630e-17
+28   -2.4076911883597805e-18  +1.6746678387317887e-17
+29   -1.2572120050450529e-17  -1.6384424222603347e-17
+30   -3.0657962018727592e-18  +2.0934566133081840e-17

