-30   +1.1551205708994967e-17  +1.1551205709046109e-17
-29   -1.5846111851391154e-18  -3.9238041363428911e-18
-28   +8.8920404406974184e-19  +7.9849147549022327e-18
-27   +3.1315543532171088e-18  -9.0771136428885832e-18
-26   +1.1981690221722421e-18  +6.2247833397211369e-18
-25   +9.1640054874647271e-18  -9.0750509370407473e-18
-24   +5.4823251248059872e-18  +8.5461087689945729e-18
-23   +4.3036404424972319e-19  -1.0211521092530111e-17
-22   -6.6219111574587762e-18  +8.4017858055001594e-18
-21   +4.0400735981211914e-18  -8.6923606993803784e-18
-20   +4.6923546249730214e-18  +2.2930370279252827e-17
-19   -7.6355951409580012e-18  -9.4629102591420573e-18
-18   +5.3242480481053802e-17  +1.3892887073069914e-17
-17   -2.1118391063443007e-16  -1.7853328265097939e-17
-16   +9.0922345110267370e-16  +3.1833726472707783e-17
-15   -3.9274787995175057e-15  -9.5715778069131812e-17
-14   +1.6834752995860353e-14  +4.0620160140512159e-16
-13   -7.2744516042091266e-14  -1.8440209348430153e-15
-12   +3.1734620610855145e-13  +8.6510991741291305e-15
-11   -1.3995283021199163e-12  -4.1559261214016407e-14
-10   +6.2536285061554494e-12  +2.0417608320268770e-13
 -9   -2.8394343031053780e-11  -1.0298203172421068e-12
 -8   +1.3151534775636504e-10  +5.3651649213225656e-12
 -7   -6.2479295816869132e-10  -2.9124888467517625e-11
 -6   +3.0699626714166578e-09  +1.6693144028528714e-10
 -5   -1.5789745997641684e-08  -1.0301241596891528e-09
 -4   +8.7121847107535867e-08  +7.1035659219818277e-09
 -3   -5.2861932486600332e-07  -5.7455911735117187e-08
 -2   +4.1246730847382670e-06  +6.7239248613127144e-07
 -1   -6.4404075849296862e-06  -2.0996881197641832e-06
 +0   +4.9798723377164117e-01  +0.0000000000000000e+00
 +1   -6.4404075849296862e-06  +2.0996881197641832e-06
 +2   +4.1246730847382670e-06  -6.7239248613127144e-07
 +3   -5.2861932486600332e-07  +5.7455911735117187e-08
 +4   +8.7121847107535867e-08  -7.1035659219818277e-09
 +5   -1.5789745997641684e-08  +1.0301241596891528e-09
 +6   +3.0699626714166578e-09  -1.6693144028528714e-10
 +7   -6.2479295816869132e-10  +2.9124888467517625e-11
 +8   +1.3151534775636504e-10  -5.3651649213225656e-12
 +9   -2.8394343031053780e-11  +1.0298203172421068e-12
+10   +6.2536285061554494e-12  -2.0417608320268770e-13
+11   -1.3995283021199163e-12  +4.1559261214016407e-14
+12   +3.1734620610855145e-13  -8.6510991741291305e-15
+13   -7.2744516042091266e-14  +1.8440209348430153e-15
+14   +1.6834752995860353e-14  -4.0620160140512159e-16
+15   -3.9274787995175057e-15  +9.5715778069131812e-17
+16   +9.0922345110267370e-16  -3.1833726472707783e-17
+17   -2.1118391063443007e-16  +1.7853328265097939e-17
+18   +5.3242480481053802e-17  -1.3892887073069914e-17
+19   -7.6355951409580012e-18  +9.4629102591420573e-18
+20   +4.6923546249730214e-18  -2.2930370279252827e-17
+21   +4.0400735981211914e-18  +8.6923606993803784e-18
+22   -6.6219111574587762e-18  -8.4017858055001594e-18
+23   +4.3036404424972319e-19  +1.0211521092530111e-17
+24   +5.4823251248059872e-18  -8.5461087689945729e-18
+25   +9.1640054874647271e-18  +9.0750509370407473e-18
+26   +1.1981690221722421e-18  -6.2247833397211369e-18
+27   +3.1315543532171088e-18  +9.0771136428885832e-18
+28   +8.8920404406974184e-19  -7.9849147549022327e-18
+29   -1.5846111851391154e-18  +3.9238041363428911e-18
+30   +1.1551205708994967e-17  -1.1551205709046109e-17

