-30   +1.3681856665572643e-16  -1.7868769888443670e-17
-29   -2.1822063310372786e-17  -1.0171333716808734e-18
-28   -6.6152080154336108e-17  +1.3296355033173192e-18
-27   +1.0450948032441644e-17  -1.6188737889281828e-18
-26   +3.9922947557083506e-17  -5.2277217124966731e-19
-25   -4.2378440932142459e-17  -6.1360860430809389e-18
-24   -7.8108277310722887e-17  +3.7158049431376508e-18
-23   +2.1059919635851923e-17  -2.9483784060925520e-18
-22   +2.1538229924822137e-16  -4.4070803187332036e-18
-21   -3.1025073241136344e-17  -3.7059260644754068e-18
-20   -3.5024211735060229e-17  -5.4182644117227133e-18
-19   +2.2189348442838770e-16  -3.3995311524202018e-18
-18   -8.0429670919204299e-17  +3.4222086046604649e-18
-17   -2.6201185670244639e-16  +2.5312066019387659e-19
-16   +7.8190248425335222e-16  -4.1953340114676855e-18
-15   -3.8232931210911683e-15  +8.5359976533515112e-18
-14   +1.6526098114452328e-14  +2.9426074945744071e-18
-13   -7.2204520966969672e-14  +2.9323337446938626e-19
-12   +3.1623805234375993e-13  -2.0256318657721284e-18
-11   -1.4027210018480250e-12  +5.5873588109266071e-18
-10   +6.2910672371167377e-12  +1.5328981133545902e-18
 -9   -2.9007289311714161e-11  -3.2611652088285521e-18
 -8   +1.3407982787494569e-10  -2.2295418495335806e-18
 -7   -6.8944212456074466e-10  -6.4660829803093348e-19
 -6   +3.1955021846597286e-09  +2.4854138632132720e-18
 -5   -2.5843843741300322e-08  -8.4062702898011812e-18
 -4   +9.3673762724585553e-08  +5.4945086171215675e-19
 -3   -2.9488677975875751e-06  -6.3326512477336440e-18
 -2   +4.5317728903351465e-06  -3.7297613524685419e-18
 -1   -1.5488189680204585e-03  -6.1654963542009019e-18
 +0   +1.0002005511105783e+00  +0.0000000000000000e+00
 +1   -1.5488189680204585e-03  +6.1654963542009019e-18
 +2   +4.5317728903351465e-06  +3.7297613524685419e-18
 +3   -2.9488677975875751e-06  +6.3326512477336440e-18
 +4   +9.3673762724585553e-08  -5.4945086171215675e-19
 +5   -2.5843843741300322e-08  +8.4062702898011812e-18
 +6   +3.1955021846597286e-09  -2.4854138632132720e-18
 +7   -6.8944212456074466e-10  +6.4660829803093348e-19
 +8   +1.3407982787494569e-10  +2.2295418495335806e-18
 +9   -2.9007289311714161e-11  +3.2611652088285521e-18
+10   +6.2910672371167377e-12  -1.5328981133545902e-18
+11   -1.4027210018480250e-12  -5.5873588109266071e-18
+12   +3.1623805234375993e-13  +2.0256318657721284e-18
+13   -7.2204520966969672e-14  -2.9323337446938626e-19
+14   +1.6526098114452328e-14  -2.9426074945744071e-18
+15   -3.8232931210911683e-15  -8.5359976533515112e-18
+16   +7.8190248425335222e-16  +4.1953340114676855e-18
+17   -2.6201185670244639e-16  -2.5312066019387659e-19
+18   -8.0429670919204299e-17  -3.4222086046604649e-18
+19   +2.2189348442838770e-16  +3.3995311524202018e-18
+20   -3.5024211735060229e-17  +5.4182644117227133e-18
+21   -3.1025073241136344e-17  +3.7059260644754068e-18
+22   +2.1538229924822137e-16  +4.4070803187332036e-18
+23   +2.1059919635851923e-17  +2.9483784060925520e-18
+24   -7.8108277310722887e-17  -3.7158049431376508e-18
+25   -4.2378440932142459e-17  +6.1360860430809389e-18
+26   +3.9922947557083506e-17  +5.2277217124966731e-19
+27   +1.0450948032441644e-17  +1.6188737889281828e-18
+28   -6.6152080154336108e-17  -1.3296355033173192e-18
+29   -2.1822063310372786e-17  +1.0171333716808734e-18
+30   +1.3681856665572643e-16  +1.7868769888443670e-17

