-30   +6.1618459435060503e-18  -1.4941677259145262e-17
-29   -6.2466676381573585e-18  +1.5557834996141828e-17
-28   +6.1711075328003176e-18  -1.6128591588372096e-17
-27   -6.1852393969222195e-18  +1.6792076923587018e-17
-26   +6.1842557078393997e-18  -1.7470238046669139e-17
-25   -6.2198796932128229e-18  +1.8254949899060040e-17
-24   +6.1780843814846285e-18  -1.9072983399259327e-17
-23   -6.2034486522658640e-18  +1.9968663189537602e-17
-22   +6.1709291383568340e-18  -2.1085656553901971e-17
-21   -6.2428959767462869e-18  +2.2637475489577726e-17
-20   +6.2094364430385212e-18  -2.5871554919629319e-17
-19   -6.1963649412980857e-18  +3.5792456622353052e-17
-18   +6.2551367616857865e-18  -7.3763262583163522e-17
-17   -6.2332215271039853e-18  +2.2894878195347803e-16
-16   +6.1640519090174429e-18  -8.8040347333139277e-16
-15   -6.1674659019225038e-18  +3.6489966383512095e-15
-14   +6.1177332762906137e-18  -1.5514600810491711e-14
-13   -6.1465604501663017e-18  +6.6784448386999952e-14
-12   +6.1724900099603007e-18  -2.9053270834557188e-13
-11   -6.1323839226739620e-18  +1.2758280863711989e-12
-10   +6.1940890340185372e-18  -5.6893222249075641e-12
 -9   -6.1615194220024708e-18  +2.5457451535735564e-11
 -8   +6.1873482762700205e-18  -1.1857434771284199e-10
 -7   -6.1559369025668769e-18  +5.1322404934914261e-10
 -6   +6.1567128234000221e-18  -2.7287798936732840e-09
 -5   -6.1861231781097078e-18  +4.7378408577179439e-09
 -4   +6.2890508577697947e-18  -7.5869088808861491e-08
 -3   -6.2709082502492952e-18  -1.9131026539695196e-06
 -2   +6.3844769011272239e-18  -3.6610570248839466e-06
 -1   -6.9043786655440199e-18  -1.5717674346890640e-03
 +0   +7.2230452232794714e-18  +0.0000000000000000e+00
 +1   -6.9043786655440199e-18  +1.5717674346890640e-03
 +2   +6.3844769011272239e-18  +3.6610570248839466e-06
 +3   -6.2709082502492952e-18  +1.9131026539695196e-06
 +4   +6.2890508577697947e-18  +7.5869088808861491e-08
 +5   -6.1861231781097078e-18  -4.7378408577179439e-09
 +6   +6.1567128234000221e-18  +2.7287798936732840e-09
 +7   -6.1559369025668769e-18  -5.1322404934914261e-10
 +8   +6.1873482762700205e-18  +1.1857434771284199e-10
 +9   -6.1615194220024708e-18  -2.5457451535735564e-11
+10   +6.1940890340185372e-18  +5.6893222249075641e-12
+11   -6.1323839226739620e-18  -1.2758280863711989e-12
+12   +6.1724900099603007e-18  +2.9053270834557188e-13
+13   -6.1465604501663017e-18  -6.6784448386999952e-14
+14   +6.1177332762906137e-18  +1.5514600810491711e-14
+15   -6.1674659019225038e-18  -3.6489966383512095e-15
+16   +6.1640519090174429e-18  +8.8040347333139277e-16
+17   -6.2332215271039853e-18  -2.2894878195347803e-16
+18   +6.2551367616857865e-18  +7.3763262583163522e-17
+19   -6.1963649412980857e-18  -3.5792456622353052e-17
+20   +6.2094364430385212e-18  +2.5871554919629319e-17
+21   -6.2428959767462869e-18  -2.2637475489577726e-17
+22   +6.1709291383568340e-18  +2.1085656553901971e-17
+23   -6.2034486522658640e-18  -1.9968663189537602e-17
+24   +6.1780843814846285e-18  +1.9072983399259327e-17
+25   -6.2198796932128229e-18  -1.8254949899060040e-17
+26   +6.1842557078393997e-18  +1.7470238046669139e-17
+27   -6.1852393969222195e-18  -1.6792076923587018e-17
+28   +6.1711075328003176e-18  +1.6128591588372096e-17
+29   -6.2466676381573585e-18  -1.5557834996141828e-17
+30   +6.1618459435060503e-18  +1.4941677259145262e-17

