-30   -1.6822041582935580e-16  +7.4014868307612624e-18
-29   +1.3617857071892799e-17  +3.7697251966892827e-18
-28   +6.5708232016706779e-17  -5.0249779008953272e-18
-27   -7.0531180281621220e-18  -1.2320731854787214e-18
-26   -4.1924024570404552e-17  +2.4868601656078980e-19
-25   +3.0780795979044925e-17  -6.4565370825116950e-19
-24   +8.7189325838398477e-17  +4.4689590136838411e-19
-23   -1.5796413465874767e-17  +2.2502078923972901e-19
-22   -2.3222715893848470e-16  +2.3572222958498908e-18
-21   +2.8183394725746881e-17  -1.7266158965699486e-18
-20   +1.2819751242557094e-17  +7.4014868308343768e-18
-19   -2.1302680059486829e-16  +5.3963602541173220e-19
-18   +8.6663945807514943e-17  -2.6765816318069972e-18
-17   +2.6301905532839156e-16  -1.1636684436038277e-18
-16   -7.6908218602011584e-16  -3.4980800194568349e-19
-15   +3.8040355154051639e-15  +1.1152817920357233e-17
-14   -1.6374975592515898e-14  -5.4143027209981705e-19
-13   +7.1522682235285228e-14  +1.7869070461215221e-19
-12   -3.1319792258295551e-13  +2.3558944456969838e-18
-11   +1.3890904517591017e-12  +3.0442753060496903e-18
-10   -6.2268877188532926e-12  -1.0719482605643210e-17
 -9   +2.8716424913183071e-11  +1.7253856402983199e-19
 -8   -1.3239145644454701e-10  +1.1868529622119786e-18
 -7   +6.8262901790093792e-10  +8.7774828304871392e-19
 -6   -3.1074796877255054e-09  +6.9522379815489338e-19
 -5   +2.5675127032529785e-08  +8.1533362152929490e-19
 -4   -8.1384922674878893e-08  +8.2104668229332778e-19
 -3   +2.9484657300888870e-06  +4.2355953113530225e-18
 -2   -8.9196958863392105e-07  +1.8831483534633887e-19
 -1   +1.5481835258349932e-03  +3.9103558354310530e-18
 +0   +9.9980181483189301e-01  +0.0000000000000000e+00
 +1   +1.5481835258349932e-03  -3.9103558354310530e-18
 +2   -8.9196958863392105e-07  -1.8831483534633887e-19
 +3   +2.9484657300888870e-06  -4.2355953113530225e-18
 +4   -8.1384922674878893e-08  -8.2104668229332778e-19
 +5   +2.5675127032529785e-08  -8.1533362152929490e-19
 +6   -3.1074796877255054e-09  -6.9522379815489338e-19
 +7   +6.8262901790093792e-10  -8.7774828304871392e-19
 +8   -1.3239145644454701e-10  -1.1868529622119786e-18
 +9   +2.8716424913183071e-11  -1.7253856402983199e-19
+10   -6.2268877188532926e-12  +1.0719482605643210e-17
+11   +1.3890904517591017e-12  -3.0442753060496903e-18
+12   -3.1319792258295551e-13  -2.3558944456969838e-18
+13   +7.1522682235285228e-14  -1.7869070461215221e-19
+14   -1.6374975592515898e-14  +5.4143027209981705e-19
+15   +3.8040355154051639e-15  -1.1152817920357233e-17
+16   -7.6908218602011584e-16  +3.4980800194568349e-19
+17   +2.6301905532839156e-16  +1.1636684436038277e-18
+18   +8.6663945807514943e-17  +2.6765816318069972e-18
+19   -2.1302680059486829e-16  -5.3963602541173220e-19
+20   +1.2819751242557094e-17  -7.4014868308343768e-18
+21   +2.8183394725746881e-17  +1.7266158965699486e-18
+22   -2.3222715893848470e-16  -2.3572222958498908e-18
+23   -1.5796413465874767e-17  -2.2502078923972901e-19
+24   +8.7189325838398477e-17  -4.4689590136838411e-19
+25   +3.0780795979044925e-17  +6.4565370825116950e-19
+26   -4.1924024570404552e-17  -2.4868601656078980e-19
+27   -7.0531180281621220e-18  +1.2320731854787214e-18
+28   +6.5708232016706779e-17  +5.0249779008953272e-18
+29   +1.3617857071892799e-17  -3.7697251966892827e-18
+30   -1.6822041582935580e-16  -7.4014868307612624e-18

