-30   +1.7562190266020464e-16  +1.7868769888726209e-17
-29   -3.3076910555331713e-17  -2.1853437958351244e-18
-28   -6.7206365034223424e-17  +3.8533050537978254e-18
-27   +9.7140599365591628e-18  +5.4008795952901321e-18
-26   +3.5975498392757811e-17  +1.4745735003307847e-18
-25   -3.6434137280742011e-17  -2.9719356614740179e-18
-24   -7.8559470385938844e-17  +3.0510781208233990e-18
-23   +1.4912667905984601e-17  -1.1020554212612280e-18
-22   +2.1557200664651182e-16  +4.5066575756260163e-20
-21   -2.4311354702346695e-17  -7.2530801890326996e-19
-20   -7.0048423470120434e-17  +2.9605947323337513e-17
-19   +2.3316442088519785e-16  -4.9685762110874109e-18
-18   -1.3007316190220200e-16  +3.9501878221688977e-18
-17   -4.6718759197003292e-17  +3.8911455861691388e-18
-16   -1.2739981520187655e-16  -2.4225904172432846e-18
-15   +4.1497145027630814e-17  +1.4162133472337324e-18
-14   -1.3629469329003491e-16  -1.3000623047147137e-18
-13   +4.8656891016070568e-17  -1.4955695197161587e-18
-12   -6.0446842496645643e-17  -1.0144116889690670e-18
-11   -1.8785567886796792e-15  +2.8928996660566578e-18
-10   +2.7477156051831336e-16  +8.8127334887437568e-18
 -9   -2.7380328506152172e-13  -1.7089301072976827e-18
 -8   +2.8035888204615245e-14  -2.9783154117497842e-18
 -7   -4.6871563469525946e-11  -1.6531801257903102e-18
 -6   +1.8812920041614939e-12  -8.6224364168613234e-19
 -5   -9.1734209465165901e-09  +5.3042786932210456e-18
 -4   -2.3738179134211179e-10  +3.2315971569802603e-18
 -3   -2.3641035455934897e-06  -9.3127743246663423e-19
 -2   -2.6239063521781371e-07  +2.4102662209626006e-18
 -1   -1.5458396973490570e-03  -2.1684043449710090e-20
 +0   +1.0000013996924038e+00  +0.0000000000000000e+00
 +1   -1.5458396973490570e-03  +2.1684043449710090e-20
 +2   -2.6239063521781371e-07  -2.4102662209626006e-18
 +3   -2.3641035455934897e-06  +9.3127743246663423e-19
 +4   -2.3738179134211179e-10  -3.2315971569802603e-18
 +5   -9.1734209465165901e-09  -5.3042786932210456e-18
 +6   +1.8812920041614939e-12  +8.6224364168613234e-19
 +7   -4.6871563469525946e-11  +1.6531801257903102e-18
 +8   +2.8035888204615245e-14  +2.9783154117497842e-18
 +9   -2.7380328506152172e-13  +1.7089301072976827e-18
+10   +2.7477156051831336e-16  -8.8127334887437568e-18
+11   -1.8785567886796792e-15  -2.8928996660566578e-18
+12   -6.0446842496645643e-17  +1.0144116889690670e-18
+13   +4.8656891016070568e-17  +1.4955695197161587e-18
+14   -1.3629469329003491e-16  +1.3000623047147137e-18
+15   +4.1497145027630814e-17  -1.4162133472337324e-18
+16   -1.2739981520187655e-16  +2.4225904172432846e-18
+17   -4.6718759197003292e-17  -3.8911455861691388e-18
+18   -1.3007316190220200e-16  -3.9501878221688977e-18
+19   +2.3316442088519785e-16  +4.9685762110874109e-18
+20   -7.0048423470120434e-17  -2.9605947323337513e-17
+21   -2.4311354702346695e-17  +7.2530801890326996e-19
+22   +2.1557200664651182e-16  -4.5066575756260163e-20
+23   +1.4912667905984601e-17  +1.1020554212612280e-18
+24   -7.8559470385938844e-17  -3.0510781208233990e-18
+25   -3.6434137280742011e-17  +2.9719356614740179e-18
+26   +3.5975498392757811e-17  -1.4745735003307847e-18
+27   +9.7140599365591628e-18  -5.4008795952901321e-18
+28   -6.7206365034223424e-17  -3.8533050537978254e-18
+29   -3.3076910555331713e-17  +2.1853437958351244e-18
+30   +1.7562190266020464e-16  -1.7868769888726209e-17

