-30   -2.8169046263248999e-20  +1.5350162056205599e-20
-29   -4.6590922260518473e-20  +3.0266513512226487e-20
-28   -3.7013371827890923e-20  +5.0727224097397036e-21
-27   -1.5644771165885542e-22  +1.4313380521055261e-20
-26   -4.2915384757074661e-20  +3.5237655675519435e-20
-25   -4.0128960691017723e-20  +1.0731608499124787e-20
-24   +2.0361677817735489e-20  -3.4139539574702136e-21
-23   +3.6927568296676685e-21  -3.3640749109234801e-20
-22   -3.4351819126328515e-20  -3.2971692385058227e-20
-21   -1.5860973897640531e-20  -3.4151335243943357e-21
-20   +5.6299129278502978e-21  -4.0088526571474790e-21
-19   -2.5820917935136062e-20  -3.1018065703127401e-20
-18   +5.0855249288271546e-20  -3.2624377430080732e-20
-17   -3.5524306735780430e-20  +1.2915749154733277e-19
-16   -4.3398053195368251e-20  -9.1639790340125957e-20
-15   +2.5475078405998597e-20  -4.9175181719415258e-20
-14   -7.8964775766540787e-20  -3.8081750672634370e-20
-13   +4.1458125911307466e-20  -1.1507826349605603e-17
-12   -1.9110235113438234e-20  +2.5312789469238745e-18
-11   +7.6345101769797954e-20  -1.7265434457218661e-15
-10   -7.8349263407369914e-21  +2.8028967299865956e-16
 -9   +2.2049011606434814e-20  -2.7339481438769862e-13
 -8   -3.1693928057249677e-21  +2.7932867020060710e-14
 -7   +4.6925026535824655e-20  -4.6833243696791880e-11
 -6   -4.1957211672044794e-21  +1.9022264900236247e-12
 -5   +3.8970133018598240e-20  -9.1657900982216693e-09
 -4   +4.2513870034035174e-20  -2.2300734502009328e-10
 -3   +1.2442090977296159e-20  -2.3636209768458551e-06
 -2   +4.7848249015186112e-21  -2.3941380721288441e-07
 -1   -8.1741738626512039e-20  -1.5729622980657754e-03
 +0   +2.5354519554478724e-20  +0.0000000000000000e+00
 +1   -8.1741738626512039e-20  +1.5729622980657754e-03
 +2   +4.7848249015186112e-21  +2.3941380721288441e-07
 +3   +1.2442090977296159e-20  +2.3636209768458551e-06
 +4   +4.2513870034035174e-20  +2.2300734502009328e-10
 +5   +3.8970133018598240e-20  +9.1657900982216693e-09
 +6   -4.1957211672044794e-21  -1.9022264900236247e-12
 +7   +4.6925026535824655e-20  +4.6833243696791880e-11
 +8   -3.1693928057249677e-21  -2.7932867020060710e-14
 +9   +2.2049011606434814e-20  +2.7339481438769862e-13
+10   -7.8349263407369914e-21  -2.8028967299865956e-16
+11   +7.6345101769797954e-20  +1.7265434457218661e-15
+12   -1.9110235113438234e-20  -2.5312789469238745e-18
+13   +4.1458125911307466e-20  +1.1507826349605603e-17
+14   -7.8964775766540787e-20  +3.8081750672634370e-20
+15   +2.5475078405998597e-20  +4.9175181719415258e-20
+16   -4.3398053195368251e-20  +9.1639790340125957e-20
+17   -3.5524306735780430e-20  -1.2915749154733277e-19
+18   +5.0855249288271546e-20  +3.2624377430080732e-20
+19   -2.5820917935136062e-20  +3.1018065703127401e-20
+20   +5.6299129278502978e-21  +4.0088526571474790e-21
+21   -1.5860973897640531e-20  +3.4151335243943357e-21
+22   -3.4351819126328515e-20  +3.2971692385058227e-20
+23   +3.6927568296676685e-21  +3.3640749109234801e-20
+24   +2.0361677817735489e-20  +3.4139539574702136e-21
+25   -4.0128960691017723e-20  -1.0731608499124787e-20
+26   -4.2915384757074661e-20  -3.5237655675519435e-20
+27   -1.5644771165885542e-22  -1.4313380521055261e-20
+28   -3.7013371827890923e-20  -5.0727224097397036e-21
+29   -4.6590922260518473e-20  -3.0266513512226487e-20
+30   -2.8169046263248999e-20  -1.5350162056205599e-20

