-30   -1.5468733654442095e-16  +1.4802973661668812e-17
-29   +2.3467409879327809e-17  +3.0620306830684313e-18
-28   +5.2445016572466892e-17  -4.1540541874597273e-18
-27   -6.9883949179331652e-18  -2.5600467214429823e-18
-26   -3.4026444343480928e-17  -5.8397249657229640e-19
-25   +3.9554282024748494e-17  +3.3116548548617063e-18
-24   +8.5470999664628597e-17  +1.5629222725746990e-18
-23   -2.6684005248256619e-17  -2.7104640118349406e-18
-22   -2.2329549537889539e-16  -1.7959501974405405e-18
-21   +3.3505919200345841e-17  -5.1128969434414764e-19
-20   +6.2646936639286071e-17  -1.2819751242557097e-17
-19   -2.2898386825292146e-16  -3.4255804736039437e-18
-18   +1.3377227281977131e-16  +2.6285106913337924e-18
-17   +3.8007155315164748e-17  +2.8442077207374315e-18
-16   +1.2086674807489944e-16  +1.4885145343922927e-18
-15   -4.6167381761432900e-17  -1.4051341740165019e-17
-14   +1.3668921657463848e-16  +9.5865027152973605e-19
-13   -4.1146249758026264e-17  -1.3111302946156170e-18
-12   +6.9265266003658921e-17  -2.3406912929033912e-18
-11   +1.8808862714010319e-15  +1.0103345728994609e-19
-10   +1.4952085496739387e-15  -1.0110619036695832e-17
 -9   +2.7509215638174252e-13  -8.8192764938376405e-19
 -8   +2.5700687812547705e-13  +2.5496358151580817e-18
 -7   +4.7104216747990207e-11  -5.4201691479931123e-19
 -6   +4.9526050221812750e-11  +1.0830410671375995e-18
 -5   +9.2194131342126822e-09  +3.8589542255678920e-18
 -4   +1.1308724592191272e-08  -2.7290659303797225e-18
 -3   +2.3747325658447588e-06  -2.4368784962111531e-19
 -2   +3.8927069237439192e-06  -2.0998405571947203e-18
 -1   +1.5458411585980391e-03  +3.2887465898726967e-19
 +0   +1.0000009053507246e+00  +0.0000000000000000e+00
 +1   +1.5458411585980391e-03  -3.2887465898726967e-19
 +2   +3.8927069237439192e-06  +2.0998405571947203e-18
 +3   +2.3747325658447588e-06  +2.4368784962111531e-19
 +4   +1.1308724592191272e-08  +2.7290659303797225e-18
 +5   +9.2194131342126822e-09  -3.8589542255678920e-18
 +6   +4.9526050221812750e-11  -1.0830410671375995e-18
 +7   +4.7104216747990207e-11  +5.4201691479931123e-19
 +8   +2.5700687812547705e-13  -2.5496358151580817e-18
 +9   +2.7509215638174252e-13  +8.8192764938376405e-19
+10   +1.4952085496739387e-15  +1.0110619036695832e-17
+11   +1.8808862714010319e-15  -1.0103345728994609e-19
+12   +6.9265266003658921e-17  +2.3406912929033912e-18
+13   -4.1146249758026264e-17  +1.3111302946156170e-18
+14   +1.3668921657463848e-16  -9.5865027152973605e-19
+15   -4.6167381761432900e-17  +1.4051341740165019e-17
+16   +1.2086674807489944e-16  -1.4885145343922927e-18
+17   +3.8007155315164748e-17  -2.8442077207374315e-18
+18   +1.3377227281977131e-16  -2.6285106913337924e-18
+19   -2.2898386825292146e-16  +3.4255804736039437e-18
+20   +6.2646936639286071e-17  +1.2819751242557097e-17
+21   +3.3505919200345841e-17  +5.1128969434414764e-19
+22   -2.2329549537889539e-16  +1.7959501974405405e-18
+23   -2.6684005248256619e-17  +2.7104640118349406e-18
+24   +8.5470999664628597e-17  -1.5629222725746990e-18
+25   +3.9554282024748494e-17  -3.3116548548617063e-18
+26   -3.4026444343480928e-17  +5.8397249657229640e-19
+27   -6.9883949179331652e-18  +2.5600467214429823e-18
+28   +5.2445016572466892e-17  +4.1540541874597273e-18
+29   +2.3467409879327809e-17  -3.0620306830684313e-18
+30   -1.5468733654442095e-16  -1.4802973661668812e-17

