-30   -2.3102411417497273e-17  -8.2994377557834463e-18
-29   -6.3802270171622699e-17  +1.0138679445633205e-17
-28   -3.2358504127981324e-17  +7.6729949257545783e-19
-27   -1.9218442743942910e-17  -6.1459759747931119e-18
-26   -2.1792173946529425e-17  -3.3940722078651025e-18
-25   +3.0468584565877778e-17  -5.3845086700068355e-19
-24   -9.4661382200406261e-17  -3.8699580864613952e-19
-23   -6.2108502035101057e-17  -7.5010649361223883e-18
-22   -4.5768406062403373e-17  -6.5233183753737112e-18
-21   +2.2498018132291370e-16  +1.9384232076697922e-18
-20   +1.0308941278606902e-16  +1.2819751242557086e-17
-19   +1.3503364565360110e-16  +4.1224376034434049e-19
-18   +2.1699577894338925e-16  -7.8987377235007731e-18
-17   -9.8230490442396209e-17  -1.2473649233249026e-18
-16   +8.6414347242463207e-16  -6.6287169640293974e-18
-15   -3.9904161941382394e-15  +6.8380805548580045e-18
-14   +1.6700844405115482e-14  +3.1358135861673513e-18
-13   -7.1363720915005580e-14  -9.5090642976715492e-18
-12   +3.1615722988262582e-13  +2.0240148992117863e-18
-11   -1.2603470198909742e-12  +1.8240419733163230e-18
-10   +6.2680554594417417e-12  -1.4429122658310312e-17
 -9   -6.4899761502706989e-12  +5.1991994137643308e-18
 -8   +1.3178308961258086e-10  -5.9210008566602555e-18
 -7   +3.1681063624649040e-09  -7.1182845301490535e-18
 -6   +3.0406605977708867e-09  +1.8112560452575857e-18
 -5   +7.2913409445000493e-07  +6.0800413177347839e-18
 -4   +1.1321042619917150e-07  -2.7856818034143999e-18
 -3   +1.9161824172956777e-04  -1.5685982900731215e-18
 -2   +2.6126676203878777e-05  +9.0721808254832172e-18
 -1   +1.2567469553171914e-01  -7.8296491996277658e-18
 +0   +1.0000853556033402e+00  +0.0000000000000000e+00
 +1   +1.2567469553171914e-01  +7.8296491996277658e-18
 +2   +2.6126676203878777e-05  -9.0721808254832172e-18
 +3   +1.9161824172956777e-04  +1.5685982900731215e-18
 +4   +1.1321042619917150e-07  +2.7856818034143999e-18
 +5   +7.2913409445000493e-07  -6.0800413177347839e-18
 +6   +3.0406605977708867e-09  -1.8112560452575857e-18
 +7   +3.1681063624649040e-09  +7.1182845301490535e-18
 +8   +1.3178308961258086e-10  +5.9210008566602555e-18
 +9   -6.4899761502706989e-12  -5.1991994137643308e-18
+10   +6.2680554594417417e-12  +1.4429122658310312e-17
+11   -1.2603470198909742e-12  -1.8240419733163230e-18
+12   +3.1615722988262582e-13  -2.0240148992117863e-18
+13   -7.1363720915005580e-14  +9.5090642976715492e-18
+14   +1.6700844405115482e-14  -3.1358135861673513e-18
+15   -3.9904161941382394e-15  -6.8380805548580045e-18
+16   +8.6414347242463207e-16  +6.6287169640293974e-18
+17   -9.8230490442396209e-17  +1.2473649233249026e-18
+18   +2.1699577894338925e-16  +7.8987377235007731e-18
+19   +1.3503364565360110e-16  -4.1224376034434049e-19
+20   +1.0308941278606902e-16  -1.2819751242557086e-17
+21   +2.2498018132291370e-16  -1.9384232076697922e-18
+22   -4.5768406062403373e-17  +6.5233183753737112e-18
+23   -6.2108502035101057e-17  +7.5010649361223883e-18
+24   -9.4661382200406261e-17  +3.8699580864613952e-19
+25   +3.0468584565877778e-17  +5.3845086700068355e-19
+26   -2.1792173946529425e-17  +3.3940722078651025e-18
+27   -1.9218442743942910e-17  +6.1459759747931119e-18
+28   -3.2358504127981324e-17  -7.6729949257545783e-19
+29   -6.3802270171622699e-17  -1.0138679445633205e-17
+30   -2.3102411417497273e-17  +8.2994377557834463e-18

