-30   +8.5352448393497449e-18  -1.5415264049917723e-17
-29   -4.5234474740066457e-18  +1.3126501031362559e-17
-28   +9.0739126030840090e-18  -1.5879719701102353e-17
-27   -5.5082559986858934e-18  +1.7233011805013763e-17
-26   +7.4929081930107968e-18  -1.9461078728543436e-17
-25   -4.0449066263445194e-18  +1.6552107519139419e-17
-24   +7.6463727313017411e-18  -1.9124285270550339e-17
-23   -5.9322332758868060e-18  +2.1702956606312232e-17
-22   +7.9324588550137828e-18  -1.9992092227926685e-17
-21   -3.6021835516180829e-18  +2.7992196605887194e-17
-20   +4.4569859069084422e-18  -2.5922858436868068e-17
-19   -4.8955370791614772e-18  +3.3580739175282252e-17
-18   +9.1721765639681972e-19  -7.0147413815439365e-17
-17   -3.9217479574050611e-18  +2.2084396680566973e-16
-16   +6.6590474633095343e-18  -8.7312090241479130e-16
-15   -8.2726023522372402e-18  +3.6508912868455671e-15
-14   +1.2555471138134163e-17  -1.5512315662791247e-14
-13   -1.1302143972443697e-17  +6.7730121632147618e-14
-12   +8.4056870913645482e-18  -2.9074016358564312e-13
-11   -9.1620957339455298e-18  +1.4179241933143338e-12
-10   +7.8228024807199229e-18  -5.7123912787958490e-12
 -9   -1.2988660350140138e-17  +4.7958006523143413e-11
 -8   +7.2854122457524219e-18  -1.2087323976206951e-10
 -7   -1.0019061585440661e-17  +4.3676274949993402e-09
 -6   +8.8462725845252650e-18  -2.8853342556664499e-09
 -5   -9.0522022849632917e-18  +7.5908774626130160e-07
 -4   +5.1713614475048516e-18  -5.7515453408090612e-08
 -3   -6.6943385980689039e-18  +1.9261429118595718e-04
 -2   +4.2480565310357750e-18  +1.6042839844640016e-05
 -1   +6.1919242490846086e-19  +1.2788395302499347e-01
 +0   +6.2703025642078342e-18  +0.0000000000000000e+00
 +1   +6.1919242490846086e-19  -1.2788395302499347e-01
 +2   +4.2480565310357750e-18  -1.6042839844640016e-05
 +3   -6.6943385980689039e-18  -1.9261429118595718e-04
 +4   +5.1713614475048516e-18  +5.7515453408090612e-08
 +5   -9.0522022849632917e-18  -7.5908774626130160e-07
 +6   +8.8462725845252650e-18  +2.8853342556664499e-09
 +7   -1.0019061585440661e-17  -4.3676274949993402e-09
 +8   +7.2854122457524219e-18  +1.2087323976206951e-10
 +9   -1.2988660350140138e-17  -4.7958006523143413e-11
+10   +7.8228024807199229e-18  +5.7123912787958490e-12
+11   -9.1620957339455298e-18  -1.4179241933143338e-12
+12   +8.4056870913645482e-18  +2.9074016358564312e-13
+13   -1.1302143972443697e-17  -6.7730121632147618e-14
+14   +1.2555471138134163e-17  +1.5512315662791247e-14
+15   -8.2726023522372402e-18  -3.6508912868455671e-15
+16   +6.6590474633095343e-18  +8.7312090241479130e-16
+17   -3.9217479574050611e-18  -2.2084396680566973e-16
+18   +9.1721765639681972e-19  +7.0147413815439365e-17
+19   -4.8955370791614772e-18  -3.3580739175282252e-17
+20   +4.4569859069084422e-18  +2.5922858436868068e-17
+21   -3.6021835516180829e-18  -2.7992196605887194e-17
+22   +7.9324588550137828e-18  +1.9992092227926685e-17
+23   -5.9322332758868060e-18  -2.1702956606312232e-17
+24   +7.6463727313017411e-18  +1.9124285270550339e-17
+25   -4.0449066263445194e-18  -1.6552107519139419e-17
+26   +7.4929081930107968e-18  +1.9461078728543436e-17
+27   -5.5082559986858934e-18  -1.7233011805013763e-17
+28   +9.0739126030840090e-18  +1.5879719701102353e-17
+29   -4.5234474740066457e-18  -1.3126501031362559e-17
+30   +8.5352448393497449e-18  +1.5415264049917723e-17

