-30   +1.3533085916669915e-17  +1.0467286472276816e-17
-29   +5.6087134156042696e-17  -5.7175680494344499e-18
-28   +1.7177306069790440e-17  -3.9055325592942508e-18
-27   -1.3668732386214881e-17  +2.6174917488343073e-18
-26   +1.0069496118998594e-16  -2.9855402261239480e-18
-25   -3.1530046404405725e-16  +1.2138544216811288e-17
-24   +1.0820751125592219e-15  -4.4951853515551875e-19
-23   -3.8548479121586898e-15  -2.6921613980647108e-19
-22   +1.5309326466399986e-14  +6.8276816083113565e-18
-21   -6.0277751484803700e-14  +1.2254529133201798e-18
-20   +2.3718412397094316e-13  -2.0194839173657903e-29
-19   -9.3833945302604691e-13  +3.9317730387979899e-18
-18   +3.7156662593898711e-12  +1.5527372598610005e-18
-17   -1.4738046508555515e-11  -9.3124067680965362e-18
-16   +5.8553017199393526e-11  +6.8991821145765473e-18
-15   -2.3306406864306697e-10  -5.8164118496050285e-18
-14   +9.2966482472910069e-10  -2.0444912983698174e-18
-13   -3.7173637462076466e-09  +9.8325770041054818e-18
-12   +1.4906167994025882e-08  -6.1371287578068646e-18
-11   -5.9968815968017790e-08  +2.0430540720555065e-18
-10   +2.4220106547872453e-07  +3.8312817805009169e-18
 -9   -9.8279069003571561e-07  -3.9191676404267517e-18
 -8   +4.0108392790281313e-06  +3.6074975068934055e-18
 -7   -1.6486828350513028e-05  +4.3649601164693074e-18
 -6   +6.8397493242536444e-05  -2.6355968219006522e-18
 -5   -2.8733303648276903e-04  -5.5601501412298284e-18
 -4   +1.2275282212949388e-03  +2.9853649602535280e-18
 -3   -5.3939723147946933e-03  +9.2913991617170867e-18
 -2   +2.4585900264735172e-02  -1.4914794429675236e-17
 -1   -1.2864451376667879e-01  +1.4734112545401235e-17
 +0   +1.0157182692660869e+00  +0.0000000000000000e+00
 +1   -1.2864451376667879e-01  -1.4734112545401235e-17
 +2   +2.4585900264735172e-02  +1.4914794429675236e-17
 +3   -5.3939723147946933e-03  -9.2913991617170867e-18
 +4   +1.2275282212949388e-03  -2.9853649602535280e-18
 +5   -2.8733303648276903e-04  +5.5601501412298284e-18
 +6   +6.8397493242536444e-05  +2.6355968219006522e-18
 +7   -1.6486828350513028e-05  -4.3649601164693074e-18
 +8   +4.0108392790281313e-06  -3.6074975068934055e-18
 +9   -9.8279069003571561e-07  +3.9191676404267517e-18
+10   +2.4220106547872453e-07  -3.8312817805009169e-18
+11   -5.9968815968017790e-08  -2.0430540720555065e-18
+12   +1.4906167994025882e-08  +6.1371287578068646e-18
+13   -3.7173637462076466e-09  -9.8325770041054818e-18
+14   +9.2966482472910069e-10  +2.0444912983698174e-18
+15   -2.3306406864306697e-10  +5.8164118496050285e-18
+16   +5.8553017199393526e-11  -6.8991821145765473e-18
+17   -1.4738046508555515e-11  +9.3124067680965362e-18
+18   +3.7156662593898711e-12  -1.5527372598610005e-18
+19   -9.3833945302604691e-13  -3.9317730387979899e-18
+20   +2.3718412397094316e-13  +2.0194839173657903e-29
+21   -6.0277751484803700e-14  -1.2254529133201798e-18
+22   +1.5309326466399986e-14  -6.8276816083113565e-18
+23   -3.8548479121586898e-15  +2.6921613980647108e-19
+24   +1.0820751125592219e-15  +4.4951853515551875e-19
+25   -3.1530046404405725e-16  -1.2138544216811288e-17
+26   +1.0069496118998594e-16  +2.9855402261239480e-18
+27   -1.3668732386214881e-17  -2.6174917488343073e-18
+28   +1.7177306069790440e-17  +3.9055325592942508e-18
+29   +5.6087134156042696e-17  +5.7175680494344499e-18
+30   +1.3533085916669915e-17  -1.0467286472276816e-17

