-30   -1.7868769888726264e-17  +4.3356906037763623e-18
-29   -6.7611699795716819e-17  +1.8878743805780052e-18
-28   -2.5975653293054005e-17  +1.5037527682416623e-18
-27   -1.4435402185955721e-17  -5.4932161999056473e-18
-26   -1.8487992467645567e-17  +1.7577902523551101e-18
-25   +3.1069680497773272e-17  -4.4550024814100738e-18
-24   -9.1186616131937772e-17  -2.0752971117991424e-18
-23   -6.4122943062271119e-17  +1.7591092258447049e-18
-22   -4.4035154521966987e-17  +4.0596124426928037e-19
-21   +2.3466803294836688e-16  -1.2580225516492520e-18
-20   +9.7671148374346293e-17  +1.8238015654279803e-17
-19   +1.4888013189761279e-16  -5.2996787879961145e-18
-18   +1.6205244169417725e-16  -1.6508495987761126e-18
-17   +1.1514531300943125e-16  +5.5387243339731669e-18
-16   -4.6496381453725858e-17  -1.0450900736330786e-17
-15   -1.2300909988209842e-16  -8.2037050394691928e-18
-14   +2.3090553161541697e-17  +1.6614552793548367e-18
-13   +8.9246082712731367e-16  -8.3520364050936188e-18
-12   -1.4884287905475649e-16  -2.9223938281879462e-18
-11   +1.4051006444959340e-13  +5.6152221484905500e-18
-10   -2.2762141217866846e-14  +2.5219954799371488e-19
 -9   +2.2243509321230891e-11  +3.5000319361107042e-18
 -8   -2.2687097078636294e-12  -8.2157536302249789e-18
 -7   +3.8106769179260070e-09  -5.6819188725077731e-18
 -6   -1.5296030220569770e-10  -9.0296513558732706e-19
 -5   +7.4580451722866660e-07  +2.2569934033419681e-18
 -4   +1.9299281688118068e-08  -5.2520628580666879e-18
 -3   +1.9220300598156721e-04  -1.3539570364966527e-18
 -2   +2.1332512678329967e-05  -1.3133497144071390e-18
 -1   +1.2567767480239056e-01  -1.8909805445076078e-18
 +0   +9.9988620418516594e-01  +0.0000000000000000e+00
 +1   +1.2567767480239056e-01  +1.8909805445076078e-18
 +2   +2.1332512678329967e-05  +1.3133497144071390e-18
 +3   +1.9220300598156721e-04  +1.3539570364966527e-18
 +4   +1.9299281688118068e-08  +5.2520628580666879e-18
 +5   +7.4580451722866660e-07  -2.2569934033419681e-18
 +6   -1.5296030220569770e-10  +9.0296513558732706e-19
 +7   +3.8106769179260070e-09  +5.6819188725077731e-18
 +8   -2.2687097078636294e-12  +8.2157536302249789e-18
 +9   +2.2243509321230891e-11  -3.5000319361107042e-18
+10   -2.2762141217866846e-14  -2.5219954799371488e-19
+11   +1.4051006444959340e-13  -5.6152221484905500e-18
+12   -1.4884287905475649e-16  +2.9223938281879462e-18
+13   +8.9246082712731367e-16  +8.3520364050936188e-18
+14   +2.3090553161541697e-17  -1.6614552793548367e-18
+15   -1.2300909988209842e-16  +8.2037050394691928e-18
+16   -4.6496381453725858e-17  +1.0450900736330786e-17
+17   +1.1514531300943125e-16  -5.5387243339731669e-18
+18   +1.6205244169417725e-16  +1.6508495987761126e-18
+19   +1.4888013189761279e-16  +5.2996787879961145e-18
+20   +9.7671148374346293e-17  -1.8238015654279803e-17
+21   +2.3466803294836688e-16  +1.2580225516492520e-18
+22   -4.4035154521966987e-17  -4.0596124426928037e-19
+23   -6.4122943062271119e-17  -1.7591092258447049e-18
+24   -9.1186616131937772e-17  +2.0752971117991424e-18
+25   +3.1069680497773272e-17  +4.4550024814100738e-18
+26   -1.8487992467645567e-17  -1.7577902523551101e-18
+27   -1.4435402185955721e-17  +5.4932161999056473e-18
+28   -2.5975653293054005e-17  -1.5037527682416623e-18
+29   -6.7611699795716819e-17  -1.8878743805780052e-18
+30   -1.7868769888726264e-17  -4.3356906037763623e-18

