-30   +2.5311827466663586e-18  -8.9549793097241783e-19
-29   +2.3044512379578001e-18  -2.9829120801863564e-18
-28   +3.5770695785304547e-18  +3.0611101805360773e-20
-27   +7.4985184828157067e-21  +1.6464731768747915e-19
-26   +1.5548856568590224e-18  -2.5973283495621196e-18
-25   +2.5173082324507826e-18  -1.3784896412155585e-18
-24   +7.6852012501809102e-19  +3.6038764526789803e-18
-23   -5.3373999110757375e-19  +2.0280359858274079e-18
-22   +1.3408274475213731e-18  +1.6604457934522870e-18
-21   +2.6034728663436818e-18  -1.1288885801954379e-18
-20   -1.0247728117487770e-18  +1.9189433607771747e-19
-19   +2.6494271011688810e-18  -1.2546168276127459e-18
-18   -4.1404862899636987e-18  +2.0072700312615482e-18
-17   +1.5008541776270319e-18  -9.6591642762749949e-18
-16   +2.7367524918189035e-18  +5.8166345033359068e-18
-15   -2.0351798806567684e-18  +3.8732274741129462e-18
-14   +4.9775668385915511e-18  +3.6972646475763187e-18
-13   -4.0748637970797944e-18  +9.3339458909104738e-16
-12   +1.0370870631229325e-18  -2.0477509495987532e-16
-11   -3.2602432391324548e-18  +1.4036815948394475e-13
-10   +1.2719102766880680e-18  -2.2788479056531952e-14
 -9   -5.7935329686272877e-18  +2.2227159451951145e-11
 -8   +1.3126857864995473e-18  -2.2709588170707246e-12
 -7   -3.8425891476637111e-18  +3.8075702017557210e-09
 -6   +4.1880643776112100e-18  -1.5465213116486798e-10
 -5   -2.4474522908360443e-18  +7.4518411530402538e-07
 -4   -3.7844603443163476e-18  +1.8130628053116353e-08
 -3   +2.0999636159034884e-19  +1.9216377286308123e-04
 -2   -1.3169499324249782e-18  +1.9464483062311067e-05
 -1   +7.5580863288156886e-18  +1.2788275816161676e-01
 +0   -1.2323764693918568e-18  +0.0000000000000000e+00
 +1   +7.5580863288156886e-18  -1.2788275816161676e-01
 +2   -1.3169499324249782e-18  -1.9464483062311067e-05
 +3   +2.0999636159034884e-19  -1.9216377286308123e-04
 +4   -3.7844603443163476e-18  -1.8130628053116353e-08
 +5   -2.4474522908360443e-18  -7.4518411530402538e-07
 +6   +4.1880643776112100e-18  +1.5465213116486798e-10
 +7   -3.8425891476637111e-18  -3.8075702017557210e-09
 +8   +1.3126857864995473e-18  +2.2709588170707246e-12
 +9   -5.7935329686272877e-18  -2.2227159451951145e-11
+10   +1.2719102766880680e-18  +2.2788479056531952e-14
+11   -3.2602432391324548e-18  -1.4036815948394475e-13
+12   +1.0370870631229325e-18  +2.0477509495987532e-16
+13   -4.0748637970797944e-18  -9.3339458909104738e-16
+14   +4.9775668385915511e-18  -3.6972646475763187e-18
+15   -2.0351798806567684e-18  -3.8732274741129462e-18
+16   +2.7367524918189035e-18  -5.8166345033359068e-18
+17   +1.5008541776270319e-18  +9.6591642762749949e-18
+18   -4.1404862899636987e-18  -2.0072700312615482e-18
+19   +2.6494271011688810e-18  +1.2546168276127459e-18
+20   -1.0247728117487770e-18  -1.9189433607771747e-19
+21   +2.6034728663436818e-18  +1.1288885801954379e-18
+22   +1.3408274475213731e-18  -1.6604457934522870e-18
+23   -5.3373999110757375e-19  -2.0280359858274079e-18
+24   +7.6852012501809102e-19  -3.6038764526789803e-18
+25   +2.5173082324507826e-18  +1.3784896412155585e-18
+26   +1.5548856568590224e-18  +2.5973283495621196e-18
+27   +7.4985184828157067e-21  -1.6464731768747915e-19
+28   +3.5770695785304547e-18  -3.0611101805360773e-20
+29   +2.3044512379578001e-18  +2.9829120801863564e-18
+30   +2.5311827466663586e-18  +8.9549793097241783e-19

