-30   +2.2204464561317645e-17  -7.4014822505379015e-18
-29   +4.4352150139291213e-17  -1.1851936497182074e-19
-28   +2.1475805005528972e-17  -1.5104190957465649e-18
-27   -1.5976326591171136e-17  +2.0552701764868797e-18
-26   +9.5232207075244963e-17  -9.3904104551970201e-18
-25   -3.1702058936690231e-16  +1.5053130948267852e-17
-24   +1.0792185101969073e-15  +8.1439607001069369e-18
-23   -3.8590750004640116e-15  -6.9812927517502821e-18
-22   +1.5386753368101809e-14  +1.8744893610672530e-19
-21   -6.0590939992039048e-14  -3.3977827004168719e-19
-20   +2.3839159097705266e-13  +1.4802973661648558e-17
-19   -9.4295905748691564e-13  -7.2874817156618662e-18
-18   +3.7330872699864573e-12  -1.6940410507344347e-18
-17   -1.4803658126063852e-11  -5.2453460330096935e-18
-16   +5.8799731486425187e-11  +5.7631113112955848e-18
-15   -2.3399055190689001e-10  +2.3872975005364636e-18
-14   +9.3313874962907501e-10  -3.3000550250690869e-18
-13   -3.7303683001754410e-09  +2.0990714227183450e-18
-12   +1.4954760829386660e-08  -2.0194097386810513e-18
-11   -6.0150011656723020e-08  +3.4061890391816326e-18
-10   +2.4287512530976679e-07  -1.0110633480028585e-17
 -9   -9.8529146039690678e-07  +1.3946966499972024e-18
 -8   +4.0200881420584066e-06  +5.7132010870673508e-18
 -7   -1.6520909349508807e-05  -8.0532707760152307e-18
 -6   +6.8522531709510058e-05  +2.3248385442852178e-18
 -5   -2.8778940401350472e-04  +6.8304736866586779e-18
 -4   +1.2291827133853659e-03  +5.7291763713489440e-19
 -3   -5.3999219418667133e-03  +2.5134353083037182e-18
 -2   +2.4606871343038975e-02  -3.8578460021857436e-18
 -1   -1.2870235994342649e-01  +3.2037199303562797e-18
 +0   +1.0159300945953162e+00  +0.0000000000000000e+00
 +1   -1.2870235994342649e-01  -3.2037199303562797e-18
 +2   +2.4606871343038975e-02  +3.8578460021857436e-18
 +3   -5.3999219418667133e-03  -2.5134353083037182e-18
 +4   +1.2291827133853659e-03  -5.7291763713489440e-19
 +5   -2.8778940401350472e-04  -6.8304736866586779e-18
 +6   +6.8522531709510058e-05  -2.3248385442852178e-18
 +7   -1.6520909349508807e-05  +8.0532707760152307e-18
 +8   +4.0200881420584066e-06  -5.7132010870673508e-18
 +9   -9.8529146039690678e-07  -1.3946966499972024e-18
+10   +2.4287512530976679e-07  +1.0110633480028585e-17
+11   -6.0150011656723020e-08  -3.4061890391816326e-18
+12   +1.4954760829386660e-08  +2.0194097386810513e-18
+13   -3.7303683001754410e-09  -2.0990714227183450e-18
+14   +9.3313874962907501e-10  +3.3000550250690869e-18
+15   -2.3399055190689001e-10  -2.3872975005364636e-18
+16   +5.8799731486425187e-11  -5.7631113112955848e-18
+17   -1.4803658126063852e-11  +5.2453460330096935e-18
+18   +3.7330872699864573e-12  +1.6940410507344347e-18
+19   -9.4295905748691564e-13  +7.2874817156618662e-18
+20   +2.3839159097705266e-13  -1.4802973661648558e-17
+21   -6.0590939992039048e-14  +3.3977827004168719e-19
+22   +1.5386753368101809e-14  -1.8744893610672530e-19
+23   -3.8590750004640116e-15  +6.9812927517502821e-18
+24   +1.0792185101969073e-15  -8.1439607001069369e-18
+25   -3.1702058936690231e-16  -1.5053130948267852e-17
+26   +9.5232207075244963e-17  +9.3904104551970201e-18
+27   -1.5976326591171136e-17  -2.0552701764868797e-18
+28   +2.1475805005528972e-17  +1.5104190957465649e-18
+29   +4.4352150139291213e-17  +1.1851936497182074e-19
+30   +2.2204464561317645e-17  +7.4014822505379015e-18

