-30   +2.1484604464361648e-15  -1.0048591735575573e-15
-29   +2.8399333364102024e-16  -8.7469876118505212e-17
-28   +1.5572547833491963e-16  +4.7531066682241040e-16
-27   +5.8768613883869212e-16  +6.1613904780143705e-17
-26   -1.2612206744722719e-16  +4.9788567298356639e-16
-25   -3.9375332843065415e-16  +3.0052767125304964e-16
-24   +3.0430879329866591e-17  +3.2205033429525066e-16
-23   -5.2506807781918833e-16  +2.3894701685392397e-16
-22   -1.5546880993320077e-16  +2.1397868569107168e-16
-21   +7.1382978370226548e-16  -8.9249993421215024e-17
-20   +0.0000000000000000e+00  +0.0000000000000000e+00
-19   -5.2991247932448264e-16  -8.2031021263387499e-17
-18   +5.9963428049035632e-17  +6.5479555903260885e-17
-17   -1.6685184845909135e-16  -6.3533696640274062e-17
-16   +4.7125024961666642e-16  +3.1622115221919858e-16
-15   -4.5996064019462694e-15  -3.4699961594676151e-16
-14   +1.6721133566581720e-14  +1.6379966021258106e-16
-13   -7.2619340963586089e-14  -8.4449038253200137e-17
-12   +3.1613748586836940e-13  -2.9352006289463628e-18
-11   -1.4009968207794218e-12  +4.8290293637411708e-17
-10   +6.2912358027574487e-12  +1.2306961192853490e-15
 -9   -2.8733147292990221e-11  +2.9406261934797985e-16
 -8   +1.3405235509429023e-10  -3.7516045888950895e-16
 -7   -6.4257121122968742e-10  -1.1292586155187752e-16
 -6   +3.1936209703588371e-09  +1.2099783530415101e-16
 -5   -1.6670423419468012e-08  -2.2634443445054377e-16
 -4   +9.3911144232530574e-08  +1.8620092036616695e-16
 -3   -5.8476425189362221e-07  -1.9128296584846004e-16
 -2   +4.7941635254616867e-06  -1.3965707710157085e-16
 -1   -2.9792706709349119e-06  +2.2562781193110510e-16
 +0   -9.8890147113760349e+01  +0.0000000000000000e+00
 +1   -2.9792706709349119e-06  -2.2562781193110510e-16
 +2   +4.7941635254616867e-06  +1.3965707710157085e-16
 +3   -5.8476425189362221e-07  +1.9128296584846004e-16
 +4   +9.3911144232530574e-08  -1.8620092036616695e-16
 +5   -1.6670423419468012e-08  +2.2634443445054377e-16
 +6   +3.1936209703588371e-09  -1.2099783530415101e-16
 +7   -6.4257121122968742e-10  +1.1292586155187752e-16
 +8   +1.3405235509429023e-10  +3.7516045888950895e-16
 +9   -2.8733147292990221e-11  -2.9406261934797985e-16
+10   +6.2912358027574487e-12  -1.2306961192853490e-15
+11   -1.4009968207794218e-12  -4.8290293637411708e-17
+12   +3.1613748586836940e-13  +2.9352006289463628e-18
+13   -7.2619340963586089e-14  +8.4449038253200137e-17
+14   +1.6721133566581720e-14  -1.6379966021258106e-16
+15   -4.5996064019462694e-15  +3.4699961594676151e-16
+16   +4.7125024961666642e-16  -3.1622115221919858e-16
+17   -1.6685184845909135e-16  +6.3533696640274062e-17
+18   +5.9963428049035632e-17  -6.5479555903260885e-17
+19   -5.2991247932448264e-16  +8.2031021263387499e-17
+20   +0.0000000000000000e+00  -0.0000000000000000e+00
+21   +7.1382978370226548e-16  +8.9249993421215024e-17
+22   -1.5546880993320077e-16  -2.1397868569107168e-16
+23   -5.2506807781918833e-16  -2.3894701685392397e-16
+24   +3.0430879329866591e-17  -3.2205033429525066e-16
+25   -3.9375332843065415e-16  -3.0052767125304964e-16
+26   -1.2612206744722719e-16  -4.9788567298356639e-16
+27   +5.8768613883869212e-16  -6.1613904780143705e-17
+28   +1.5572547833491963e-16  -4.7531066682241040e-16
+29   +2.8399333364102024e-16  +8.7469876118505212e-17
+30   +2.1484604464361648e-15  +1.0048591735575573e-15

