-30   +6.1951142748544563e-18  -1.4952141129755693e-17
-29   -6.1954054427525334e-18  +1.5523448821223911e-17
-28   +6.1951784248523202e-18  -1.6134333456279662e-17
-27   -6.1956463694530813e-18  +1.6787152768799927e-17
-26   +6.1953901711419640e-18  -1.7489229636445374e-17
-25   -6.1955899348527016e-18  +1.8246614827648785e-17
-24   +6.1955256857851177e-18  -1.9069187835888363e-17
-23   -6.1958777879385095e-18  +1.9982327928039184e-17
-22   +6.1958365373766708e-18  -2.1064806787786953e-17
-21   -6.1960186447321025e-18  +2.2618755531286733e-17
-20   +6.1959402469149263e-18  -2.5859968058018775e-17
-19   -6.1961909948646287e-18  +3.5838710905950018e-17
-18   +6.1964303539993379e-18  -7.3723115312644965e-17
-17   -6.1970927228619446e-18  +2.2882719665941272e-16
-16   +6.1972273622007456e-18  -8.8034528255229789e-16
-15   -6.1976064685324101e-18  +3.6490340590323707e-15
-14   +6.1980504838098961e-18  -1.5514548844710007e-14
-13   -6.1990101933734364e-18  +6.6795957233163686e-14
-12   +6.1995970450700329e-18  -2.9053524387279207e-13
-11   -6.2005744016421908e-18  +1.2775546271235362e-12
-10   +6.2016294650836933e-18  -5.6896025082138398e-12
 -9   -6.2034148190870966e-18  +2.5730846345619766e-11
 -8   +6.2057972478852657e-18  -1.1860228059891943e-10
 -7   -6.2092566076084485e-18  +5.6005729304384697e-10
 -6   +6.2138705831528245e-18  -2.7306821201744510e-09
 -5   -6.2225865402819641e-18  +1.3903630955948730e-08
 -4   +6.2394256664331604e-18  -7.5646081463860591e-08
 -3   -6.2721729748488962e-18  +4.5051832287633742e-07
 -2   +6.3816839879186189e-18  -3.4216432176710728e-06
 -1   -6.8234593155150193e-18  +1.1948633767119718e-06
 +0   +7.1826393252989770e-18  +0.0000000000000000e+00
 +1   -6.8234593155150193e-18  -1.1948633767119718e-06
 +2   +6.3816839879186189e-18  +3.4216432176710728e-06
 +3   -6.2721729748488962e-18  -4.5051832287633742e-07
 +4   +6.2394256664331604e-18  +7.5646081463860591e-08
 +5   -6.2225865402819641e-18  -1.3903630955948730e-08
 +6   +6.2138705831528245e-18  +2.7306821201744510e-09
 +7   -6.2092566076084485e-18  -5.6005729304384697e-10
 +8   +6.2057972478852657e-18  +1.1860228059891943e-10
 +9   -6.2034148190870966e-18  -2.5730846345619766e-11
+10   +6.2016294650836933e-18  +5.6896025082138398e-12
+11   -6.2005744016421908e-18  -1.2775546271235362e-12
+12   +6.1995970450700329e-18  +2.9053524387279207e-13
+13   -6.1990101933734364e-18  -6.6795957233163686e-14
+14   +6.1980504838098961e-18  +1.5514548844710007e-14
+15   -6.1976064685324101e-18  -3.6490340590323707e-15
+16   +6.1972273622007456e-18  +8.8034528255229789e-16
+17   -6.1970927228619446e-18  -2.2882719665941272e-16
+18   +6.1964303539993379e-18  +7.3723115312644965e-17
+19   -6.1961909948646287e-18  -3.5838710905950018e-17
+20   +6.1959402469149263e-18  +2.5859968058018775e-17
+21   -6.1960186447321025e-18  -2.2618755531286733e-17
+22   +6.1958365373766708e-18  +2.1064806787786953e-17
+23   -6.1958777879385095e-18  -1.9982327928039184e-17
+24   +6.1955256857851177e-18  +1.9069187835888363e-17
+25   -6.1955899348527016e-18  -1.8246614827648785e-17
+26   +6.1953901711419640e-18  +1.7489229636445374e-17
+27   -6.1956463694530813e-18  -1.6787152768799927e-17
+28   +6.1951784248523202e-18  +1.6134333456279662e-17
+29   -6.1954054427525334e-18  -1.5523448821223911e-17
+30   +6.1951142748544563e-18  +1.4952141129755693e-17

