-30   -1.5653605617666895e-19  +9.8711940310795990e-20
-29   +1.0140277103454258e-19  +9.8461287921370805e-21
-28   -1.6928111266201546e-20  +4.1860092609280885e-20
-27   +9.3049804556004347e-20  +1.1625055558199135e-20
-26   +1.6712774898722531e-20  -3.8147427054090355e-21
-25   +1.4159374323410381e-20  +2.0257722677292484e-20
-24   -2.9563808784388608e-20  -2.2245535130694019e-20
-23   +3.8748140563436768e-20  +6.4910261916048803e-20
-22   -6.1331040386236737e-21  +3.0404621397602636e-20
-21   -2.1964037788042520e-20  +4.4174792068432745e-20
-20   +1.1564823173178714e-19  +0.0000000000000000e+00
-19   -6.7438310392807163e-20  +1.6699576516970717e-20
-18   -3.0490213780444071e-20  +5.8904181014897079e-20
-17   +1.0173192285390482e-19  +5.2586661550661438e-20
-16   +1.1145029052564379e-19  +5.6913067433406043e-21
-15   -6.0582065000780881e-19  -2.2826040228187143e-20
-14   +1.6982534649480452e-18  +7.2469238104575537e-23
-13   -7.4226561158353813e-18  -6.5821019346662795e-21
-12   +3.2294109513830197e-17  +1.2963628036191819e-20
-11   -1.4326441547313893e-16  -1.5013202801653806e-20
-10   +6.4334545986076844e-16  +4.3878040385236338e-20
 -9   -2.9382205997753704e-15  +1.1622996951352860e-20
 -8   +1.3707926295149328e-14  -1.0461605554884251e-20
 -7   -6.5707925472914634e-14  +2.2998865804676500e-20
 -6   +3.2657257349553180e-13  +4.1085042128556439e-21
 -5   -1.7046791898309638e-12  -2.4729470204662605e-20
 -4   +9.6031260003886871e-12  -2.2454407874805495e-20
 -3   -5.9796397334253447e-11  -1.0512331227969371e-20
 -2   +4.9023781688489806e-10  +2.6379754132129178e-20
 -1   -3.0465194656722872e-10  -9.0144861456902740e-21
 +0   +1.0112230886355485e-02  +0.0000000000000000e+00
 +1   -3.0465194656722872e-10  +9.0144861456902740e-21
 +2   +4.9023781688489806e-10  -2.6379754132129178e-20
 +3   -5.9796397334253447e-11  +1.0512331227969371e-20
 +4   +9.6031260003886871e-12  +2.2454407874805495e-20
 +5   -1.7046791898309638e-12  +2.4729470204662605e-20
 +6   +3.2657257349553180e-13  -4.1085042128556439e-21
 +7   -6.5707925472914634e-14  -2.2998865804676500e-20
 +8   +1.3707926295149328e-14  +1.0461605554884251e-20
 +9   -2.9382205997753704e-15  -1.1622996951352860e-20
+10   +6.4334545986076844e-16  -4.3878040385236338e-20
+11   -1.4326441547313893e-16  +1.5013202801653806e-20
+12   +3.2294109513830197e-17  -1.2963628036191819e-20
+13   -7.4226561158353813e-18  +6.5821019346662795e-21
+14   +1.6982534649480452e-18  -7.2469238104575537e-23
+15   -6.0582065000780881e-19  +2.2826040228187143e-20
+16   +1.1145029052564379e-19  -5.6913067433406043e-21
+17   +1.0173192285390482e-19  -5.2586661550661438e-20
+18   -3.0490213780444071e-20  -5.8904181014897079e-20
+19   -6.7438310392807163e-20  -1.6699576516970717e-20
+20   +1.1564823173178714e-19  -0.0000000000000000e+00
+21   -2.1964037788042520e-20  -4.4174792068432745e-20
+22   -6.1331040386236737e-21  -3.0404621397602636e-20
+23   +3.8748140563436768e-20  -6.4910261916048803e-20
+24   -2.9563808784388608e-20  +2.2245535130694019e-20
+25   +1.4159374323410381e-20  -2.0257722677292484e-20
+26   +1.6712774898722531e-20  +3.8147427054090355e-21
+27   +9.3049804556004347e-20  -1.1625055558199135e-20
+28   -1.6928111266201546e-20  -4.1860092609280885e-20
+29   +1.0140277103454258e-19  -9.8461287921370805e-21
+30   -1.5653605617666895e-19  -9.8711940310795990e-20

