-30   +1.4255778165103493e-17  +0.0000000000000000e+00
-29   -2.7689727689660549e-18  +0.0000000000000000e+00
-28   +8.8958311187455515e-18  +0.0000000000000000e+00
-27   +5.5229140825719191e-19  +0.0000000000000000e+00
-26   +1.4628736071713296e-17  +0.0000000000000000e+00
-25   -6.2556262693484368e-18  +0.0000000000000000e+00
-24   +1.0236694978456217e-18  +0.0000000000000000e+00
-23   -5.1029911483997680e-18  +0.0000000000000000e+00
-22   -9.9268732968090681e-18  +0.0000000000000000e+00
-21   -7.1469431716090470e-18  +0.0000000000000000e+00
-20   +1.7881738361671542e-17  +0.0000000000000000e+00
-19   -1.8700074614685373e-18  +0.0000000000000000e+00
-18   -2.7412190879281441e-18  +0.0000000000000000e+00
-17   -4.5849718838286396e-18  +0.0000000000000000e+00
-16   -2.4631315218918783e-17  +0.0000000000000000e+00
-15   -5.3884668589640818e-18  +0.0000000000000000e+00
-14   +8.0478530581681241e-18  +0.0000000000000000e+00
-13   -3.2854569080919697e-18  +0.0000000000000000e+00
-12   +1.2064494092848675e-17  +0.0000000000000000e+00
-11   -4.8932450694798324e-18  +0.0000000000000000e+00
-10   +3.8121500981551144e-17  +0.0000000000000000e+00
 -9   -4.2317993209519729e-17  +0.0000000000000000e+00
 -8   +6.9970912211947993e-15  +0.0000000000000000e+00
 -7   -6.0999104828622146e-15  +0.0000000000000000e+00
 -6   +1.2553360683045896e-12  +0.0000000000000000e+00
 -5   -1.0582768613778073e-12  +0.0000000000000000e+00
 -4   +2.7011078955876497e-10  +0.0000000000000000e+00
 -3   -2.1814678909575553e-10  +0.0000000000000000e+00
 -2   +8.8279881340518255e-08  +0.0000000000000000e+00
 -1   -2.3046885765777308e-10  +0.0000000000000000e+00
 +0   +1.0000000000000000e+00  +0.0000000000000000e+00
 +1   -2.3046885765777308e-10  +0.0000000000000000e+00
 +2   +8.8279881340518255e-08  +0.0000000000000000e+00
 +3   -2.1814678909575553e-10  +0.0000000000000000e+00
 +4   +2.7011078955876497e-10  +0.0000000000000000e+00
 +5   -1.0582768613778073e-12  +0.0000000000000000e+00
 +6   +1.2553360683045896e-12  +0.0000000000000000e+00
 +7   -6.0999104828622146e-15  +0.0000000000000000e+00
 +8   +6.9970912211947993e-15  +0.0000000000000000e+00
 +9   -4.2317993209519729e-17  +0.0000000000000000e+00
+10   +3.8121500981551144e-17  +0.0000000000000000e+00
+11   -4.8932450694798324e-18  +0.0000000000000000e+00
+12   +1.2064494092848675e-17  +0.0000000000000000e+00
+13   -3.2854569080919697e-18  +0.0000000000000000e+00
+14   +8.0478530581681241e-18  +0.0000000000000000e+00
+15   -5.3884668589640818e-18  +0.0000000000000000e+00
+16   -2.4631315218918783e-17  +0.0000000000000000e+00
+17   -4.5849718838286396e-18  +0.0000000000000000e+00
+18   -2.7412190879281441e-18  +0.0000000000000000e+00
+19   -1.8700074614685373e-18  +0.0000000000000000e+00
+20   +1.7881738361671542e-17  +0.0000000000000000e+00
+21   -7.1469431716090470e-18  +0.0000000000000000e+00
+22   -9.9268732968090681e-18  +0.0000000000000000e+00
+23   -5.1029911483997680e-18  +0.0000000000000000e+00
+24   +1.0236694978456217e-18  +0.0000000000000000e+00
+25   -6.2556262693484368e-18  +0.0000000000000000e+00
+26   +1.4628736071713296e-17  +0.0000000000000000e+00
+27   +5.5229140825719191e-19  +0.0000000000000000e+00
+28   +8.8958311187455515e-18  +0.0000000000000000e+00
+29   -2.7689727689660549e-18  +0.0000000000000000e+00
+30   +1.4255778165103493e-17  +0.0000000000000000e+00

