+0 +0.0000000000000000e+00
+1 +1.7601045686725412e-08
+2 -1.1913541648863646e-05
+3 +3.3475489275092201e-08
+4 -3.6214029276428066e-08
+5 +1.6068460548548677e-10
+6 -1.6809487427076666e-10
+7 +9.1912403141843781e-13
+8 -9.3220146806613433e-13
+9 +5.9146031817128613e-15
+10 -5.6263027368960337e-15
+11 -2.4357063436383954e-17
+12 -6.2815085106422538e-17
+13 +7.7714391469416467e-17
+14 +1.3240415046862337e-17
+15 +6.1559152588075261e-17
+16 +7.7711181915097276e-17
+17 +7.4644364842923145e-17
+18 -1.5241606599626397e-17
+19 +2.3208732073892387e-17
+20 -4.4140135828718997e-17
+21 +2.1175480999420386e-18
+22 +7.0881471950321510e-17
+23 -4.0705054333074622e-17
+24 -2.3307545513279985e-17
+25 +8.5852610797987055e-17
+26 +5.0783347716989120e-17
+27 -2.8284099883211191e-17
+28 -5.9889594465898418e-17
+29 -3.2616422936483485e-17
+30 -4.3956250899805774e-17
