-30   -1.4842678145707386e-22  +0.0000000000000000e+00
-29   -9.4849074649425927e-19  +0.0000000000000000e+00
-28   -3.7985703637677866e-18  +0.0000000000000000e+00
-27   +3.2223818737929378e-19  +0.0000000000000000e+00
-26   +4.8802664732989182e-19  +0.0000000000000000e+00
-25   -2.4016988526087349e-18  +0.0000000000000000e+00
-24   -1.5861333428409024e-20  +0.0000000000000000e+00
-23   -6.8979586544345152e-19  +0.0000000000000000e+00
-22   -3.1442440289735736e-18  +0.0000000000000000e+00
-21   -1.0143755425480287e-18  +0.0000000000000000e+00
-20   +4.1860483310178367e-18  +0.0000000000000000e+00
-19   +3.1150477283013258e-19  +0.0000000000000000e+00
-18   +1.7999392237661884e-18  +0.0000000000000000e+00
-17   +2.1124337137788323e-19  +0.0000000000000000e+00
-16   -1.9797383830938450e-17  +0.0000000000000000e+00
-15   -1.9294070064359829e-18  +0.0000000000000000e+00
-14   +3.9919676291547022e-18  +0.0000000000000000e+00
-13   -9.6698856707608546e-19  +0.0000000000000000e+00
-12   -7.8466147566380947e-20  +0.0000000000000000e+00
-11   +1.6975719373243185e-18  +0.0000000000000000e+00
-10   -1.1088567333589818e-17  +0.0000000000000000e+00
 -9   +6.6726130675638254e-19  +0.0000000000000000e+00
 -8   +1.3369907401355158e-17  +0.0000000000000000e+00
 -7   +2.1354832511880754e-18  +0.0000000000000000e+00
 -6   -2.3189487157568164e-16  +0.0000000000000000e+00
 -5   +2.8388354722047522e-16  +0.0000000000000000e+00
 -4   -1.1354159270468527e-13  +0.0000000000000000e+00
 -3   +1.6546844271626436e-13  +0.0000000000000000e+00
 -2   -1.5312700720520413e-10  +0.0000000000000000e+00
 -1   +1.6423507323314736e-12  +0.0000000000000000e+00
 +0   +9.9999998121856359e-01  +0.0000000000000000e+00
 +1   +1.6423507323314736e-12  +0.0000000000000000e+00
 +2   -1.5312700720520413e-10  +0.0000000000000000e+00
 +3   +1.6546844271626436e-13  +0.0000000000000000e+00
 +4   -1.1354159270468527e-13  +0.0000000000000000e+00
 +5   +2.8388354722047522e-16  +0.0000000000000000e+00
 +6   -2.3189487157568164e-16  +0.0000000000000000e+00
 +7   +2.1354832511880754e-18  +0.0000000000000000e+00
 +8   +1.3369907401355158e-17  +0.0000000000000000e+00
 +9   +6.6726130675638254e-19  +0.0000000000000000e+00
+10   -1.1088567333589818e-17  +0.0000000000000000e+00
+11   +1.6975719373243185e-18  +0.0000000000000000e+00
+12   -7.8466147566380947e-20  +0.0000000000000000e+00
+13   -9.6698856707608546e-19  +0.0000000000000000e+00
+14   +3.9919676291547022e-18  +0.0000000000000000e+00
+15   -1.9294070064359829e-18  +0.0000000000000000e+00
+16   -1.9797383830938450e-17  +0.0000000000000000e+00
+17   +2.1124337137788323e-19  +0.0000000000000000e+00
+18   +1.7999392237661884e-18  +0.0000000000000000e+00
+19   +3.1150477283013258e-19  +0.0000000000000000e+00
+20   +4.1860483310178367e-18  +0.0000000000000000e+00
+21   -1.0143755425480287e-18  +0.0000000000000000e+00
+22   -3.1442440289735736e-18  +0.0000000000000000e+00
+23   -6.8979586544345152e-19  +0.0000000000000000e+00
+24   -1.5861333428409024e-20  +0.0000000000000000e+00
+25   -2.4016988526087349e-18  +0.0000000000000000e+00
+26   +4.8802664732989182e-19  +0.0000000000000000e+00
+27   +3.2223818737929378e-19  +0.0000000000000000e+00
+28   -3.7985703637677866e-18  +0.0000000000000000e+00
+29   -9.4849074649425927e-19  +0.0000000000000000e+00
+30   -1.4842678145707386e-22  +0.0000000000000000e+00

