+0 +0.0000000000000000e+00
+1 -1.7561817831520351e-10
+2 +1.1886989691718268e-07
+3 -3.3400881713908551e-10
+4 +3.6133314678376984e-10
+5 -1.6032647008921980e-12
+6 +1.6772022396439833e-12
+7 -9.1707548468735566e-15
+8 +9.3012378593431140e-15
+9 -5.9014207702732486e-17
+10 +5.6137625824704188e-17
+11 +2.4302805903587049e-19
+12 +6.2675149655842193e-19
+13 -7.7541084564430423e-19
+14 -1.3210831636116357e-19
+15 -6.1422022404510198e-19
+16 -7.7537825355282340e-19
+17 -7.4478077902226159e-19
+18 +1.5207802097297862e-19
+19 -2.3156936068166007e-19
+20 +4.4041650549652877e-19
+21 -2.1128042727428382e-20
+22 -7.0723663462990935e-19
+23 +4.0614385253831919e-19
+24 +2.3255578358382759e-19
+25 -8.5661252189357159e-19
+26 -5.0670209298009617e-19
+27 +2.8220961710517486e-19
+28 +5.9756110648667255e-19
+29 +3.2543689690013576e-19
+30 +4.3858340615691854e-19
