-30   -2.2257300673809949e-20  +0.0000000000000000e+00
-29   +5.9526915370663840e-19  +0.0000000000000000e+00
-28   +1.0506624486448438e-18  +0.0000000000000000e+00
-27   +3.6205167677486667e-19  +0.0000000000000000e+00
-26   -1.9310301565653336e-18  +0.0000000000000000e+00
-25   -7.5367661500631344e-19  +0.0000000000000000e+00
-24   -5.2954266421221336e-19  +0.0000000000000000e+00
-23   +2.9526735499823879e-19  +0.0000000000000000e+00
-22   -4.1391950033111371e-19  +0.0000000000000000e+00
-21   -1.0465082222339489e-18  +0.0000000000000000e+00
-20   -4.1564708841539292e-18  +0.0000000000000000e+00
-19   -1.1342748663164803e-18  +0.0000000000000000e+00
-18   -2.1665356878385529e-19  +0.0000000000000000e+00
-17   -9.0635680127681913e-19  +0.0000000000000000e+00
-16   +4.5142996898674602e-19  +0.0000000000000000e+00
-15   +8.9134544092064725e-20  +0.0000000000000000e+00
-14   -1.6940479063906437e-18  +0.0000000000000000e+00
-13   -9.2715943627161664e-18  +0.0000000000000000e+00
-12   +3.6315127217575376e-18  +0.0000000000000000e+00
-11   -1.4066449430701786e-15  +0.0000000000000000e+00
-10   +2.2919856544656999e-16  +0.0000000000000000e+00
 -9   -2.2267874164450167e-13  +0.0000000000000000e+00
 -8   +2.2711289571161738e-14  +0.0000000000000000e+00
 -7   -3.8148600181627936e-11  +0.0000000000000000e+00
 -6   +1.5312795360408500e-12  +0.0000000000000000e+00
 -5   -7.4662321748858504e-09  +0.0000000000000000e+00
 -4   -1.9320467190393664e-10  +0.0000000000000000e+00
 -3   -1.9241399511354945e-06  +0.0000000000000000e+00
 -2   -2.1355930253546757e-07  +0.0000000000000000e+00
 -1   -1.2581563634663406e-03  +0.0000000000000000e+00
 +0   -9.9999582036910284e-01  +0.0000000000000000e+00
 +1   -1.2581563634663406e-03  +0.0000000000000000e+00
 +2   -2.1355930253546757e-07  +0.0000000000000000e+00
 +3   -1.9241399511354945e-06  +0.0000000000000000e+00
 +4   -1.9320467190393664e-10  +0.0000000000000000e+00
 +5   -7.4662321748858504e-09  +0.0000000000000000e+00
 +6   +1.5312795360408500e-12  +0.0000000000000000e+00
 +7   -3.8148600181627936e-11  +0.0000000000000000e+00
 +8   +2.2711289571161738e-14  +0.0000000000000000e+00
 +9   -2.2267874164450167e-13  +0.0000000000000000e+00
+10   +2.2919856544656999e-16  +0.0000000000000000e+00
+11   -1.4066449430701786e-15  +0.0000000000000000e+00
+12   +3.6315127217575376e-18  +0.0000000000000000e+00
+13   -9.2715943627161664e-18  +0.0000000000000000e+00
+14   -1.6940479063906437e-18  +0.0000000000000000e+00
+15   +8.9134544092064725e-20  +0.0000000000000000e+00
+16   +4.5142996898674602e-19  +0.0000000000000000e+00
+17   -9.0635680127681913e-19  +0.0000000000000000e+00
+18   -2.1665356878385529e-19  +0.0000000000000000e+00
+19   -1.1342748663164803e-18  +0.0000000000000000e+00
+20   -4.1564708841539292e-18  +0.0000000000000000e+00
+21   -1.0465082222339489e-18  +0.0000000000000000e+00
+22   -4.1391950033111371e-19  +0.0000000000000000e+00
+23   +2.9526735499823879e-19  +0.0000000000000000e+00
+24   -5.2954266421221336e-19  +0.0000000000000000e+00
+25   -7.5367661500631344e-19  +0.0000000000000000e+00
+26   -1.9310301565653336e-18  +0.0000000000000000e+00
+27   +3.6205167677486667e-19  +0.0000000000000000e+00
+28   +1.0506624486448438e-18  +0.0000000000000000e+00
+29   +5.9526915370663840e-19  +0.0000000000000000e+00
+30   -2.2257300673809949e-20  +0.0000000000000000e+00

