-30   +9.1751468288009344e-16  +0.0000000000000000e+00
-29   -1.2311278950090968e-16  +0.0000000000000000e+00
-28   +4.3795725902867278e-16  +0.0000000000000000e+00
-27   +4.1179606731206565e-17  +0.0000000000000000e+00
-26   +1.4403868169896049e-15  +0.0000000000000000e+00
-25   -6.9637555071166820e-17  +0.0000000000000000e+00
-24   -8.8597270734380900e-17  +0.0000000000000000e+00
-23   -2.3502367787680266e-16  +0.0000000000000000e+00
-22   -2.9734013389751446e-15  +0.0000000000000000e+00
-21   -2.4054523636914191e-16  +0.0000000000000000e+00
-20   +1.3967479208271241e-15  +0.0000000000000000e+00
-19   -8.3031803420047721e-17  +0.0000000000000000e+00
-18   +1.9271624696191939e-15  +0.0000000000000000e+00
-17   -3.4457858604168001e-16  +0.0000000000000000e+00
-16   -2.9514030702544274e-15  +0.0000000000000000e+00
-15   +4.3465488480354443e-17  +0.0000000000000000e+00
-14   +1.6695330271986644e-15  +0.0000000000000000e+00
-13   +2.0845306795950113e-17  +0.0000000000000000e+00
-12   +1.2416490249723596e-15  +0.0000000000000000e+00
-11   -6.8701143460625204e-16  +0.0000000000000000e+00
-10   +3.7155293238417060e-15  +0.0000000000000000e+00
 -9   -4.2809919154631314e-15  +0.0000000000000000e+00
 -8   +7.0116547288005619e-13  +0.0000000000000000e+00
 -7   -6.1161151244891495e-13  +0.0000000000000000e+00
 -6   +1.2585863338942606e-10  +0.0000000000000000e+00
 -5   -1.0612084998967850e-10  +0.0000000000000000e+00
 -4   +2.7094173920507146e-08  +0.0000000000000000e+00
 -3   -2.1896573795033016e-08  +0.0000000000000000e+00
 -2   +8.8784010152460364e-06  +0.0000000000000000e+00
 -1   -2.3427569394216103e-08  +0.0000000000000000e+00
 +0   +1.0022336990125709e+02  +0.0000000000000000e+00
 +1   -2.3427569394216103e-08  +0.0000000000000000e+00
 +2   +8.8784010152460364e-06  +0.0000000000000000e+00
 +3   -2.1896573795033016e-08  +0.0000000000000000e+00
 +4   +2.7094173920507146e-08  +0.0000000000000000e+00
 +5   -1.0612084998967850e-10  +0.0000000000000000e+00
 +6   +1.2585863338942606e-10  +0.0000000000000000e+00
 +7   -6.1161151244891495e-13  +0.0000000000000000e+00
 +8   +7.0116547288005619e-13  +0.0000000000000000e+00
 +9   -4.2809919154631314e-15  +0.0000000000000000e+00
+10   +3.7155293238417060e-15  +0.0000000000000000e+00
+11   -6.8701143460625204e-16  +0.0000000000000000e+00
+12   +1.2416490249723596e-15  +0.0000000000000000e+00
+13   +2.0845306795950113e-17  +0.0000000000000000e+00
+14   +1.6695330271986644e-15  +0.0000000000000000e+00
+15   +4.3465488480354443e-17  +0.0000000000000000e+00
+16   -2.9514030702544274e-15  +0.0000000000000000e+00
+17   -3.4457858604168001e-16  +0.0000000000000000e+00
+18   +1.9271624696191939e-15  +0.0000000000000000e+00
+19   -8.3031803420047721e-17  +0.0000000000000000e+00
+20   +1.3967479208271241e-15  +0.0000000000000000e+00
+21   -2.4054523636914191e-16  +0.0000000000000000e+00
+22   -2.9734013389751446e-15  +0.0000000000000000e+00
+23   -2.3502367787680266e-16  +0.0000000000000000e+00
+24   -8.8597270734380900e-17  +0.0000000000000000e+00
+25   -6.9637555071166820e-17  +0.0000000000000000e+00
+26   +1.4403868169896049e-15  +0.0000000000000000e+00
+27   +4.1179606731206565e-17  +0.0000000000000000e+00
+28   +4.3795725902867278e-16  +0.0000000000000000e+00
+29   -1.2311278950090968e-16  +0.0000000000000000e+00
+30   +9.1751468288009344e-16  +0.0000000000000000e+00

