+0 -9.9999582036910284e-01
+1 -2.5163127269326813e-03
+2 -4.2711860507093514e-07
+3 -3.8482799022709889e-06
+4 -3.8640934380787329e-10
+5 -1.4932464349771701e-08
+6 +3.0625590720817000e-12
+7 -7.6297200363255872e-11
+8 +4.5422579142323476e-14
+9 -4.4535748328900333e-13
+10 +4.5839713089313997e-16
+11 -2.8132898861403572e-15
+12 +7.2630254435150752e-18
+13 -1.8543188725432333e-17
+14 -3.3880958127812874e-18
+15 +1.7826908818412945e-19
+16 +9.0285993797349203e-19
+17 -1.8127136025536383e-18
+18 -4.3330713756771057e-19
+19 -2.2685497326329605e-18
+20 -8.3129417683078584e-18
+21 -2.0930164444678978e-18
+22 -8.2783900066222742e-19
+23 +5.9053470999647758e-19
+24 -1.0590853284244267e-18
+25 -1.5073532300126269e-18
+26 -3.8620603131306672e-18
+27 +7.2410335354973333e-19
+28 +2.1013248972896876e-18
+29 +1.1905383074132768e-18
+30 -4.4514601347619898e-20
