+0 +9.9999998121856359e-01
+1 +3.2847014646629472e-12
+2 -3.0625401441040825e-10
+3 +3.3093688543252872e-13
+4 -2.2708318540937055e-13
+5 +5.6776709444095043e-16
+6 -4.6378974315136327e-16
+7 +4.2709665023761508e-18
+8 +2.6739814802710316e-17
+9 +1.3345226135127651e-18
+10 -2.2177134667179635e-17
+11 +3.3951438746486369e-18
+12 -1.5693229513276189e-19
+13 -1.9339771341521709e-18
+14 +7.9839352583094044e-18
+15 -3.8588140128719658e-18
+16 -3.9594767661876900e-17
+17 +4.2248674275576645e-19
+18 +3.5998784475323767e-18
+19 +6.2300954566026515e-19
+20 +8.3720966620356735e-18
+21 -2.0287510850960575e-18
+22 -6.2884880579471473e-18
+23 -1.3795917308869030e-18
+24 -3.1722666856818049e-20
+25 -4.8033977052174697e-18
+26 +9.7605329465978363e-19
+27 +6.4447637475858757e-19
+28 -7.5971407275355733e-18
+29 -1.8969814929885185e-18
+30 -2.9685356291414772e-22
