-30   -2.5268707406056158e-18  +0.0000000000000000e+00
-29   -1.8015738894138006e-18  +0.0000000000000000e+00
-28   -3.8977871125708960e-18  +0.0000000000000000e+00
-27   +4.8269744157425823e-19  +0.0000000000000000e+00
-26   -1.2782525706167021e-18  +0.0000000000000000e+00
-25   -4.7350274437566128e-18  +0.0000000000000000e+00
-24   +2.9221480667056688e-18  +0.0000000000000000e+00
-23   -1.2870088505557411e-18  +0.0000000000000000e+00
-22   -2.3986840959499253e-18  +0.0000000000000000e+00
-21   -2.1908661229580068e-18  +0.0000000000000000e+00
-20   +7.9313345400625702e-19  +0.0000000000000000e+00
-19   +6.9454569719157432e-19  +0.0000000000000000e+00
-18   +3.9668493329237820e-19  +0.0000000000000000e+00
-17   +5.1219573276634669e-19  +0.0000000000000000e+00
-16   -7.4254346884842909e-18  +0.0000000000000000e+00
-15   -4.0211813417647349e-18  +0.0000000000000000e+00
-14   +3.7123468267839809e-18  +0.0000000000000000e+00
-13   -1.8593110011580738e-18  +0.0000000000000000e+00
-12   +2.0103095657999431e-18  +0.0000000000000000e+00
-11   +3.4819316050331541e-18  +0.0000000000000000e+00
-10   -1.3202469070249674e-17  +0.0000000000000000e+00
 -9   +1.1719869893413793e-18  +0.0000000000000000e+00
 -8   +6.1915442200204330e-18  +0.0000000000000000e+00
 -7   +4.3487247253382056e-18  +0.0000000000000000e+00
 -6   -4.5984712538479145e-16  +0.0000000000000000e+00
 -5   +5.6785091537473297e-16  +0.0000000000000000e+00
 -4   -2.2706750967907532e-13  +0.0000000000000000e+00
 -3   +3.3093672281272653e-13  +0.0000000000000000e+00
 -2   -3.0625404533164269e-10  +0.0000000000000000e+00
 -1   +3.2847015454734128e-12  +0.0000000000000000e+00
 +0   +9.9999996243712741e-01  +0.0000000000000000e+00
 +1   +3.2847015454734128e-12  +0.0000000000000000e+00
 +2   -3.0625404533164269e-10  +0.0000000000000000e+00
 +3   +3.3093672281272653e-13  +0.0000000000000000e+00
 +4   -2.2706750967907532e-13  +0.0000000000000000e+00
 +5   +5.6785091537473297e-16  +0.0000000000000000e+00
 +6   -4.5984712538479145e-16  +0.0000000000000000e+00
 +7   +4.3487247253382056e-18  +0.0000000000000000e+00
 +8   +6.1915442200204330e-18  +0.0000000000000000e+00
 +9   +1.1719869893413793e-18  +0.0000000000000000e+00
+10   -1.3202469070249674e-17  +0.0000000000000000e+00
+11   +3.4819316050331541e-18  +0.0000000000000000e+00
+12   +2.0103095657999431e-18  +0.0000000000000000e+00
+13   -1.8593110011580738e-18  +0.0000000000000000e+00
+14   +3.7123468267839809e-18  +0.0000000000000000e+00
+15   -4.0211813417647349e-18  +0.0000000000000000e+00
+16   -7.4254346884842909e-18  +0.0000000000000000e+00
+17   +5.1219573276634669e-19  +0.0000000000000000e+00
+18   +3.9668493329237820e-19  +0.0000000000000000e+00
+19   +6.9454569719157432e-19  +0.0000000000000000e+00
+20   +7.9313345400625702e-19  +0.0000000000000000e+00
+21   -2.1908661229580068e-18  +0.0000000000000000e+00
+22   -2.3986840959499253e-18  +0.0000000000000000e+00
+23   -1.2870088505557411e-18  +0.0000000000000000e+00
+24   +2.9221480667056688e-18  +0.0000000000000000e+00
+25   -4.7350274437566128e-18  +0.0000000000000000e+00
+26   -1.2782525706167021e-18  +0.0000000000000000e+00
+27   +4.8269744157425823e-19  +0.0000000000000000e+00
+28   -3.8977871125708960e-18  +0.0000000000000000e+00
+29   -1.8015738894138006e-18  +0.0000000000000000e+00
+30   -2.5268707406056158e-18  +0.0000000000000000e+00

