+0 +0.0000000000000000e+00
+1 -8.1252244454705093e-11
+2 +1.5151327537256835e-08
+3 -2.4558596998294006e-11
+4 +2.2466250447474902e-11
+5 -7.0202640991097501e-14
+6 +6.8933300293113956e-14
+7 -2.8948179624623525e-16
+8 +2.8385067704785963e-16
+9 -1.7956352354631259e-18
+10 +1.4158022661474678e-18
+11 -3.1914347887064829e-19
+12 +1.4865469798964934e-18
+13 +8.0557850918822906e-19
+14 +1.7123521813615382e-18
+15 -7.6226935708366268e-19
+16 -1.5494817171729175e-18
+17 +9.5620956746486869e-19
+18 +1.9241067765861635e-19
+19 +7.9638772515449161e-19
+20 +1.4808155353795536e-18
+21 +5.8327364481919297e-19
+22 -2.5406393399444890e-18
+23 +1.9252939435651927e-19
+24 -7.0768817853933908e-19
+25 +1.6032225609874034e-18
+26 -9.9010159183975134e-19
+27 -1.4849467778811193e-19
+28 -4.8656891908392914e-19
+29 +2.2821987385070842e-18
+30 +4.3883920621572956e-19
