+0 +1.0022336990125709e+02
+1 -4.6855138788432206e-08
+2 +1.7756802030492073e-05
+3 -4.3793147590066032e-08
+4 +5.4188347841014292e-08
+5 -2.1224169997935699e-10
+6 +2.5171726677885212e-10
+7 -1.2232230248978299e-12
+8 +1.4023309457601124e-12
+9 -8.5619838309262628e-15
+10 +7.4310586476834121e-15
+11 -1.3740228692125041e-15
+12 +2.4832980499447193e-15
+13 +4.1690613591900226e-17
+14 +3.3390660543973288e-15
+15 +8.6930976960708886e-17
+16 -5.9028061405088548e-15
+17 -6.8915717208336001e-16
+18 +3.8543249392383877e-15
+19 -1.6606360684009544e-16
+20 +2.7934958416542481e-15
+21 -4.8109047273828383e-16
+22 -5.9468026779502891e-15
+23 -4.7004735575360533e-16
+24 -1.7719454146876180e-16
+25 -1.3927511014233364e-16
+26 +2.8807736339792099e-15
+27 +8.2359213462413129e-17
+28 +8.7591451805734556e-16
+29 -2.4622557900181936e-16
+30 +1.8350293657601869e-15
