-30   +5.3355605425205866e-17  +0.0000000000000000e+00
-29   +4.2200995958739503e-18  +0.0000000000000000e+00
-28   -1.9372112098252270e-16  +0.0000000000000000e+00
-27   -6.7287093060906430e-17  +0.0000000000000000e+00
-26   +1.4214853346927369e-17  +0.0000000000000000e+00
-25   -6.6661284901880036e-17  +0.0000000000000000e+00
-24   -1.5644731971650861e-17  +0.0000000000000000e+00
-23   +1.7882801525762482e-16  +0.0000000000000000e+00
-22   +1.1025761639256995e-16  +0.0000000000000000e+00
-21   -1.7796643915696068e-16  +0.0000000000000000e+00
-20   -7.7005095047157095e-19  +0.0000000000000000e+00
-19   +1.7502455426782026e-16  +0.0000000000000000e+00
-18   -8.7088018488705282e-17  +0.0000000000000000e+00
-17   +1.3426021852744414e-17  +0.0000000000000000e+00
-16   +7.3733977782430635e-18  +0.0000000000000000e+00
-15   -3.6568712346339540e-18  +0.0000000000000000e+00
-14   -1.7040493565920273e-16  +0.0000000000000000e+00
-13   +7.3948542573552345e-17  +0.0000000000000000e+00
-12   -1.7324392356079478e-16  +0.0000000000000000e+00
-11   -1.6652053888890982e-15  +0.0000000000000000e+00
-10   +2.4951123866306561e-16  +0.0000000000000000e+00
 -9   -2.7177325910096823e-13  +0.0000000000000000e+00
 -8   +2.7910954344732439e-14  +0.0000000000000000e+00
 -7   -4.6558853547841987e-11  +0.0000000000000000e+00
 -6   +1.8687464408435154e-12  +0.0000000000000000e+00
 -5   -9.1121965969415896e-09  +0.0000000000000000e+00
 -4   -2.3579743395845486e-10  +0.0000000000000000e+00
 -3   -2.3483252753598496e-06  +0.0000000000000000e+00
 -2   -2.6063941309650916e-07  +0.0000000000000000e+00
 -1   -1.5355226041896645e-03  +0.0000000000000000e+00
 +0   -9.9999860964928344e-01  +0.0000000000000000e+00
 +1   -1.5355226041896645e-03  +0.0000000000000000e+00
 +2   -2.6063941309650916e-07  +0.0000000000000000e+00
 +3   -2.3483252753598496e-06  +0.0000000000000000e+00
 +4   -2.3579743395845486e-10  +0.0000000000000000e+00
 +5   -9.1121965969415896e-09  +0.0000000000000000e+00
 +6   +1.8687464408435154e-12  +0.0000000000000000e+00
 +7   -4.6558853547841987e-11  +0.0000000000000000e+00
 +8   +2.7910954344732439e-14  +0.0000000000000000e+00
 +9   -2.7177325910096823e-13  +0.0000000000000000e+00
+10   +2.4951123866306561e-16  +0.0000000000000000e+00
+11   -1.6652053888890982e-15  +0.0000000000000000e+00
+12   -1.7324392356079478e-16  +0.0000000000000000e+00
+13   +7.3948542573552345e-17  +0.0000000000000000e+00
+14   -1.7040493565920273e-16  +0.0000000000000000e+00
+15   -3.6568712346339540e-18  +0.0000000000000000e+00
+16   +7.3733977782430635e-18  +0.0000000000000000e+00
+17   +1.3426021852744414e-17  +0.0000000000000000e+00
+18   -8.7088018488705282e-17  +0.0000000000000000e+00
+19   +1.7502455426782026e-16  +0.0000000000000000e+00
+20   -7.7005095047157095e-19  +0.0000000000000000e+00
+21   -1.7796643915696068e-16  +0.0000000000000000e+00
+22   +1.1025761639256995e-16  +0.0000000000000000e+00
+23   +1.7882801525762482e-16  +0.0000000000000000e+00
+24   -1.5644731971650861e-17  +0.0000000000000000e+00
+25   -6.6661284901880036e-17  +0.0000000000000000e+00
+26   +1.4214853346927369e-17  +0.0000000000000000e+00
+27   -6.7287093060906430e-17  +0.0000000000000000e+00
+28   -1.9372112098252270e-16  +0.0000000000000000e+00
+29   +4.2200995958739503e-18  +0.0000000000000000e+00
+30   +5.3355605425205866e-17  +0.0000000000000000e+00

