+0 -9.9999697358872353e-01
+1 +3.0950732581212313e-05
+2 +5.2535734438644804e-09
+3 +4.7333974383831594e-08
+4 +4.7528497978066258e-12
+5 +1.8366982120730244e-10
+6 -3.7667615848498410e-14
+7 +9.3846120656489077e-13
+8 -5.5376307733989682e-16
+9 +5.4801623151740723e-15
+10 -3.4714129243350547e-18
+11 +3.6047580650554797e-17
+12 +4.8712028594226679e-18
+13 -1.7321673091120296e-18
+14 -6.7717751600988060e-19
+15 -2.1483986096577695e-18
+16 +1.9648071064619254e-18
+17 +7.2331823726634630e-19
+18 +9.2793083145782705e-19
+19 -2.3306051316031615e-18
+20 -1.8281446134029465e-18
+21 +1.7273843630955253e-18
+22 -5.0576895804344875e-18
+23 +1.8411287903546776e-19
+24 -4.8117027379145279e-18
+25 +1.0039525451911027e-18
+26 -1.6854230330630474e-18
+27 +8.6199029648810659e-19
+28 +1.3001162435405002e-18
+29 -1.2095174210136362e-20
+30 -3.7554642263942340e-18
