+0 -9.9999860964928344e-01
+1 -3.0710452083793291e-03
+2 -5.2127882619301832e-07
+3 -4.6966505507196992e-06
+4 -4.7159486791690972e-10
+5 -1.8224393193883179e-08
+6 +3.7374928816870308e-12
+7 -9.3117707095683974e-11
+8 +5.5821908689464879e-14
+9 -5.4354651820193645e-13
+10 +4.9902247732613123e-16
+11 -3.3304107777781964e-15
+12 -3.4648784712158957e-16
+13 +1.4789708514710469e-16
+14 -3.4080987131840547e-16
+15 -7.3137424692679080e-18
+16 +1.4746795556486127e-17
+17 +2.6852043705488828e-17
+18 -1.7417603697741056e-16
+19 +3.5004910853564051e-16
+20 -1.5401019009431419e-18
+21 -3.5593287831392136e-16
+22 +2.2051523278513989e-16
+23 +3.5765603051524963e-16
+24 -3.1289463943301721e-17
+25 -1.3332256980376007e-16
+26 +2.8429706693854737e-17
+27 -1.3457418612181286e-16
+28 -3.8744224196504540e-16
+29 +8.4401991917479007e-18
+30 +1.0671121085041173e-16
