-30   +0.0000000000000000e+00  +3.2762999880273445e-21
-29   +0.0000000000000000e+00  +1.3415143682442569e-20
-28   -0.0000000000000000e+00  -3.0315632958367107e-22
-27   +0.0000000000000000e+00  +7.4703206009969304e-21
-26   +0.0000000000000000e+00  +8.2863708169805361e-21
-25   -0.0000000000000000e+00  -4.1796061983456252e-21
-24   -0.0000000000000000e+00  -3.1797977360119212e-21
-23   -0.0000000000000000e+00  -2.0387950266232028e-21
-22   +0.0000000000000000e+00  +2.3085791387939084e-21
-21   +0.0000000000000000e+00  +1.3057837643628147e-21
-20   +0.0000000000000000e+00  +4.1544619743756840e-22
-19   +0.0000000000000000e+00  +9.0352698904919492e-21
-18   -0.0000000000000000e+00  -3.4163343054092635e-21
-17   +0.0000000000000000e+00  +3.8580812521198833e-20
-16   +0.0000000000000000e+00  +9.2442929892232067e-21
-15   -0.0000000000000000e+00  -9.0383494441782039e-20
-14   +0.0000000000000000e+00  +2.4615399943372383e-20
-13   -0.0000000000000000e+00  -1.1385832505211158e-17
-12   +0.0000000000000000e+00  +2.5288984229941106e-18
-11   -0.0000000000000000e+00  -1.7150137264010706e-15
-10   +0.0000000000000000e+00  +2.7844743025056233e-16
 -9   -0.0000000000000000e+00  -2.7157014230034311e-13
 -8   +0.0000000000000000e+00  +2.7746431752366178e-14
 -7   -0.0000000000000000e+00  -4.6520673802261996e-11
 -6   +0.0000000000000000e+00  +1.8895308611695103e-12
 -5   -0.0000000000000000e+00  -9.1046166722396628e-09
 -4   -0.0000000000000000e+00  -2.2151897106430867e-10
 -3   -0.0000000000000000e+00  -2.3478459273024209e-06
 -2   -0.0000000000000000e+00  -2.3781593483525463e-07
 -1   -0.0000000000000000e+00  -1.5624641858789953e-03
 +0   +0.0000000000000000e+00  +0.0000000000000000e+00
 +1   +0.0000000000000000e+00  +1.5624641858789953e-03
 +2   +0.0000000000000000e+00  +2.3781593483525463e-07
 +3   +0.0000000000000000e+00  +2.3478459273024209e-06
 +4   +0.0000000000000000e+00  +2.2151897106430867e-10
 +5   +0.0000000000000000e+00  +9.1046166722396628e-09
 +6   -0.0000000000000000e+00  -1.8895308611695103e-12
 +7   +0.0000000000000000e+00  +4.6520673802261996e-11
 +8   -0.0000000000000000e+00  -2.7746431752366178e-14
 +9   +0.0000000000000000e+00  +2.7157014230034311e-13
+10   -0.0000000000000000e+00  -2.7844743025056233e-16
+11   +0.0000000000000000e+00  +1.7150137264010706e-15
+12   -0.0000000000000000e+00  -2.5288984229941106e-18
+13   +0.0000000000000000e+00  +1.1385832505211158e-17
+14   -0.0000000000000000e+00  -2.4615399943372383e-20
+15   +0.0000000000000000e+00  +9.0383494441782039e-20
+16   -0.0000000000000000e+00  -9.2442929892232067e-21
+17   -0.0000000000000000e+00  -3.8580812521198833e-20
+18   +0.0000000000000000e+00  +3.4163343054092635e-21
+19   -0.0000000000000000e+00  -9.0352698904919492e-21
+20   -0.0000000000000000e+00  -4.1544619743756840e-22
+21   -0.0000000000000000e+00  -1.3057837643628147e-21
+22   -0.0000000000000000e+00  -2.3085791387939084e-21
+23   +0.0000000000000000e+00  +2.0387950266232028e-21
+24   +0.0000000000000000e+00  +3.1797977360119212e-21
+25   +0.0000000000000000e+00  +4.1796061983456252e-21
+26   -0.0000000000000000e+00  -8.2863708169805361e-21
+27   -0.0000000000000000e+00  -7.4703206009969304e-21
+28   +0.0000000000000000e+00  +3.0315632958367107e-22
+29   -0.0000000000000000e+00  -1.3415143682442569e-20
+30   -0.0000000000000000e+00  -3.2762999880273445e-21

