-30   -1.2681310887357774e-16  +0.0000000000000000e+00
-29   -6.9563729391177550e-17  +0.0000000000000000e+00
-28   -1.3783432734667233e-16  +0.0000000000000000e+00
-27   -6.8619499567544687e-17  +0.0000000000000000e+00
-26   +1.8321780233545776e-16  +0.0000000000000000e+00
-25   +1.7487819914321971e-17  +0.0000000000000000e+00
-24   -2.6835406325045984e-17  +0.0000000000000000e+00
-23   -8.4246296068000017e-17  +0.0000000000000000e+00
-22   -4.8333523937523584e-17  +0.0000000000000000e+00
-21   -2.5354914774577411e-17  +0.0000000000000000e+00
-20   -5.5699167633471912e-18  +0.0000000000000000e+00
-19   +1.2684771135077382e-16  +0.0000000000000000e+00
-18   +9.6905763318728022e-17  +0.0000000000000000e+00
-17   +6.6291171583223363e-17  +0.0000000000000000e+00
-16   -2.7970499497630897e-17  +0.0000000000000000e+00
-15   -1.1239275733374553e-16  +0.0000000000000000e+00
-14   +1.7112164883719795e-16  +0.0000000000000000e+00
-13   +8.0410021759296100e-16  +0.0000000000000000e+00
-12   -1.0331755622513773e-16  +0.0000000000000000e+00
-11   +1.3958386389420111e-13  +0.0000000000000000e+00
-10   -2.2631485242619629e-14  +0.0000000000000000e+00
 -9   +2.2094975857223070e-11  +0.0000000000000000e+00
 -8   -2.2534852892557095e-12  +0.0000000000000000e+00
 -7   +3.7852439716118915e-09  +0.0000000000000000e+00
 -6   -1.5193924865438716e-10  +0.0000000000000000e+00
 -5   +7.4082694129955888e-07  +0.0000000000000000e+00
 -4   +1.9170476177487037e-08  +0.0000000000000000e+00
 -3   +1.9092022334795658e-04  +0.0000000000000000e+00
 -2   +2.1190137294277393e-05  +0.0000000000000000e+00
 -1   +1.2483888907238820e-01  +0.0000000000000000e+00
 +0   -1.0001130363298558e+00  +0.0000000000000000e+00
 +1   +1.2483888907238820e-01  +0.0000000000000000e+00
 +2   +2.1190137294277393e-05  +0.0000000000000000e+00
 +3   +1.9092022334795658e-04  +0.0000000000000000e+00
 +4   +1.9170476177487037e-08  +0.0000000000000000e+00
 +5   +7.4082694129955888e-07  +0.0000000000000000e+00
 +6   -1.5193924865438716e-10  +0.0000000000000000e+00
 +7   +3.7852439716118915e-09  +0.0000000000000000e+00
 +8   -2.2534852892557095e-12  +0.0000000000000000e+00
 +9   +2.2094975857223070e-11  +0.0000000000000000e+00
+10   -2.2631485242619629e-14  +0.0000000000000000e+00
+11   +1.3958386389420111e-13  +0.0000000000000000e+00
+12   -1.0331755622513773e-16  +0.0000000000000000e+00
+13   +8.0410021759296100e-16  +0.0000000000000000e+00
+14   +1.7112164883719795e-16  +0.0000000000000000e+00
+15   -1.1239275733374553e-16  +0.0000000000000000e+00
+16   -2.7970499497630897e-17  +0.0000000000000000e+00
+17   +6.6291171583223363e-17  +0.0000000000000000e+00
+18   +9.6905763318728022e-17  +0.0000000000000000e+00
+19   +1.2684771135077382e-16  +0.0000000000000000e+00
+20   -5.5699167633471912e-18  +0.0000000000000000e+00
+21   -2.5354914774577411e-17  +0.0000000000000000e+00
+22   -4.8333523937523584e-17  +0.0000000000000000e+00
+23   -8.4246296068000017e-17  +0.0000000000000000e+00
+24   -2.6835406325045984e-17  +0.0000000000000000e+00
+25   +1.7487819914321971e-17  +0.0000000000000000e+00
+26   +1.8321780233545776e-16  +0.0000000000000000e+00
+27   -6.8619499567544687e-17  +0.0000000000000000e+00
+28   -1.3783432734667233e-16  +0.0000000000000000e+00
+29   -6.9563729391177550e-17  +0.0000000000000000e+00
+30   -1.2681310887357774e-16  +0.0000000000000000e+00

