+0 -1.0001130363298558e+00
+1 +2.4967777814477640e-01
+2 +4.2380274588554786e-05
+3 +3.8184044669591316e-04
+4 +3.8340952354974075e-08
+5 +1.4816538825991178e-06
+6 -3.0387849730877432e-10
+7 +7.5704879432237829e-09
+8 -4.5069705785114189e-12
+9 +4.4189951714446140e-11
+10 -4.5262970485239257e-14
+11 +2.7916772778840223e-13
+12 -2.0663511245027547e-16
+13 +1.6082004351859220e-15
+14 +3.4224329767439591e-16
+15 -2.2478551466749106e-16
+16 -5.5940998995261794e-17
+17 +1.3258234316644673e-16
+18 +1.9381152663745604e-16
+19 +2.5369542270154765e-16
+20 -1.1139833526694382e-17
+21 -5.0709829549154821e-17
+22 -9.6667047875047169e-17
+23 -1.6849259213600003e-16
+24 -5.3670812650091967e-17
+25 +3.4975639828643942e-17
+26 +3.6643560467091553e-16
+27 -1.3723899913508937e-16
+28 -2.7566865469334467e-16
+29 -1.3912745878235510e-16
+30 -2.5362621774715548e-16
