-30   -0.0000000000000000e+00  -4.8980930505053896e-19
-29   -0.0000000000000000e+00  -7.1590845305599462e-19
-28   +0.0000000000000000e+00  +3.1976458387803331e-19
-27   -0.0000000000000000e+00  -6.5490133972566812e-19
-26   -0.0000000000000000e+00  -7.4952948130329231e-19
-25   +0.0000000000000000e+00  +7.8319285206208193e-20
-24   +0.0000000000000000e+00  +3.4544951370810886e-19
-23   -0.0000000000000000e+00  -2.1414184235529962e-19
-22   -0.0000000000000000e+00  -5.7258006393125382e-19
-21   +0.0000000000000000e+00  +5.4818195291175417e-19
-20   +0.0000000000000000e+00  +4.3006827448097067e-19
-19   -0.0000000000000000e+00  -6.8203502140010035e-19
-18   +0.0000000000000000e+00  +9.7681374866377558e-20
-17   -0.0000000000000000e+00  -4.4308052230117662e-18
-16   -0.0000000000000000e+00  -8.5113374818888190e-19
-15   +0.0000000000000000e+00  +8.3923947825702279e-18
-14   -0.0000000000000000e+00  -1.8745652214171532e-18
-13   +0.0000000000000000e+00  +9.2601939643771292e-16
-12   -0.0000000000000000e+00  -2.0559483141681938e-16
-11   +0.0000000000000000e+00  +1.3943175420478397e-13
-10   -0.0000000000000000e+00  -2.2638038017258653e-14
 -9   +0.0000000000000000e+00  +2.2078811798396170e-11
 -8   -0.0000000000000000e+00  -2.2558011226406119e-12
 -7   +0.0000000000000000e+00  +3.7821580879955640e-09
 -6   -0.0000000000000000e+00  -1.5361996825987344e-10
 -5   +0.0000000000000000e+00  +7.4021067986250846e-07
 -4   +0.0000000000000000e+00  +1.8009622379129710e-08
 -3   +0.0000000000000000e+00  +1.9088125207524696e-04
 -2   +0.0000000000000000e+00  +1.9334575100059868e-05
 -1   +0.0000000000000000e+00  +1.2702925547843963e-01
 +0   +0.0000000000000000e+00  +0.0000000000000000e+00
 +1   -0.0000000000000000e+00  -1.2702925547843963e-01
 +2   -0.0000000000000000e+00  -1.9334575100059868e-05
 +3   -0.0000000000000000e+00  -1.9088125207524696e-04
 +4   -0.0000000000000000e+00  -1.8009622379129710e-08
 +5   -0.0000000000000000e+00  -7.4021067986250846e-07
 +6   +0.0000000000000000e+00  +1.5361996825987344e-10
 +7   -0.0000000000000000e+00  -3.7821580879955640e-09
 +8   +0.0000000000000000e+00  +2.2558011226406119e-12
 +9   -0.0000000000000000e+00  -2.2078811798396170e-11
+10   +0.0000000000000000e+00  +2.2638038017258653e-14
+11   -0.0000000000000000e+00  -1.3943175420478397e-13
+12   +0.0000000000000000e+00  +2.0559483141681938e-16
+13   -0.0000000000000000e+00  -9.2601939643771292e-16
+14   +0.0000000000000000e+00  +1.8745652214171532e-18
+15   -0.0000000000000000e+00  -8.3923947825702279e-18
+16   +0.0000000000000000e+00  +8.5113374818888190e-19
+17   +0.0000000000000000e+00  +4.4308052230117662e-18
+18   -0.0000000000000000e+00  -9.7681374866377558e-20
+19   +0.0000000000000000e+00  +6.8203502140010035e-19
+20   -0.0000000000000000e+00  -4.3006827448097067e-19
+21   -0.0000000000000000e+00  -5.4818195291175417e-19
+22   +0.0000000000000000e+00  +5.7258006393125382e-19
+23   +0.0000000000000000e+00  +2.1414184235529962e-19
+24   -0.0000000000000000e+00  -3.4544951370810886e-19
+25   -0.0000000000000000e+00  -7.8319285206208193e-20
+26   +0.0000000000000000e+00  +7.4952948130329231e-19
+27   +0.0000000000000000e+00  +6.5490133972566812e-19
+28   -0.0000000000000000e+00  -3.1976458387803331e-19
+29   +0.0000000000000000e+00  +7.1590845305599462e-19
+30   +0.0000000000000000e+00  +4.8980930505053896e-19

