+0 +0.0000000000000000e+00
+1 +2.5405851095687926e-01
+2 +3.8669150200119735e-05
+3 +3.8176250415049393e-04
+4 +3.6019244758259419e-08
+5 +1.4804213597250169e-06
+6 -3.0723993651974687e-10
+7 +7.5643161759911280e-09
+8 -4.5116022452812238e-12
+9 +4.4157623596792340e-11
+10 -4.5276076034517306e-14
+11 +2.7886350840956793e-13
+12 -4.1118966283363875e-16
+13 +1.8520387928754258e-15
+14 -3.7491304428343063e-18
+15 +1.6784789565140456e-17
+16 -1.7022674963777638e-18
+17 -8.8616104460235324e-18
+18 +1.9536274973275512e-19
+19 -1.3640700428002007e-18
+20 +8.6013654896194135e-19
+21 +1.0963639058235083e-18
+22 -1.1451601278625076e-18
+23 -4.2828368471059924e-19
+24 +6.9089902741621772e-19
+25 +1.5663857041241639e-19
+26 -1.4990589626065846e-18
+27 -1.3098026794513362e-18
+28 +6.3952916775606662e-19
+29 -1.4318169061119892e-18
+30 -9.7961861010107791e-19
