+0 +1.0000000000000011e+00
+1 +5.6341259972755614e-04
+2 +1.8896874401729519e-02
+3 -9.9117588032832930e-06
+4 +1.5687081360645546e-04
+5 -1.7077625932295543e-07
+6 +1.3196136815218335e-06
+7 -2.1365491876933969e-09
+8 +1.1171687147327460e-08
+9 -2.3874282308910329e-11
+10 +9.4914816049721232e-11
+11 -2.5141639814809871e-13
+12 +8.0818685476131967e-13
+13 -2.5515547968290692e-15
+14 +6.8918970983900843e-15
+15 -2.5245669078690366e-17
+16 +5.8834156600614680e-17
+17 -2.4518636007127706e-19
+18 +5.0265077587705724e-19
+19 -2.3476247807091702e-21
+20 +4.2970513638757467e-21
+21 -2.2226729575481304e-23
+22 +3.6752524883204098e-23
+23 -2.0852505259337699e-25
+24 +3.1446812089441183e-25
+25 -1.9415914009656417e-27
+26 +2.6915933897283406e-27
+27 -1.7963569842310354e-29
+28 +2.3044287799451041e-29
+29 -1.6529229705871121e-31
+30 +1.9733650088768674e-31
