-30   +5.1736517226057211e-19  +0.0000000000000000e+00
-29   +1.9160574496583742e-18  +0.0000000000000000e+00
-28   +1.7552092324671437e-18  +0.0000000000000000e+00
-27   +1.1107216294093964e-18  +0.0000000000000000e+00
-26   +3.8445819398059053e-18  +0.0000000000000000e+00
-25   -1.4882710053360475e-18  +0.0000000000000000e+00
-24   +3.3007959362915612e-18  +0.0000000000000000e+00
-23   +3.3351960915298505e-18  +0.0000000000000000e+00
-22   +1.1025472397470945e-18  +0.0000000000000000e+00
-21   +2.9286944917225477e-18  +0.0000000000000000e+00
-20   +8.2600584907241397e-19  +0.0000000000000000e+00
-19   +1.2005392448385867e-18  +0.0000000000000000e+00
-18   -6.7398792261473056e-19  +0.0000000000000000e+00
-17   +1.8738950688592854e-18  +0.0000000000000000e+00
-16   +1.5965837128013350e-17  +0.0000000000000000e+00
-15   -1.2146777655997409e-17  +0.0000000000000000e+00
-14   +3.4456662961962233e-15  +0.0000000000000000e+00
-13   -1.2775993569684068e-15  +0.0000000000000000e+00
-12   +4.0409679600968924e-13  +0.0000000000000000e+00
-11   -1.2570811442985382e-13  +0.0000000000000000e+00
-10   +4.7457408979525115e-11  +0.0000000000000000e+00
 -9   -1.1937139468723966e-11  +0.0000000000000000e+00
 -8   +5.5858435740210306e-09  +0.0000000000000000e+00
 -7   -1.0682745945489351e-09  +0.0000000000000000e+00
 -6   +6.5980684075824786e-07  +0.0000000000000000e+00
 -5   -8.5388129662379594e-08  +0.0000000000000000e+00
 -4   +7.8435406803227054e-05  +0.0000000000000000e+00
 -3   -4.9558794016359324e-06  +0.0000000000000000e+00
 -2   +9.4484372008647628e-03  +0.0000000000000000e+00
 -1   +2.8170629986377677e-04  +0.0000000000000000e+00
 +0   +1.0000000000000000e+00  +0.0000000000000000e+00
 +1   +2.8170629986377677e-04  +0.0000000000000000e+00
 +2   +9.4484372008647628e-03  +0.0000000000000000e+00
 +3   -4.9558794016359324e-06  +0.0000000000000000e+00
 +4   +7.8435406803227054e-05  +0.0000000000000000e+00
 +5   -8.5388129662379594e-08  +0.0000000000000000e+00
 +6   +6.5980684075824786e-07  +0.0000000000000000e+00
 +7   -1.0682745945489351e-09  +0.0000000000000000e+00
 +8   +5.5858435740210306e-09  +0.0000000000000000e+00
 +9   -1.1937139468723966e-11  +0.0000000000000000e+00
+10   +4.7457408979525115e-11  +0.0000000000000000e+00
+11   -1.2570811442985382e-13  +0.0000000000000000e+00
+12   +4.0409679600968924e-13  +0.0000000000000000e+00
+13   -1.2775993569684068e-15  +0.0000000000000000e+00
+14   +3.4456662961962233e-15  +0.0000000000000000e+00
+15   -1.2146777655997409e-17  +0.0000000000000000e+00
+16   +1.5965837128013350e-17  +0.0000000000000000e+00
+17   +1.8738950688592854e-18  +0.0000000000000000e+00
+18   -6.7398792261473056e-19  +0.0000000000000000e+00
+19   +1.2005392448385867e-18  +0.0000000000000000e+00
+20   +8.2600584907241397e-19  +0.0000000000000000e+00
+21   +2.9286944917225477e-18  +0.0000000000000000e+00
+22   +1.1025472397470945e-18  +0.0000000000000000e+00
+23   +3.3351960915298505e-18  +0.0000000000000000e+00
+24   +3.3007959362915612e-18  +0.0000000000000000e+00
+25   -1.4882710053360475e-18  +0.0000000000000000e+00
+26   +3.8445819398059053e-18  +0.0000000000000000e+00
+27   +1.1107216294093964e-18  +0.0000000000000000e+00
+28   +1.7552092324671437e-18  +0.0000000000000000e+00
+29   +1.9160574496583742e-18  +0.0000000000000000e+00
+30   +5.1736517226057211e-19  +0.0000000000000000e+00

