+0 +0.0000000000000000e+00
+1 -2.6443760283725805e-04
+2 -1.3286869034000845e-02
+3 +9.3860932071629330e-06
+4 -1.2185090575186257e-04
+5 +1.5221276095239476e-07
+6 -1.0721026636453765e-06
+7 +1.8893706020424974e-09
+8 -9.3249868210796390e-09
+9 +2.1141981624395690e-11
+10 -8.0710236982929900e-11
+11 +2.2348283548682411e-13
+12 -6.9677010544340230e-13
+13 +2.2778174679330303e-15
+14 -6.0059932701508119e-15
+15 +2.2632873424727021e-17
+16 -5.1719067145782743e-17
+17 +2.2068890999543409e-19
+18 -4.4506441509239652e-19
+19 +2.1208728973307718e-21
+20 -3.8281202598829779e-21
+21 +2.0148098587460518e-23
+22 -3.2915007863326633e-23
+23 +1.8961329892257534e-25
+24 -2.8293447361774438e-25
+25 +1.7705621559235130e-27
+26 -2.4315777520566217e-27
+27 +1.6424450884806030e-29
+28 -2.0893948824102766e-29
+29 +1.5151074068834312e-31
+30 -1.7952239503335249e-31
