+0 +0.0000000000000000e+00
+1 -3.8974372562376573e+02
+2 -1.7342791662368665e-01
+3 -3.3856964866413994e+00
+4 -1.5558866298905698e-04
+5 -2.9375826720306246e-02
+6 +1.2258513154517080e-05
+7 -2.5395968972013073e-04
+8 +2.2800194843289641e-07
+9 -2.1908327447711770e-06
+10 +3.0352516571394810e-09
+11 -1.8874650169071323e-08
+12 +3.5422567736947487e-11
+13 -1.6246425526557493e-10
+14 +3.8931949783936008e-13
+15 -1.4012573190802899e-12
+16 +3.4297680076427082e-15
+17 -3.2227662103892583e-15
+18 -5.8613879489542694e-16
+19 +5.6590458217639990e-15
+20 +2.8575037671394228e-15
+21 +1.0924066728956715e-15
+22 -6.8096647617965169e-16
+23 +1.1611522324210993e-16
+24 +1.1209553448853825e-15
+25 +1.0624788601411784e-15
+26 +5.6075244927673568e-16
+27 -4.9260061389484250e-16
+28 +5.5832155506004581e-16
+29 +2.4005142726172488e-15
+30 -2.1647381157895232e-15
