-30   +9.8668250443843347e-32  +0.0000000000000000e+00
-29   -8.2646148529355581e-32  +0.0000000000000000e+00
-28   +1.1522143899725522e-29  +0.0000000000000000e+00
-27   -8.9817849211551727e-30  +0.0000000000000000e+00
-26   +1.3457966948641701e-27  +0.0000000000000000e+00
-25   -9.7079570048282067e-28  +0.0000000000000000e+00
-24   +1.5723406044720589e-25  +0.0000000000000000e+00
-23   -1.0426252629668845e-25  +0.0000000000000000e+00
-22   +1.8376262441602049e-23  +0.0000000000000000e+00
-21   -1.1113364787740648e-23  +0.0000000000000000e+00
-20   +2.1485256819378733e-21  +0.0000000000000000e+00
-19   -1.1738123903545847e-21  +0.0000000000000000e+00
-18   +2.5132538793852862e-19  +0.0000000000000000e+00
-17   -1.2259318003563851e-19  +0.0000000000000000e+00
-16   +2.9417078300307340e-17  +0.0000000000000000e+00
-15   -1.2622834539345178e-17  +0.0000000000000000e+00
-14   +3.4459485491950426e-15  +0.0000000000000000e+00
-13   -1.2757773984145342e-15  +0.0000000000000000e+00
-12   +4.0409342738065989e-13  +0.0000000000000000e+00
-11   -1.2570819907404935e-13  +0.0000000000000000e+00
-10   +4.7457408024860629e-11  +0.0000000000000000e+00
 -9   -1.1937141154455161e-11  +0.0000000000000000e+00
 -8   +5.5858435736637308e-09  +0.0000000000000000e+00
 -7   -1.0682745938466982e-09  +0.0000000000000000e+00
 -6   +6.5980684076091675e-07  +0.0000000000000000e+00
 -5   -8.5388129661477729e-08  +0.0000000000000000e+00
 -4   +7.8435406803227731e-05  +0.0000000000000000e+00
 -3   -4.9558794016416457e-06  +0.0000000000000000e+00
 -2   +9.4484372008647576e-03  +0.0000000000000000e+00
 -1   +2.8170629986377813e-04  +0.0000000000000000e+00
 +0   +1.0000000000000011e+00  +0.0000000000000000e+00
 +1   +2.8170629986377807e-04  +0.0000000000000000e+00
 +2   +9.4484372008647594e-03  +0.0000000000000000e+00
 +3   -4.9558794016416482e-06  +0.0000000000000000e+00
 +4   +7.8435406803227718e-05  +0.0000000000000000e+00
 +5   -8.5388129661477716e-08  +0.0000000000000000e+00
 +6   +6.5980684076091675e-07  +0.0000000000000000e+00
 +7   -1.0682745938466989e-09  +0.0000000000000000e+00
 +8   +5.5858435736637300e-09  +0.0000000000000000e+00
 +9   -1.1937141154455168e-11  +0.0000000000000000e+00
+10   +4.7457408024860603e-11  +0.0000000000000000e+00
+11   -1.2570819907404938e-13  +0.0000000000000000e+00
+12   +4.0409342738065979e-13  +0.0000000000000000e+00
+13   -1.2757773984145350e-15  +0.0000000000000000e+00
+14   +3.4459485491950418e-15  +0.0000000000000000e+00
+15   -1.2622834539345186e-17  +0.0000000000000000e+00
+16   +2.9417078300307346e-17  +0.0000000000000000e+00
+17   -1.2259318003563853e-19  +0.0000000000000000e+00
+18   +2.5132538793852862e-19  +0.0000000000000000e+00
+19   -1.1738123903545857e-21  +0.0000000000000000e+00
+20   +2.1485256819378737e-21  +0.0000000000000000e+00
+21   -1.1113364787740657e-23  +0.0000000000000000e+00
+22   +1.8376262441602049e-23  +0.0000000000000000e+00
+23   -1.0426252629668852e-25  +0.0000000000000000e+00
+24   +1.5723406044720591e-25  +0.0000000000000000e+00
+25   -9.7079570048282085e-28  +0.0000000000000000e+00
+26   +1.3457966948641703e-27  +0.0000000000000000e+00
+27   -8.9817849211551797e-30  +0.0000000000000000e+00
+28   +1.1522143899725521e-29  +0.0000000000000000e+00
+29   -8.2646148529355614e-32  +0.0000000000000000e+00
+30   +9.8668250443843369e-32  +0.0000000000000000e+00

