+0 +1.0000000000000000e+00
+1 +5.6341259972755354e-04
+2 +1.8896874401729526e-02
+3 -9.9117588032718648e-06
+4 +1.5687081360645411e-04
+5 -1.7077625932475919e-07
+6 +1.3196136815164957e-06
+7 -2.1365491890978701e-09
+8 +1.1171687148042061e-08
+9 -2.3874278937447932e-11
+10 +9.4914817959050231e-11
+11 -2.5141622885970763e-13
+12 +8.0819359201937849e-13
+13 -2.5551987139368135e-15
+14 +6.8913325923924465e-15
+15 -2.4293555311994818e-17
+16 +3.1931674256026700e-17
+17 +3.7477901377185708e-18
+18 -1.3479758452294611e-18
+19 +2.4010784896771734e-18
+20 +1.6520116981448279e-18
+21 +5.8573889834450953e-18
+22 +2.2050944794941889e-18
+23 +6.6703921830597009e-18
+24 +6.6015918725831223e-18
+25 -2.9765420106720950e-18
+26 +7.6891638796118107e-18
+27 +2.2214432588187928e-18
+28 +3.5104184649342873e-18
+29 +3.8321148993167484e-18
+30 +1.0347303445211442e-18
