+0 +0.0000000000000000e+00
+1 -2.1925707510398627e+00
+2 -3.3372104851526845e-04
+3 -3.2950014307848866e-03
+4 -3.1006418378797410e-07
+5 -1.2777772282612197e-05
+6 +2.6566539332377672e-09
+7 -6.5289346498244494e-08
+8 +3.8969795295168745e-11
+9 -3.8113580663616715e-10
+10 +3.9096506724088231e-13
+11 -2.4069952960437323e-12
+12 +3.5533561559749782e-15
+13 -1.6011544011265103e-14
+14 +3.1056888109660593e-17
+15 -1.1051241310191095e-16
+16 +2.6648634156945173e-19
+17 -7.8406856121050754e-19
+18 +2.2649577990265783e-21
+19 -5.6829691993366655e-21
+20 +1.9151863349565359e-23
+21 -4.1898900655255755e-23
+22 +1.6148805869939773e-25
+23 -3.1324147764679923e-25
+24 +1.3596319493548841e-27
+25 -2.3691391545178800e-27
+26 +1.1439099291160029e-29
+27 -1.8094971459103905e-29
+28 +9.6218097109151020e-32
+29 -1.3937044729152879e-31
+30 +8.0947820960623173e-34
