-30   -1.5220489978958007e-29  +0.0000000000000000e+00
-29   +2.4178861005830536e-27  +0.0000000000000000e+00
-28   -1.6441669997520950e-27  +0.0000000000000000e+00
-27   +2.8149570371802987e-25  +0.0000000000000000e+00
-26   -1.7513839999981887e-25  +0.0000000000000000e+00
-25   +3.2769305265766744e-23  +0.0000000000000000e+00
-24   -1.8492685005012919e-23  +0.0000000000000000e+00
-23   +3.8142750775140325e-21  +0.0000000000000000e+00
-22   -1.9318864743770012e-21  +0.0000000000000000e+00
-21   +4.4390758003327994e-19  +0.0000000000000000e+00
-20   -1.9916424379276447e-19  +0.0000000000000000e+00
-19   +5.1652449983656172e-17  +0.0000000000000000e+00
-18   -2.0189224889826144e-17  +0.0000000000000000e+00
-17   +6.0087299602669215e-15  +0.0000000000000000e+00
-16   -2.0016875363978817e-15  +0.0000000000000000e+00
-15   +6.9876905684362863e-13  +0.0000000000000000e+00
-14   -1.9250338362577974e-13  +0.0000000000000000e+00
-13   +8.1225859123804427e-11  +0.0000000000000000e+00
-12   -1.7707747101440142e-11  +0.0000000000000000e+00
-11   +9.4360375138126933e-09  +0.0000000000000000e+00
-10   -1.5171984419425852e-09  +0.0000000000000000e+00
 -9   +1.0952167295950986e-06  +0.0000000000000000e+00
 -8   -1.1394650105872357e-07  +0.0000000000000000e+00
 -7   +1.2694677182858177e-04  +0.0000000000000000e+00
 -6   -6.1221728943393635e-06  +0.0000000000000000e+00
 -5   +1.4681802445643549e-02  +0.0000000000000000e+00
 -4   +7.8741878363914179e-05  +0.0000000000000000e+00
 -3   +1.6914540358354457e+00  +0.0000000000000000e+00
 -2   +8.6845510163190726e-02  +0.0000000000000000e+00
 -1   +1.9428193115490322e+02  +0.0000000000000000e+00
 +0   -6.3140695677350520e-02  +0.0000000000000000e+00
 +1   +1.9428193115490322e+02  +0.0000000000000000e+00
 +2   +8.6845510163190712e-02  +0.0000000000000000e+00
 +3   +1.6914540358354453e+00  +0.0000000000000000e+00
 +4   +7.8741878363914044e-05  +0.0000000000000000e+00
 +5   +1.4681802445643549e-02  +0.0000000000000000e+00
 +6   -6.1221728943393652e-06  +0.0000000000000000e+00
 +7   +1.2694677182858177e-04  +0.0000000000000000e+00
 +8   -1.1394650105872367e-07  +0.0000000000000000e+00
 +9   +1.0952167295950984e-06  +0.0000000000000000e+00
+10   -1.5171984419425863e-09  +0.0000000000000000e+00
+11   +9.4360375138126883e-09  +0.0000000000000000e+00
+12   -1.7707747101440165e-11  +0.0000000000000000e+00
+13   +8.1225859123804388e-11  +0.0000000000000000e+00
+14   -1.9250338362577990e-13  +0.0000000000000000e+00
+15   +6.9876905684362843e-13  +0.0000000000000000e+00
+16   -2.0016875363978840e-15  +0.0000000000000000e+00
+17   +6.0087299602669199e-15  +0.0000000000000000e+00
+18   -2.0189224889826144e-17  +0.0000000000000000e+00
+19   +5.1652449983656153e-17  +0.0000000000000000e+00
+20   -1.9916424379276461e-19  +0.0000000000000000e+00
+21   +4.4390758003328004e-19  +0.0000000000000000e+00
+22   -1.9318864743770019e-21  +0.0000000000000000e+00
+23   +3.8142750775140332e-21  +0.0000000000000000e+00
+24   -1.8492685005012922e-23  +0.0000000000000000e+00
+25   +3.2769305265766744e-23  +0.0000000000000000e+00
+26   -1.7513839999981891e-25  +0.0000000000000000e+00
+27   +2.8149570371802982e-25  +0.0000000000000000e+00
+28   -1.6441669997520960e-27  +0.0000000000000000e+00
+29   +2.4178861005830540e-27  +0.0000000000000000e+00
+30   -1.5220489978958010e-29  +0.0000000000000000e+00

