+0 -6.3140695677350520e-02
+1 +3.8856386230980644e+02
+2 +1.7369102032638145e-01
+3 +3.3829080716708910e+00
+4 +1.5748375672782822e-04
+5 +2.9363604891287098e-02
+6 -1.2244345788678729e-05
+7 +2.5389354365716355e-04
+8 -2.2789300211744725e-07
+9 +2.1904334591901968e-06
+10 -3.0343968838851717e-09
+11 +1.8872075027625383e-08
+12 -3.5415494202880303e-11
+13 +1.6245171824760883e-10
+14 -3.8500676725155964e-13
+15 +1.3975381136872571e-12
+16 -4.0033750727957657e-15
+17 +1.2017459920533841e-14
+18 -4.0378449779652288e-17
+19 +1.0330489996731232e-16
+20 -3.9832848758552908e-19
+21 +8.8781516006655988e-19
+22 -3.8637729487540031e-21
+23 +7.6285501550280649e-21
+24 -3.6985370010025845e-23
+25 +6.5538610531533487e-23
+26 -3.5027679999963778e-25
+27 +5.6299140743605965e-25
+28 -3.2883339995041914e-27
+29 +4.8357722011661079e-27
+30 -3.0440979957916015e-29
