+0 +1.0018416089248379e+00
+1 +5.7675177259200493e-04
+2 +1.4387770255077422e-02
+3 -2.6303629746277463e-06
+4 +1.1762783561551311e-04
+5 -8.0685814980220222e-08
+6 +9.8432497826244026e-07
+7 -1.1720526551264201e-09
+8 +8.3119031949123173e-09
+9 -1.4088393093696933e-11
+10 +7.0513383210672968e-11
+11 -1.5502073432513558e-13
+12 +5.9983721476552552e-13
+13 -1.6203050069115384e-15
+14 +5.1117723056869845e-15
+15 -1.6375006991418364e-17
+16 +4.3616466961083320e-17
+17 -1.6159776560179657e-19
+18 +3.7249934294231729e-19
+19 -1.5667418639421493e-21
+20 +3.1834783606532733e-21
+21 -1.4983303967624250e-23
+22 +2.7221672288004989e-23
+23 -1.4173392744998519e-25
+24 +2.3287243657106050e-25
+25 -1.3288300253072802e-27
+26 +1.9928652740365439e-27
+27 -1.2366488093152836e-29
+28 +1.7059602772152642e-29
+29 -1.1436553683505975e-31
+30 +1.4607079821974605e-31
