+0 -9.7552423287031946e-04
+1 +2.1547643627078266e+00
+2 +3.6574844692693030e-04
+3 +3.2956733768499582e-03
+4 +3.3010252813290591e-07
+5 +1.2788407618058979e-05
+6 -2.6276397894899223e-09
+7 +6.5342603843477587e-08
+8 -3.8932304620856151e-11
+9 +3.8141453499088935e-10
+10 -3.9109345657936195e-13
+11 +2.4085740477440099e-12
+12 -3.5567186746713031e-15
+13 +1.5992704317831808e-14
+14 -2.4341128670348799e-17
+15 +1.0164461509962954e-16
+16 +1.9479223231460206e-18
+17 -3.1605481747492674e-17
+18 -5.2118281140280794e-18
+19 +1.9068648235977933e-17
+20 -7.9525481240964727e-18
+21 -5.6037385234398410e-18
+22 +6.4781318260941243e-18
+23 -1.6751633958990611e-17
+24 +6.6060959103799587e-18
+25 +5.0946168222958161e-18
+26 -1.0140331268835725e-18
+27 +1.7751397713074683e-17
+28 +8.9388180632038418e-18
+29 -1.0447951835435730e-17
+30 +2.5932637996328924e-18
