-30   -0.0000000000000000e+00  -4.4704609117241740e-19
-29   -0.0000000000000000e+00  -1.5616235682377963e-18
-28   +0.0000000000000000e+00  +2.5436884283976508e-19
-27   +0.0000000000000000e+00  +6.8293052305587973e-19
-26   -0.0000000000000000e+00  -5.5435595678675016e-19
-25   +0.0000000000000000e+00  +1.1352996909672874e-18
-24   -0.0000000000000000e+00  -9.1119329160487508e-19
-23   -0.0000000000000000e+00  -2.0357077388396487e-19
-22   +0.0000000000000000e+00  +1.2049198039166852e-18
-21   -0.0000000000000000e+00  -1.3535321147798263e-18
-20   +0.0000000000000000e+00  +4.2187460617995463e-19
-19   -0.0000000000000000e+00  -1.0496394131556077e-18
-18   -0.0000000000000000e+00  -7.3910771217839097e-19
-17   +0.0000000000000000e+00  +3.0912376107219645e-20
-16   -0.0000000000000000e+00  -5.0613994106538142e-17
-15   +0.0000000000000000e+00  +2.1790474858905830e-17
-14   -0.0000000000000000e+00  -6.0050778684512141e-15
-13   +0.0000000000000000e+00  +2.2775968089036647e-15
-12   -0.0000000000000000e+00  -6.9676958788569844e-13
-11   +0.0000000000000000e+00  +2.2348371937261010e-13
-10   -0.0000000000000000e+00  -8.0710237499453799e-11
 -9   +0.0000000000000000e+00  +2.1141981867043956e-11
 -8   -0.0000000000000000e+00  -9.3249868214528348e-09
 -7   +0.0000000000000000e+00  +1.8893706046584854e-09
 -6   -0.0000000000000000e+00  -1.0721026636457073e-06
 -5   +0.0000000000000000e+00  +1.5221276095224017e-07
 -4   -0.0000000000000000e+00  -1.2185090575186234e-04
 -3   +0.0000000000000000e+00  +9.3860932071631498e-06
 -2   -0.0000000000000000e+00  -1.3286869034000835e-02
 -1   -0.0000000000000000e+00  -2.6443760283725848e-04
 +0   +0.0000000000000000e+00  +0.0000000000000000e+00
 +1   +0.0000000000000000e+00  +2.6443760283725848e-04
 +2   +0.0000000000000000e+00  +1.3286869034000835e-02
 +3   -0.0000000000000000e+00  -9.3860932071631498e-06
 +4   +0.0000000000000000e+00  +1.2185090575186234e-04
 +5   -0.0000000000000000e+00  -1.5221276095224017e-07
 +6   +0.0000000000000000e+00  +1.0721026636457073e-06
 +7   -0.0000000000000000e+00  -1.8893706046584854e-09
 +8   +0.0000000000000000e+00  +9.3249868214528348e-09
 +9   -0.0000000000000000e+00  -2.1141981867043956e-11
+10   +0.0000000000000000e+00  +8.0710237499453799e-11
+11   -0.0000000000000000e+00  -2.2348371937261010e-13
+12   +0.0000000000000000e+00  +6.9676958788569844e-13
+13   -0.0000000000000000e+00  -2.2775968089036647e-15
+14   +0.0000000000000000e+00  +6.0050778684512141e-15
+15   -0.0000000000000000e+00  -2.1790474858905830e-17
+16   +0.0000000000000000e+00  +5.0613994106538142e-17
+17   -0.0000000000000000e+00  -3.0912376107219645e-20
+18   +0.0000000000000000e+00  +7.3910771217839097e-19
+19   +0.0000000000000000e+00  +1.0496394131556077e-18
+20   -0.0000000000000000e+00  -4.2187460617995463e-19
+21   +0.0000000000000000e+00  +1.3535321147798263e-18
+22   -0.0000000000000000e+00  -1.2049198039166852e-18
+23   +0.0000000000000000e+00  +2.0357077388396487e-19
+24   +0.0000000000000000e+00  +9.1119329160487508e-19
+25   -0.0000000000000000e+00  -1.1352996909672874e-18
+26   +0.0000000000000000e+00  +5.5435595678675016e-19
+27   -0.0000000000000000e+00  -6.8293052305587973e-19
+28   -0.0000000000000000e+00  -2.5436884283976508e-19
+29   +0.0000000000000000e+00  +1.5616235682377963e-18
+30   +0.0000000000000000e+00  +4.4704609117241740e-19

