+0 +1.0018416089248365e+00
+1 +5.7675177259200331e-04
+2 +1.4387770255077431e-02
+3 -2.6303629746143140e-06
+4 +1.1762783561550981e-04
+5 -8.0685814980798997e-08
+6 +9.8432497826601792e-07
+7 -1.1720526568520370e-09
+8 +8.3119031924998583e-09
+9 -1.4088390745223420e-11
+10 +7.0513382215607959e-11
+11 -1.5501854961201034e-13
+12 +5.9983856204815196e-13
+13 -1.6295471488748938e-15
+14 +5.1168856466474273e-15
+15 -6.3186865354401691e-18
+16 +6.1091101882851332e-17
+17 +3.4871349787795596e-18
+18 -3.3780628405342372e-18
+19 +2.7626448908042883e-18
+20 +4.3601159899281170e-18
+21 +2.8481382920567730e-18
+22 +6.8564276507126151e-19
+23 +1.1779548792558602e-18
+24 -4.3301860600492964e-18
+25 +4.4615825804497564e-19
+26 +3.1428629133811590e-18
+27 +1.5118699355123135e-18
+28 +8.5141198430647999e-18
+29 +5.0009030784431838e-18
+30 +3.6852581165296698e-18
