-30   -1.2091979367977339e-17  +0.0000000000000000e+00
-29   -1.4272778855983192e-18  +0.0000000000000000e+00
-28   +3.2604890278213766e-17  +0.0000000000000000e+00
-27   +8.3886051632748312e-17  +0.0000000000000000e+00
-26   +1.4180657098933214e-17  +0.0000000000000000e+00
-25   +1.4496013711272132e-18  +0.0000000000000000e+00
-24   +4.0609594547116219e-17  +0.0000000000000000e+00
-23   +6.7603293351441049e-18  +0.0000000000000000e+00
-22   +3.5278552804437089e-17  +0.0000000000000000e+00
-21   +7.3749132329566625e-18  +0.0000000000000000e+00
-20   -3.3672927363618451e-17  +0.0000000000000000e+00
-19   +8.4014960074493901e-17  +0.0000000000000000e+00
-18   -3.0729564323172227e-17  +0.0000000000000000e+00
-17   -1.2763148782630208e-16  +0.0000000000000000e+00
-16   +2.5294107658965709e-17  +0.0000000000000000e+00
-15   +2.7567022178684643e-16  +0.0000000000000000e+00
-14   +2.6881921884105672e-15  +0.0000000000000000e+00
-13   +5.2332041096420558e-14  +0.0000000000000000e+00
-12   +3.2833225659649676e-13  +0.0000000000000000e+00
-11   +7.9325431310583716e-12  +0.0000000000000000e+00
-10   +4.0060577531172207e-11  +0.0000000000000000e+00
 -9   +1.2622960608179401e-09  +0.0000000000000000e+00
 -8   +4.8542785363647840e-09  +0.0000000000000000e+00
 -7   +2.1702869742588977e-07  +0.0000000000000000e+00
 -6   +5.7065305236870746e-07  +0.0000000000000000e+00
 -5   +4.2570205558046618e-05  +0.0000000000000000e+00
 -4   +5.7741507475351294e-05  +0.0000000000000000e+00
 -3   +1.0976080947115408e-02  +0.0000000000000000e+00
 -2   -1.9806476887123526e-03  +0.0000000000000000e+00
 -1   +7.1389502290317477e+00  +0.0000000000000000e+00
 +0   +5.5287876812404519e+00  +0.0000000000000000e+00
 +1   +7.1389502290317477e+00  +0.0000000000000000e+00
 +2   -1.9806476887123526e-03  +0.0000000000000000e+00
 +3   +1.0976080947115408e-02  +0.0000000000000000e+00
 +4   +5.7741507475351294e-05  +0.0000000000000000e+00
 +5   +4.2570205558046618e-05  +0.0000000000000000e+00
 +6   +5.7065305236870746e-07  +0.0000000000000000e+00
 +7   +2.1702869742588977e-07  +0.0000000000000000e+00
 +8   +4.8542785363647840e-09  +0.0000000000000000e+00
 +9   +1.2622960608179401e-09  +0.0000000000000000e+00
+10   +4.0060577531172207e-11  +0.0000000000000000e+00
+11   +7.9325431310583716e-12  +0.0000000000000000e+00
+12   +3.2833225659649676e-13  +0.0000000000000000e+00
+13   +5.2332041096420558e-14  +0.0000000000000000e+00
+14   +2.6881921884105672e-15  +0.0000000000000000e+00
+15   +2.7567022178684643e-16  +0.0000000000000000e+00
+16   +2.5294107658965709e-17  +0.0000000000000000e+00
+17   -1.2763148782630208e-16  +0.0000000000000000e+00
+18   -3.0729564323172227e-17  +0.0000000000000000e+00
+19   +8.4014960074493901e-17  +0.0000000000000000e+00
+20   -3.3672927363618451e-17  +0.0000000000000000e+00
+21   +7.3749132329566625e-18  +0.0000000000000000e+00
+22   +3.5278552804437089e-17  +0.0000000000000000e+00
+23   +6.7603293351441049e-18  +0.0000000000000000e+00
+24   +4.0609594547116219e-17  +0.0000000000000000e+00
+25   +1.4496013711272132e-18  +0.0000000000000000e+00
+26   +1.4180657098933214e-17  +0.0000000000000000e+00
+27   +8.3886051632748312e-17  +0.0000000000000000e+00
+28   +3.2604890278213766e-17  +0.0000000000000000e+00
+29   -1.4272778855983192e-18  +0.0000000000000000e+00
+30   -1.2091979367977339e-17  +0.0000000000000000e+00

