-30   +0.0000000000000000e+00  +4.0473910480311586e-34
-29   +0.0000000000000000e+00  -6.9685223645764396e-32
-28   +0.0000000000000000e+00  +4.8109048554575510e-32
-27   +0.0000000000000000e+00  -9.0474857295519523e-30
-26   +0.0000000000000000e+00  +5.7195496455800143e-30
-25   +0.0000000000000000e+00  -1.1845695772589400e-27
-24   +0.0000000000000000e+00  +6.7981597467744207e-28
-23   +0.0000000000000000e+00  -1.5662073882339961e-25
-22   +0.0000000000000000e+00  +8.0744029349698866e-26
-21   +0.0000000000000000e+00  -2.0949450327627878e-23
-20   +0.0000000000000000e+00  +9.5759316747826794e-24
-19   +0.0000000000000000e+00  -2.8414845996683328e-21
-18   +0.0000000000000000e+00  +1.1324788995132892e-21
-17   +0.0000000000000000e+00  -3.9203428060525377e-19
-16   +0.0000000000000000e+00  +1.3324317078472586e-19
-15   +0.0000000000000000e+00  -5.5256206550955473e-17
-14   +0.0000000000000000e+00  +1.5528444054830296e-17
-13   +0.0000000000000000e+00  -8.0057720056325516e-15
-12   +0.0000000000000000e+00  +1.7766780779874891e-15
-11   +0.0000000000000000e+00  -1.2034976480218662e-12
-10   +0.0000000000000000e+00  +1.9548253362044115e-13
 -9   +0.0000000000000000e+00  -1.9056790331808357e-10
 -8   +0.0000000000000000e+00  +1.9484897647584373e-11
 -7   +0.0000000000000000e+00  -3.2644673249122247e-08
 -6   +0.0000000000000000e+00  +1.3283269666188836e-09
 -5   +0.0000000000000000e+00  -6.3888861413060986e-06
 -4   +0.0000000000000000e+00  -1.5503209189398705e-07
 -3   +0.0000000000000000e+00  -1.6475007153924433e-03
 -2   +0.0000000000000000e+00  -1.6686052425763422e-04
 -1   +0.0000000000000000e+00  -1.0962853755199313e+00
 +0   +0.0000000000000000e+00  +0.0000000000000000e+00
 +1   +0.0000000000000000e+00  +1.0962853755199313e+00
 +2   +0.0000000000000000e+00  +1.6686052425763422e-04
 +3   +0.0000000000000000e+00  +1.6475007153924433e-03
 +4   +0.0000000000000000e+00  +1.5503209189398705e-07
 +5   +0.0000000000000000e+00  +6.3888861413060986e-06
 +6   +0.0000000000000000e+00  -1.3283269666188836e-09
 +7   +0.0000000000000000e+00  +3.2644673249122247e-08
 +8   +0.0000000000000000e+00  -1.9484897647584373e-11
 +9   +0.0000000000000000e+00  +1.9056790331808357e-10
+10   +0.0000000000000000e+00  -1.9548253362044115e-13
+11   +0.0000000000000000e+00  +1.2034976480218662e-12
+12   +0.0000000000000000e+00  -1.7766780779874891e-15
+13   +0.0000000000000000e+00  +8.0057720056325516e-15
+14   +0.0000000000000000e+00  -1.5528444054830296e-17
+15   +0.0000000000000000e+00  +5.5256206550955473e-17
+16   +0.0000000000000000e+00  -1.3324317078472586e-19
+17   +0.0000000000000000e+00  +3.9203428060525377e-19
+18   +0.0000000000000000e+00  -1.1324788995132892e-21
+19   +0.0000000000000000e+00  +2.8414845996683328e-21
+20   +0.0000000000000000e+00  -9.5759316747826794e-24
+21   +0.0000000000000000e+00  +2.0949450327627878e-23
+22   +0.0000000000000000e+00  -8.0744029349698866e-26
+23   +0.0000000000000000e+00  +1.5662073882339961e-25
+24   +0.0000000000000000e+00  -6.7981597467744207e-28
+25   +0.0000000000000000e+00  +1.1845695772589400e-27
+26   +0.0000000000000000e+00  -5.7195496455800143e-30
+27   +0.0000000000000000e+00  +9.0474857295519523e-30
+28   +0.0000000000000000e+00  -4.8109048554575510e-32
+29   +0.0000000000000000e+00  +6.9685223645764396e-32
+30   +0.0000000000000000e+00  -4.0473910480311586e-34

