-30   +0.0000000000000000e+00  -8.9761197516676247e-32
-29   +0.0000000000000000e+00  +7.5755370344171562e-32
-28   +0.0000000000000000e+00  -1.0446974412051383e-29
-27   +0.0000000000000000e+00  +8.2122254424030151e-30
-26   +0.0000000000000000e+00  -1.2157888760283108e-27
-25   +0.0000000000000000e+00  +8.8528107796175652e-28
-24   +0.0000000000000000e+00  -1.4146723680887219e-25
-23   +0.0000000000000000e+00  +9.4806649461287669e-26
-22   +0.0000000000000000e+00  -1.6457503931663316e-23
-21   +0.0000000000000000e+00  +1.0074049293730259e-23
-20   +0.0000000000000000e+00  -1.9140601299414889e-21
-19   +0.0000000000000000e+00  +1.0604364486653859e-21
-18   +0.0000000000000000e+00  -2.2253220754619826e-19
-17   +0.0000000000000000e+00  +1.1034445499771705e-19
-16   +0.0000000000000000e+00  -2.5859533572891372e-17
-15   +0.0000000000000000e+00  +1.1316436712363510e-17
-14   +0.0000000000000000e+00  -3.0029966350754059e-15
-13   +0.0000000000000000e+00  +1.1389087339665151e-15
-12   +0.0000000000000000e+00  -3.4838505272170115e-13
-11   +0.0000000000000000e+00  +1.1174141774341206e-13
-10   +0.0000000000000000e+00  -4.0355118491464950e-11
 -9   +0.0000000000000000e+00  +1.0570990812197845e-11
 -8   +0.0000000000000000e+00  -4.6624934105398195e-09
 -7   +0.0000000000000000e+00  +9.4468530102124869e-10
 -6   +0.0000000000000000e+00  -5.3605133182268826e-07
 -5   +0.0000000000000000e+00  +7.6106380476197379e-08
 -4   +0.0000000000000000e+00  -6.0925452875931286e-05
 -3   +0.0000000000000000e+00  +4.6930466035814665e-06
 -2   +0.0000000000000000e+00  -6.6434345170004227e-03
 -1   +0.0000000000000000e+00  -1.3221880141862902e-04
 +0   +0.0000000000000000e+00  +0.0000000000000000e+00
 +1   +0.0000000000000000e+00  +1.3221880141862902e-04
 +2   +0.0000000000000000e+00  +6.6434345170004227e-03
 +3   +0.0000000000000000e+00  -4.6930466035814665e-06
 +4   +0.0000000000000000e+00  +6.0925452875931286e-05
 +5   +0.0000000000000000e+00  -7.6106380476197379e-08
 +6   +0.0000000000000000e+00  +5.3605133182268826e-07
 +7   +0.0000000000000000e+00  -9.4468530102124869e-10
 +8   +0.0000000000000000e+00  +4.6624934105398195e-09
 +9   +0.0000000000000000e+00  -1.0570990812197845e-11
+10   +0.0000000000000000e+00  +4.0355118491464950e-11
+11   +0.0000000000000000e+00  -1.1174141774341206e-13
+12   +0.0000000000000000e+00  +3.4838505272170115e-13
+13   +0.0000000000000000e+00  -1.1389087339665151e-15
+14   +0.0000000000000000e+00  +3.0029966350754059e-15
+15   +0.0000000000000000e+00  -1.1316436712363510e-17
+16   +0.0000000000000000e+00  +2.5859533572891372e-17
+17   +0.0000000000000000e+00  -1.1034445499771705e-19
+18   +0.0000000000000000e+00  +2.2253220754619826e-19
+19   +0.0000000000000000e+00  -1.0604364486653859e-21
+20   +0.0000000000000000e+00  +1.9140601299414889e-21
+21   +0.0000000000000000e+00  -1.0074049293730259e-23
+22   +0.0000000000000000e+00  +1.6457503931663316e-23
+23   +0.0000000000000000e+00  -9.4806649461287669e-26
+24   +0.0000000000000000e+00  +1.4146723680887219e-25
+25   +0.0000000000000000e+00  -8.8528107796175652e-28
+26   +0.0000000000000000e+00  +1.2157888760283108e-27
+27   +0.0000000000000000e+00  -8.2122254424030151e-30
+28   +0.0000000000000000e+00  +1.0446974412051383e-29
+29   +0.0000000000000000e+00  -7.5755370344171562e-32
+30   +0.0000000000000000e+00  +8.9761197516676247e-32

