-30   +9.4626983092110350e-16  +0.0000000000000000e+00
-29   -8.7139559737689335e-16  +0.0000000000000000e+00
-28   +1.5140771281011093e-15  +0.0000000000000000e+00
-27   +8.2662055676902966e-16  +0.0000000000000000e+00
-26   +1.7371004740076155e-16  +0.0000000000000000e+00
-25   +4.3513615176983272e-16  +0.0000000000000000e+00
-24   +4.8785455407306713e-16  +0.0000000000000000e+00
-23   -6.4033395733893085e-17  +0.0000000000000000e+00
-22   +8.3278055964582038e-16  +0.0000000000000000e+00
-21   -4.6693183524499135e-16  +0.0000000000000000e+00
-20   -3.6036281217069840e-17  +0.0000000000000000e+00
-19   +1.5845736474010553e-15  +0.0000000000000000e+00
-18   -2.9012909693884479e-16  +0.0000000000000000e+00
-17   +2.9522978822436441e-15  +0.0000000000000000e+00
-16   -8.0786629661349185e-16  +0.0000000000000000e+00
-15   +6.9841676771668473e-13  +0.0000000000000000e+00
-14   -1.9251385142639492e-13  +0.0000000000000000e+00
-13   +8.1224008440930867e-11  +0.0000000000000000e+00
-12   -1.7708369229013210e-11  +0.0000000000000000e+00
-11   +9.4360388675047093e-09  +0.0000000000000000e+00
-10   -1.5171987781753513e-09  +0.0000000000000000e+00
 -9   +1.0952167311971024e-06  +0.0000000000000000e+00
 -8   -1.1394650264350738e-07  +0.0000000000000000e+00
 -7   +1.2694677182725176e-04  +0.0000000000000000e+00
 -6   -6.1221728952731479e-06  +0.0000000000000000e+00
 -5   +1.4681802445638841e-02  +0.0000000000000000e+00
 -4   +7.8741878364831997e-05  +0.0000000000000000e+00
 -3   +1.6914540358354522e+00  +0.0000000000000000e+00
 -2   +8.6845510163190476e-02  +0.0000000000000000e+00
 -1   +1.9428193115490302e+02  +0.0000000000000000e+00
 +0   -6.3140695677343650e-02  +0.0000000000000000e+00
 +1   +1.9428193115490302e+02  +0.0000000000000000e+00
 +2   +8.6845510163190476e-02  +0.0000000000000000e+00
 +3   +1.6914540358354522e+00  +0.0000000000000000e+00
 +4   +7.8741878364831997e-05  +0.0000000000000000e+00
 +5   +1.4681802445638841e-02  +0.0000000000000000e+00
 +6   -6.1221728952731479e-06  +0.0000000000000000e+00
 +7   +1.2694677182725176e-04  +0.0000000000000000e+00
 +8   -1.1394650264350738e-07  +0.0000000000000000e+00
 +9   +1.0952167311971024e-06  +0.0000000000000000e+00
+10   -1.5171987781753513e-09  +0.0000000000000000e+00
+11   +9.4360388675047093e-09  +0.0000000000000000e+00
+12   -1.7708369229013210e-11  +0.0000000000000000e+00
+13   +8.1224008440930867e-11  +0.0000000000000000e+00
+14   -1.9251385142639492e-13  +0.0000000000000000e+00
+15   +6.9841676771668473e-13  +0.0000000000000000e+00
+16   -8.0786629661349185e-16  +0.0000000000000000e+00
+17   +2.9522978822436441e-15  +0.0000000000000000e+00
+18   -2.9012909693884479e-16  +0.0000000000000000e+00
+19   +1.5845736474010553e-15  +0.0000000000000000e+00
+20   -3.6036281217069840e-17  +0.0000000000000000e+00
+21   -4.6693183524499135e-16  +0.0000000000000000e+00
+22   +8.3278055964582038e-16  +0.0000000000000000e+00
+23   -6.4033395733893085e-17  +0.0000000000000000e+00
+24   +4.8785455407306713e-16  +0.0000000000000000e+00
+25   +4.3513615176983272e-16  +0.0000000000000000e+00
+26   +1.7371004740076155e-16  +0.0000000000000000e+00
+27   +8.2662055676902966e-16  +0.0000000000000000e+00
+28   +1.5140771281011093e-15  +0.0000000000000000e+00
+29   -8.7139559737689335e-16  +0.0000000000000000e+00
+30   +9.4626983092110350e-16  +0.0000000000000000e+00

