-30   -4.0473896376161650e-34  +0.0000000000000000e+00
-29   +6.9706211300292566e-32  +0.0000000000000000e+00
-28   -4.8127044329573483e-32  +0.0000000000000000e+00
-27   +9.0503883335218642e-30  +0.0000000000000000e+00
-26   -5.7218478060461681e-30  +0.0000000000000000e+00
-25   +1.1849759738301619e-27  +0.0000000000000000e+00
-24   -6.8011036606473475e-28  +0.0000000000000000e+00
-23   +1.5667846498033196e-25  +0.0000000000000000e+00
-22   -8.0781830361790060e-26  +0.0000000000000000e+00
-21   +2.0957789104804908e-23  +0.0000000000000000e+00
-20   -9.5807871003880220e-24  +0.0000000000000000e+00
-19   +2.8427133551895878e-21  +0.0000000000000000e+00
-18   -1.1330999748983052e-21  +0.0000000000000000e+00
-17   +3.9221970701912265e-19  +0.0000000000000000e+00
-16   -1.3332147793599323e-19  +0.0000000000000000e+00
-15   +5.5285011332649129e-17  +0.0000000000000000e+00
-14   -1.5537927068766822e-17  +0.0000000000000000e+00
-13   +8.0104100895332238e-15  +0.0000000000000000e+00
-12   -1.7776948818094144e-15  +0.0000000000000000e+00
-11   +1.2042789462463127e-12  +0.0000000000000000e+00
-10   -1.9554299449510142e-13  +0.0000000000000000e+00
 -9   +1.9070725777124988e-10  +0.0000000000000000e+00
 -8   -1.9466149529890177e-11  +0.0000000000000000e+00
 -7   +3.2671301929148307e-08  +0.0000000000000000e+00
 -6   -1.3138198916240155e-09  +0.0000000000000000e+00
 -5   +6.3942038090537801e-06  +0.0000000000000000e+00
 -4   +1.6505126407065895e-07  +0.0000000000000000e+00
 -3   +1.6478366884249459e-03  +0.0000000000000000e+00
 -2   +1.8287422346347710e-04  +0.0000000000000000e+00
 -1   +1.0773821813539128e+00  +0.0000000000000000e+00
 +0   -9.7552423287035480e-04  +0.0000000000000000e+00
 +1   +1.0773821813539128e+00  +0.0000000000000000e+00
 +2   +1.8287422346347710e-04  +0.0000000000000000e+00
 +3   +1.6478366884249459e-03  +0.0000000000000000e+00
 +4   +1.6505126407065895e-07  +0.0000000000000000e+00
 +5   +6.3942038090537801e-06  +0.0000000000000000e+00
 +6   -1.3138198916240155e-09  +0.0000000000000000e+00
 +7   +3.2671301929148307e-08  +0.0000000000000000e+00
 +8   -1.9466149529890177e-11  +0.0000000000000000e+00
 +9   +1.9070725777124988e-10  +0.0000000000000000e+00
+10   -1.9554299449510142e-13  +0.0000000000000000e+00
+11   +1.2042789462463127e-12  +0.0000000000000000e+00
+12   -1.7776948818094144e-15  +0.0000000000000000e+00
+13   +8.0104100895332238e-15  +0.0000000000000000e+00
+14   -1.5537927068766822e-17  +0.0000000000000000e+00
+15   +5.5285011332649129e-17  +0.0000000000000000e+00
+16   -1.3332147793599323e-19  +0.0000000000000000e+00
+17   +3.9221970701912265e-19  +0.0000000000000000e+00
+18   -1.1330999748983052e-21  +0.0000000000000000e+00
+19   +2.8427133551895878e-21  +0.0000000000000000e+00
+20   -9.5807871003880220e-24  +0.0000000000000000e+00
+21   +2.0957789104804908e-23  +0.0000000000000000e+00
+22   -8.0781830361790060e-26  +0.0000000000000000e+00
+23   +1.5667846498033196e-25  +0.0000000000000000e+00
+24   -6.8011036606473475e-28  +0.0000000000000000e+00
+25   +1.1849759738301619e-27  +0.0000000000000000e+00
+26   -5.7218478060461681e-30  +0.0000000000000000e+00
+27   +9.0503883335218642e-30  +0.0000000000000000e+00
+28   -4.8127044329573483e-32  +0.0000000000000000e+00
+29   +6.9706211300292566e-32  +0.0000000000000000e+00
+30   -4.0473896376161650e-34  +0.0000000000000000e+00

