-30   +1.1991516959829763e-32  +0.0000000000000000e+00
-29   -9.9103386580903187e-33  +0.0000000000000000e+00
-28   +1.4457851091608174e-30  +0.0000000000000000e+00
-27   -1.1108662446086224e-30  +0.0000000000000000e+00
-26   +1.7474580516929725e-28  +0.0000000000000000e+00
-25   -1.2409963442183578e-28  +0.0000000000000000e+00
-24   +2.1181845883883014e-26  +0.0000000000000000e+00
-23   -1.3808767790948523e-26  +0.0000000000000000e+00
-22   +2.5762423921823363e-24  +0.0000000000000000e+00
-21   -1.5291785347702083e-24  +0.0000000000000000e+00
-20   +3.1459127821696707e-22  +0.0000000000000000e+00
-19   -1.6834501555498643e-22  +0.0000000000000000e+00
-18   +3.8601005573320729e-20  +0.0000000000000000e+00
-17   -1.8395597928468330e-20  +0.0000000000000000e+00
-16   +4.7645271497127453e-18  +0.0000000000000000e+00
-15   -1.9908252700971901e-18  +0.0000000000000000e+00
-14   +5.9247961802702356e-16  +0.0000000000000000e+00
-13   -2.1265931345575832e-16  +0.0000000000000000e+00
-12   +7.4390885092722203e-14  +0.0000000000000000e+00
-11   -2.2297603702957190e-14  +0.0000000000000000e+00
-10   +9.4629236859870030e-12  +0.0000000000000000e+00
 -9   -2.2720280727214806e-12  +0.0000000000000000e+00
 -8   +1.2262999570689242e-09  +0.0000000000000000e+00
 -7   -2.2034787518498903e-10  +0.0000000000000000e+00
 -6   +1.6353387542903858e-07  +0.0000000000000000e+00
 -5   -1.9243418317658332e-08  +0.0000000000000000e+00
 -4   +2.2928794856253108e-05  +0.0000000000000000e+00
 -3   -1.1755915734711162e-06  +0.0000000000000000e+00
 -2   +3.5935889993065086e-03  +0.0000000000000000e+00
 -1   +1.4354608749576461e-04  +0.0000000000000000e+00
 +0   +1.0009074577081589e+00  +0.0000000000000000e+00
 +1   +1.4354608749576461e-04  +0.0000000000000000e+00
 +2   +3.5935889993065086e-03  +0.0000000000000000e+00
 +3   -1.1755915734711166e-06  +0.0000000000000000e+00
 +4   +2.2928794856253108e-05  +0.0000000000000000e+00
 +5   -1.9243418317658332e-08  +0.0000000000000000e+00
 +6   +1.6353387542903858e-07  +0.0000000000000000e+00
 +7   -2.2034787518498919e-10  +0.0000000000000000e+00
 +8   +1.2262999570689240e-09  +0.0000000000000000e+00
 +9   -2.2720280727214826e-12  +0.0000000000000000e+00
+10   +9.4629236859870014e-12  +0.0000000000000000e+00
+11   -2.2297603702957218e-14  +0.0000000000000000e+00
+12   +7.4390885092722203e-14  +0.0000000000000000e+00
+13   -2.1265931345575832e-16  +0.0000000000000000e+00
+14   +5.9247961802702366e-16  +0.0000000000000000e+00
+15   -1.9908252700971913e-18  +0.0000000000000000e+00
+16   +4.7645271497127453e-18  +0.0000000000000000e+00
+17   -1.8395597928468327e-20  +0.0000000000000000e+00
+18   +3.8601005573320729e-20  +0.0000000000000000e+00
+19   -1.6834501555498673e-22  +0.0000000000000000e+00
+20   +3.1459127821696702e-22  +0.0000000000000000e+00
+21   -1.5291785347702086e-24  +0.0000000000000000e+00
+22   +2.5762423921823370e-24  +0.0000000000000000e+00
+23   -1.3808767790948525e-26  +0.0000000000000000e+00
+24   +2.1181845883883012e-26  +0.0000000000000000e+00
+25   -1.2409963442183567e-28  +0.0000000000000000e+00
+26   +1.7474580516929723e-28  +0.0000000000000000e+00
+27   -1.1108662446086231e-30  +0.0000000000000000e+00
+28   +1.4457851091608174e-30  +0.0000000000000000e+00
+29   -9.9103386580903118e-33  +0.0000000000000000e+00
+30   +1.1991516959829769e-32  +0.0000000000000000e+00

