-30   +1.8426290582648349e-18  +0.0000000000000000e+00
-29   +2.5004515392215919e-18  +0.0000000000000000e+00
-28   +4.2570599215323999e-18  +0.0000000000000000e+00
-27   +7.5593496775615677e-19  +0.0000000000000000e+00
-26   +1.5714314566905795e-18  +0.0000000000000000e+00
-25   +2.2307912902248782e-19  +0.0000000000000000e+00
-24   -2.1650930300246482e-18  +0.0000000000000000e+00
-23   +5.8897743962793009e-19  +0.0000000000000000e+00
-22   +3.4282138253563076e-19  +0.0000000000000000e+00
-21   +1.4240691460283865e-18  +0.0000000000000000e+00
-20   +2.1800579949640585e-18  +0.0000000000000000e+00
-19   +1.3813224454021441e-18  +0.0000000000000000e+00
-18   -1.6890314202671186e-18  +0.0000000000000000e+00
-17   +1.7435674893897798e-18  +0.0000000000000000e+00
-16   +3.0545550941425666e-17  +0.0000000000000000e+00
-15   -3.1593432677200846e-18  +0.0000000000000000e+00
-14   +2.5584428233237137e-15  +0.0000000000000000e+00
-13   -8.1477357443744689e-16  +0.0000000000000000e+00
-12   +2.9991928102407598e-13  +0.0000000000000000e+00
-11   -7.7509274806005169e-14  +0.0000000000000000e+00
-10   +3.5256691107803980e-11  +0.0000000000000000e+00
 -9   -7.0441953726117098e-12  +0.0000000000000000e+00
 -8   +4.1559515962499291e-09  +0.0000000000000000e+00
 -7   -5.8602632842601848e-10  +0.0000000000000000e+00
 -6   +4.9216248913300896e-07  +0.0000000000000000e+00
 -5   -4.0342907490399498e-08  +0.0000000000000000e+00
 -4   +5.8813917807754907e-05  +0.0000000000000000e+00
 -3   -1.3151814873071570e-06  +0.0000000000000000e+00
 -2   +7.1938851275387154e-03  +0.0000000000000000e+00
 -1   +2.8837588629600165e-04  +0.0000000000000000e+00
 +0   +1.0018416089248365e+00  +0.0000000000000000e+00
 +1   +2.8837588629600165e-04  +0.0000000000000000e+00
 +2   +7.1938851275387154e-03  +0.0000000000000000e+00
 +3   -1.3151814873071570e-06  +0.0000000000000000e+00
 +4   +5.8813917807754907e-05  +0.0000000000000000e+00
 +5   -4.0342907490399498e-08  +0.0000000000000000e+00
 +6   +4.9216248913300896e-07  +0.0000000000000000e+00
 +7   -5.8602632842601848e-10  +0.0000000000000000e+00
 +8   +4.1559515962499291e-09  +0.0000000000000000e+00
 +9   -7.0441953726117098e-12  +0.0000000000000000e+00
+10   +3.5256691107803980e-11  +0.0000000000000000e+00
+11   -7.7509274806005169e-14  +0.0000000000000000e+00
+12   +2.9991928102407598e-13  +0.0000000000000000e+00
+13   -8.1477357443744689e-16  +0.0000000000000000e+00
+14   +2.5584428233237137e-15  +0.0000000000000000e+00
+15   -3.1593432677200846e-18  +0.0000000000000000e+00
+16   +3.0545550941425666e-17  +0.0000000000000000e+00
+17   +1.7435674893897798e-18  +0.0000000000000000e+00
+18   -1.6890314202671186e-18  +0.0000000000000000e+00
+19   +1.3813224454021441e-18  +0.0000000000000000e+00
+20   +2.1800579949640585e-18  +0.0000000000000000e+00
+21   +1.4240691460283865e-18  +0.0000000000000000e+00
+22   +3.4282138253563076e-19  +0.0000000000000000e+00
+23   +5.8897743962793009e-19  +0.0000000000000000e+00
+24   -2.1650930300246482e-18  +0.0000000000000000e+00
+25   +2.2307912902248782e-19  +0.0000000000000000e+00
+26   +1.5714314566905795e-18  +0.0000000000000000e+00
+27   +7.5593496775615677e-19  +0.0000000000000000e+00
+28   +4.2570599215323999e-18  +0.0000000000000000e+00
+29   +2.5004515392215919e-18  +0.0000000000000000e+00
+30   +1.8426290582648349e-18  +0.0000000000000000e+00

