-30   +7.3035399109873012e-32  +0.0000000000000000e+00
-29   -5.7182768417529866e-32  +0.0000000000000000e+00
-28   +8.5298013860763212e-30  +0.0000000000000000e+00
-27   -6.1832440465764157e-30  +0.0000000000000000e+00
-26   +9.9643263701827197e-28  +0.0000000000000000e+00
-25   -6.6441501265364020e-28  +0.0000000000000000e+00
-24   +1.1643621828553025e-25  +0.0000000000000000e+00
-23   -7.0866963724992582e-26  +0.0000000000000000e+00
-22   +1.3610836144002491e-23  +0.0000000000000000e+00
-21   -7.4916519838121234e-24  +0.0000000000000000e+00
-20   +1.5917391803266366e-21  +0.0000000000000000e+00
-19   -7.8337093197107429e-22  +0.0000000000000000e+00
-18   +1.8624967147115867e-19  +0.0000000000000000e+00
-17   -8.0798882800898272e-20  +0.0000000000000000e+00
-16   +2.1808233480541660e-17  +0.0000000000000000e+00
-15   -8.1875034957091787e-18  +0.0000000000000000e+00
-14   +2.5558861528434922e-15  +0.0000000000000000e+00
-13   -8.1015250345576899e-16  +0.0000000000000000e+00
-12   +2.9991860738276281e-13  +0.0000000000000000e+00
-11   -7.7510367162567754e-14  +0.0000000000000000e+00
-10   +3.5256691605336484e-11  +0.0000000000000000e+00
 -9   -7.0441965468484643e-12  +0.0000000000000000e+00
 -8   +4.1559515974561586e-09  +0.0000000000000000e+00
 -7   -5.8602632756320985e-10  +0.0000000000000000e+00
 -6   +4.9216248913122013e-07  +0.0000000000000000e+00
 -5   -4.0342907490110111e-08  +0.0000000000000000e+00
 -4   +5.8813917807756554e-05  +0.0000000000000000e+00
 -3   -1.3151814873138727e-06  +0.0000000000000000e+00
 -2   +7.1938851275387111e-03  +0.0000000000000000e+00
 -1   +2.8837588629600247e-04  +0.0000000000000000e+00
 +0   +1.0018416089248379e+00  +0.0000000000000000e+00
 +1   +2.8837588629600247e-04  +0.0000000000000000e+00
 +2   +7.1938851275387111e-03  +0.0000000000000000e+00
 +3   -1.3151814873138736e-06  +0.0000000000000000e+00
 +4   +5.8813917807756554e-05  +0.0000000000000000e+00
 +5   -4.0342907490110111e-08  +0.0000000000000000e+00
 +6   +4.9216248913122013e-07  +0.0000000000000000e+00
 +7   -5.8602632756321027e-10  +0.0000000000000000e+00
 +8   +4.1559515974561578e-09  +0.0000000000000000e+00
 +9   -7.0441965468484692e-12  +0.0000000000000000e+00
+10   +3.5256691605336478e-11  +0.0000000000000000e+00
+11   -7.7510367162567830e-14  +0.0000000000000000e+00
+12   +2.9991860738276276e-13  +0.0000000000000000e+00
+13   -8.1015250345576948e-16  +0.0000000000000000e+00
+14   +2.5558861528434918e-15  +0.0000000000000000e+00
+15   -8.1875034957091848e-18  +0.0000000000000000e+00
+16   +2.1808233480541660e-17  +0.0000000000000000e+00
+17   -8.0798882800898284e-20  +0.0000000000000000e+00
+18   +1.8624967147115865e-19  +0.0000000000000000e+00
+19   -7.8337093197107494e-22  +0.0000000000000000e+00
+20   +1.5917391803266366e-21  +0.0000000000000000e+00
+21   -7.4916519838121263e-24  +0.0000000000000000e+00
+22   +1.3610836144002494e-23  +0.0000000000000000e+00
+23   -7.0866963724992616e-26  +0.0000000000000000e+00
+24   +1.1643621828553025e-25  +0.0000000000000000e+00
+25   -6.6441501265364011e-28  +0.0000000000000000e+00
+26   +9.9643263701827197e-28  +0.0000000000000000e+00
+27   -6.1832440465764199e-30  +0.0000000000000000e+00
+28   +8.5298013860763212e-30  +0.0000000000000000e+00
+29   -5.7182768417529877e-32  +0.0000000000000000e+00
+30   +7.3035399109873023e-32  +0.0000000000000000e+00

