-30   -0.0000000000000000e+00  -2.4628556201837771e-17
-29   +0.0000000000000000e+00  +5.3137422350838693e-17
-28   -0.0000000000000000e+00  -2.7973996082913057e-18
-27   -0.0000000000000000e+00  -8.1807460316923950e-19
-26   +0.0000000000000000e+00  +2.5377347505324554e-17
-25   +0.0000000000000000e+00  +6.2646146021179421e-18
-24   -0.0000000000000000e+00  -3.8851791952284086e-18
-23   +0.0000000000000000e+00  +4.5193490456089480e-18
-22   +0.0000000000000000e+00  +1.1371782469433926e-17
-21   +0.0000000000000000e+00  +2.7410222627574525e-17
-20   +0.0000000000000000e+00  +2.3850977617684832e-17
-19   +0.0000000000000000e+00  +3.7205417558192350e-17
-18   -0.0000000000000000e+00  -7.2274644512720795e-18
-17   +0.0000000000000000e+00  +1.1343471023652988e-16
-16   -0.0000000000000000e+00  -7.9054366029882774e-18
-15   -0.0000000000000000e+00  -3.3632697094964194e-16
-14   +0.0000000000000000e+00  +6.1770333355855781e-16
-13   -0.0000000000000000e+00  -5.3491524707510834e-14
-12   +0.0000000000000000e+00  +8.4229029570283000e-14
-11   -0.0000000000000000e+00  -8.0509436852947411e-12
-10   +0.0000000000000000e+00  +1.2414917058941135e-11
 -9   -0.0000000000000000e+00  -1.2739787053709581e-09
 -8   +0.0000000000000000e+00  +1.9466324426031337e-09
 -7   -0.0000000000000000e+00  -2.1807584548093485e-07
 -6   +0.0000000000000000e+00  +3.3650891591982264e-07
 -5   -0.0000000000000000e+00  -4.2642190507476821e-05
 -4   +0.0000000000000000e+00  +6.9573630621451264e-05
 -3   -0.0000000000000000e+00  -1.0980613860256432e-02
 -2   +0.0000000000000000e+00  +2.2120435109180131e-02
 -1   -0.0000000000000000e+00  -7.2633639329092672e+00
 +0   +0.0000000000000000e+00  +0.0000000000000000e+00
 +1   +0.0000000000000000e+00  +7.2633639329092672e+00
 +2   -0.0000000000000000e+00  -2.2120435109180131e-02
 +3   +0.0000000000000000e+00  +1.0980613860256432e-02
 +4   -0.0000000000000000e+00  -6.9573630621451264e-05
 +5   +0.0000000000000000e+00  +4.2642190507476821e-05
 +6   -0.0000000000000000e+00  -3.3650891591982264e-07
 +7   +0.0000000000000000e+00  +2.1807584548093485e-07
 +8   -0.0000000000000000e+00  -1.9466324426031337e-09
 +9   +0.0000000000000000e+00  +1.2739787053709581e-09
+10   -0.0000000000000000e+00  -1.2414917058941135e-11
+11   +0.0000000000000000e+00  +8.0509436852947411e-12
+12   -0.0000000000000000e+00  -8.4229029570283000e-14
+13   +0.0000000000000000e+00  +5.3491524707510834e-14
+14   -0.0000000000000000e+00  -6.1770333355855781e-16
+15   +0.0000000000000000e+00  +3.3632697094964194e-16
+16   +0.0000000000000000e+00  +7.9054366029882774e-18
+17   -0.0000000000000000e+00  -1.1343471023652988e-16
+18   +0.0000000000000000e+00  +7.2274644512720795e-18
+19   -0.0000000000000000e+00  -3.7205417558192350e-17
+20   -0.0000000000000000e+00  -2.3850977617684832e-17
+21   -0.0000000000000000e+00  -2.7410222627574525e-17
+22   -0.0000000000000000e+00  -1.1371782469433926e-17
+23   -0.0000000000000000e+00  -4.5193490456089480e-18
+24   +0.0000000000000000e+00  +3.8851791952284086e-18
+25   -0.0000000000000000e+00  -6.2646146021179421e-18
+26   -0.0000000000000000e+00  -2.5377347505324554e-17
+27   +0.0000000000000000e+00  +8.1807460316923950e-19
+28   +0.0000000000000000e+00  +2.7973996082913057e-18
+29   -0.0000000000000000e+00  -5.3137422350838693e-17
+30   +0.0000000000000000e+00  +2.4628556201837771e-17

