+0 +5.5287876812404519e+00
+1 +1.4277900458063495e+01
+2 -3.9612953774247053e-03
+3 +2.1952161894230816e-02
+4 +1.1548301495070259e-04
+5 +8.5140411116093237e-05
+6 +1.1413061047374149e-06
+7 +4.3405739485177954e-07
+8 +9.7085570727295680e-09
+9 +2.5245921216358801e-09
+10 +8.0121155062344414e-11
+11 +1.5865086262116743e-11
+12 +6.5666451319299351e-13
+13 +1.0466408219284112e-13
+14 +5.3763843768211343e-15
+15 +5.5134044357369286e-16
+16 +5.0588215317931419e-17
+17 -2.5526297565260415e-16
+18 -6.1459128646344454e-17
+19 +1.6802992014898780e-16
+20 -6.7345854727236903e-17
+21 +1.4749826465913325e-17
+22 +7.0557105608874177e-17
+23 +1.3520658670288210e-17
+24 +8.1219189094232437e-17
+25 +2.8992027422544264e-18
+26 +2.8361314197866427e-17
+27 +1.6777210326549662e-16
+28 +6.5209780556427532e-17
+29 -2.8545557711966384e-18
+30 -2.4183958735954678e-17
