+0 +1.0009074577081589e+00
+1 +2.8709217499152921e-04
+2 +7.1871779986130173e-03
+3 -2.3511831469422328e-06
+4 +4.5857589712506215e-05
+5 -3.8486836635316665e-08
+6 +3.2706775085807717e-07
+7 -4.4069575036997822e-10
+8 +2.4525999141378480e-09
+9 -4.5440561454429636e-12
+10 +1.8925847371974003e-11
+11 -4.4595207405914405e-14
+12 +1.4878177018544441e-13
+13 -4.2531862691151664e-16
+14 +1.1849592360540471e-15
+15 -3.9816505401943810e-18
+16 +9.5290542994254907e-18
+17 -3.6791195856936653e-20
+18 +7.7202011146641458e-20
+19 -3.3669003110997318e-22
+20 +6.2918255643393414e-22
+21 -3.0583570695404169e-24
+22 +5.1524847843646733e-24
+23 -2.7617535581897045e-26
+24 +4.2363691767766029e-26
+25 -2.4819926884367148e-28
+26 +3.4949161033859446e-28
+27 -2.2217324892172455e-30
+28 +2.8915702183216348e-30
+29 -1.9820677316180632e-32
+30 +2.3983033919659532e-32
