+0 -9.7552423287035480e-04
+1 +2.1547643627078257e+00
+2 +3.6574844692695421e-04
+3 +3.2956733768498918e-03
+4 +3.3010252814131790e-07
+5 +1.2788407618107560e-05
+6 -2.6276397832480311e-09
+7 +6.5342603858296613e-08
+8 -3.8932299059780353e-11
+9 +3.8141451554249977e-10
+10 -3.9108598899020284e-13
+11 +2.4085578924926255e-12
+12 -3.5553897636188288e-15
+13 +1.6020820179066448e-14
+14 -3.1075854137533644e-17
+15 +1.1057002266529826e-16
+16 -2.6664295587198647e-19
+17 +7.8443941403824529e-19
+18 -2.2661999497966105e-21
+19 +5.6854267103791756e-21
+20 -1.9161574200776044e-23
+21 +4.1915578209609815e-23
+22 -1.6156366072358012e-25
+23 +3.1335692996066391e-25
+24 -1.3602207321294695e-27
+25 +2.3699519476603238e-27
+26 -1.1443695612092336e-29
+27 +1.8100776667043728e-29
+28 -9.6254088659146966e-32
+29 +1.3941242260058513e-31
+30 -8.0947792752323300e-34
