+0 +0.0000000000000000e+00
+1 -1.4526727865818534e+01
+2 +4.4240870218360262e-02
+3 -2.1961227720512864e-02
+4 +1.3914726124290253e-04
+5 -8.5284381014953643e-05
+6 +6.7301783183964528e-07
+7 -4.3615169096186969e-07
+8 +3.8932648852062674e-09
+9 -2.5479574107419163e-09
+10 +2.4829834117882269e-11
+11 -1.6101887370589482e-11
+12 +1.6845805914056600e-13
+13 -1.0698304941502167e-13
+14 +1.2354066671171156e-15
+15 -6.7265394189928387e-16
+16 -1.5810873205976555e-17
+17 +2.2686942047305975e-16
+18 -1.4454928902544159e-17
+19 +7.4410835116384700e-17
+20 +4.7701955235369664e-17
+21 +5.4820445255149051e-17
+22 +2.2743564938867853e-17
+23 +9.0386980912178960e-18
+24 -7.7703583904568173e-18
+25 +1.2529229204235884e-17
+26 +5.0754695010649109e-17
+27 -1.6361492063384790e-18
+28 -5.5947992165826114e-18
+29 +1.0627484470167739e-16
+30 -4.9257112403675542e-17
