-30   +0.0000000000000000e+00  +1.5425378236930755e-29
-29   +0.0000000000000000e+00  -2.4179665558591475e-27
-28   +0.0000000000000000e+00  +1.6442357852891805e-27
-27   +0.0000000000000000e+00  -2.8150600597810803e-25
-26   +0.0000000000000000e+00  +1.7514660566899545e-25
-25   +0.0000000000000000e+00  -3.2770649375698594e-23
-24   +0.0000000000000000e+00  +1.8493677670776243e-23
-23   +0.0000000000000000e+00  -3.8144520641390727e-21
-22   +0.0000000000000000e+00  +1.9320069159204874e-21
-21   +0.0000000000000000e+00  -4.4393113905527517e-19
-20   +0.0000000000000000e+00  +1.9917890796048303e-19
-19   +0.0000000000000000e+00  -5.1655626862689298e-17
-18   +0.0000000000000000e+00  +2.0191017689519672e-17
-17   +0.0000000000000000e+00  -6.0091651546153947e-15
-16   +0.0000000000000000e+00  +2.0019078153485154e-15
-15   +0.0000000000000000e+00  -6.9882985059515713e-13
-14   +0.0000000000000000e+00  +1.9253061590309158e-13
-13   +0.0000000000000000e+00  -8.1234566108452360e-11
-12   +0.0000000000000000e+00  +1.7711139941437023e-11
-11   +0.0000000000000000e+00  -9.4373262909996895e-09
-10   +0.0000000000000000e+00  +1.5176254341719123e-09
 -9   +0.0000000000000000e+00  -1.0954163726839836e-06
 -8   +0.0000000000000000e+00  +1.1400097364084016e-07
 -7   +0.0000000000000000e+00  -1.2697984486030099e-04
 -6   +0.0000000000000000e+00  +6.1292565756576877e-06
 -5   +0.0000000000000000e+00  -1.4687913360158612e-02
 -4   +0.0000000000000000e+00  -7.7794331495338362e-05
 -3   +0.0000000000000000e+00  -1.6928482433207066e+00
 -2   +0.0000000000000000e+00  -8.6713958311848638e-02
 -1   +0.0000000000000000e+00  -1.9487186281188312e+02
 +0   +0.0000000000000000e+00  +0.0000000000000000e+00
 +1   +0.0000000000000000e+00  +1.9487186281188312e+02
 +2   +0.0000000000000000e+00  +8.6713958311848624e-02
 +3   +0.0000000000000000e+00  +1.6928482433207064e+00
 +4   +0.0000000000000000e+00  +7.7794331495338145e-05
 +5   +0.0000000000000000e+00  +1.4687913360158612e-02
 +6   +0.0000000000000000e+00  -6.1292565756576851e-06
 +7   +0.0000000000000000e+00  +1.2697984486030096e-04
 +8   +0.0000000000000000e+00  -1.1400097364084027e-07
 +9   +0.0000000000000000e+00  +1.0954163726839836e-06
+10   +0.0000000000000000e+00  -1.5176254341719131e-09
+11   +0.0000000000000000e+00  +9.4373262909996878e-09
+12   +0.0000000000000000e+00  -1.7711139941437029e-11
+13   +0.0000000000000000e+00  +8.1234566108452347e-11
+14   +0.0000000000000000e+00  -1.9253061590309174e-13
+15   +0.0000000000000000e+00  +6.9882985059515673e-13
+16   +0.0000000000000000e+00  -2.0019078153485166e-15
+17   +0.0000000000000000e+00  +6.0091651546153947e-15
+18   +0.0000000000000000e+00  -2.0191017689519675e-17
+19   +0.0000000000000000e+00  +5.1655626862689273e-17
+20   +0.0000000000000000e+00  -1.9917890796048320e-19
+21   +0.0000000000000000e+00  +4.4393113905527508e-19
+22   +0.0000000000000000e+00  -1.9320069159204897e-21
+23   +0.0000000000000000e+00  +3.8144520641390720e-21
+24   +0.0000000000000000e+00  -1.8493677670776254e-23
+25   +0.0000000000000000e+00  +3.2770649375698594e-23
+26   +0.0000000000000000e+00  -1.7514660566899541e-25
+27   +0.0000000000000000e+00  +2.8150600597810794e-25
+28   +0.0000000000000000e+00  -1.6442357852891812e-27
+29   +0.0000000000000000e+00  +2.4179665558591479e-27
+30   +0.0000000000000000e+00  -1.5425378236930758e-29

