+0 +0.0000000000000000e+00
+1 -3.8974372562376624e+02
+2 -1.7342791662369728e-01
+3 -3.3856964866414128e+00
+4 -1.5558866299067651e-04
+5 -2.9375826720317223e-02
+6 +1.2258513151315372e-05
+7 -2.5395968972060192e-04
+8 +2.2800194728168043e-07
+9 -2.1908327453679671e-06
+10 +3.0352508683438254e-09
+11 -1.8874652581999379e-08
+12 +3.5422279882874053e-11
+13 -1.6246913221690469e-10
+14 +3.8506123180618332e-13
+15 -1.3976597011903139e-12
+16 +4.0038156306970324e-15
+17 -1.2018330309230789e-14
+18 +4.0382035379039351e-17
+19 -1.0331125372537857e-16
+20 +3.9835781592096621e-19
+21 -8.8786227811055034e-19
+22 +3.8640138318409771e-21
+23 -7.6289041282781439e-21
+24 +3.6987355341552497e-23
+25 -6.5541298751397188e-23
+26 +3.5029321133799086e-25
+27 -5.6301201195621597e-25
+28 +3.2884715705783617e-27
+29 -4.8359331117182958e-27
+30 +3.0850756473861516e-29
