-30   -7.7690133848616636e-15  +0.0000000000000000e+00
-29   +3.1949156749889834e-15  +0.0000000000000000e+00
-28   -5.6279608640067546e-15  +0.0000000000000000e+00
-27   -8.9407579522142238e-15  +0.0000000000000000e+00
-26   +5.5719153269819658e-16  +0.0000000000000000e+00
-25   -1.8361319773306617e-15  +0.0000000000000000e+00
-24   -5.0203816715188643e-15  +0.0000000000000000e+00
-23   +2.9544468590627803e-15  +0.0000000000000000e+00
-22   -1.0304699479516800e-14  +0.0000000000000000e+00
-21   +4.2995587404180389e-15  +0.0000000000000000e+00
-20   -7.9848705946742247e-15  +0.0000000000000000e+00
-19   -1.0536518067047241e-14  +0.0000000000000000e+00
-18   +1.3225353673375160e-14  +0.0000000000000000e+00
-17   -1.2992127503017922e-14  +0.0000000000000000e+00
-16   +1.0595270110447835e-14  +0.0000000000000000e+00
-15   -4.6205254386165736e-12  +0.0000000000000000e+00
-14   +1.2701356083573017e-12  +0.0000000000000000e+00
-13   -5.3814273489493322e-10  +0.0000000000000000e+00
-12   +1.1732042483783840e-10  +0.0000000000000000e+00
-11   -6.2517532811088192e-08  +0.0000000000000000e+00
-10   +1.0052036646269196e-08  +0.0000000000000000e+00
 -9   -7.2562494180772778e-06  +0.0000000000000000e+00
 -8   +7.5494123213987143e-07  +0.0000000000000000e+00
 -7   -8.4107319903792342e-04  +0.0000000000000000e+00
 -6   +4.0561847064632148e-05  +0.0000000000000000e+00
 -5   -9.7272820511787123e-02  +0.0000000000000000e+00
 -4   -5.2169647628479815e-04  +0.0000000000000000e+00
 -3   -1.1206560328062782e+01  +0.0000000000000000e+00
 -2   -5.7538628200710196e-01  +0.0000000000000000e+00
 -1   -1.2871955938575479e+03  +0.0000000000000000e+00
 +0   -5.1265655863337489e+00  +0.0000000000000000e+00
 +1   -1.2871955938575479e+03  +0.0000000000000000e+00
 +2   -5.7538628200710196e-01  +0.0000000000000000e+00
 +3   -1.1206560328062782e+01  +0.0000000000000000e+00
 +4   -5.2169647628479815e-04  +0.0000000000000000e+00
 +5   -9.7272820511787123e-02  +0.0000000000000000e+00
 +6   +4.0561847064632148e-05  +0.0000000000000000e+00
 +7   -8.4107319903792342e-04  +0.0000000000000000e+00
 +8   +7.5494123213987143e-07  +0.0000000000000000e+00
 +9   -7.2562494180772778e-06  +0.0000000000000000e+00
+10   +1.0052036646269196e-08  +0.0000000000000000e+00
+11   -6.2517532811088192e-08  +0.0000000000000000e+00
+12   +1.1732042483783840e-10  +0.0000000000000000e+00
+13   -5.3814273489493322e-10  +0.0000000000000000e+00
+14   +1.2701356083573017e-12  +0.0000000000000000e+00
+15   -4.6205254386165736e-12  +0.0000000000000000e+00
+16   +1.0595270110447835e-14  +0.0000000000000000e+00
+17   -1.2992127503017922e-14  +0.0000000000000000e+00
+18   +1.3225353673375160e-14  +0.0000000000000000e+00
+19   -1.0536518067047241e-14  +0.0000000000000000e+00
+20   -7.9848705946742247e-15  +0.0000000000000000e+00
+21   +4.2995587404180389e-15  +0.0000000000000000e+00
+22   -1.0304699479516800e-14  +0.0000000000000000e+00
+23   +2.9544468590627803e-15  +0.0000000000000000e+00
+24   -5.0203816715188643e-15  +0.0000000000000000e+00
+25   -1.8361319773306617e-15  +0.0000000000000000e+00
+26   +5.5719153269819658e-16  +0.0000000000000000e+00
+27   -8.9407579522142238e-15  +0.0000000000000000e+00
+28   -5.6279608640067546e-15  +0.0000000000000000e+00
+29   +3.1949156749889834e-15  +0.0000000000000000e+00
+30   -7.7690133848616636e-15  +0.0000000000000000e+00

