+0 -5.1265655863337489e+00
+1 -2.5743911877150958e+03
+2 -1.1507725640142039e+00
+3 -2.2413120656125564e+01
+4 -1.0433929525695963e-03
+5 -1.9454564102357425e-01
+6 +8.1123694129264296e-05
+7 -1.6821463980758468e-03
+8 +1.5098824642797429e-06
+9 -1.4512498836154556e-05
+10 +2.0104073292538392e-08
+11 -1.2503506562217638e-07
+12 +2.3464084967567679e-10
+13 -1.0762854697898664e-09
+14 +2.5402712167146035e-12
+15 -9.2410508772331471e-12
+16 +2.1190540220895669e-14
+17 -2.5984255006035844e-14
+18 +2.6450707346750320e-14
+19 -2.1073036134094481e-14
+20 -1.5969741189348449e-14
+21 +8.5991174808360778e-15
+22 -2.0609398959033599e-14
+23 +5.9088937181255606e-15
+24 -1.0040763343037729e-14
+25 -3.6722639546613234e-15
+26 +1.1143830653963932e-15
+27 -1.7881515904428448e-14
+28 -1.1255921728013509e-14
+29 +6.3898313499779668e-15
+30 -1.5538026769723327e-14
