-30   +0.0000000000000000e+00  +6.5915912073001536e-15
-29   -0.0000000000000000e+00  -1.0306135871779272e-14
-28   -0.0000000000000000e+00  -2.2279741171084830e-15
-27   +0.0000000000000000e+00  +2.8828293156014761e-15
-26   -0.0000000000000000e+00  -1.4382693197343741e-15
-25   -0.0000000000000000e+00  -4.6457340567280755e-15
-24   -0.0000000000000000e+00  -4.3083941148213994e-15
-23   +0.0000000000000000e+00  +1.7588960876412059e-15
-22   +0.0000000000000000e+00  +2.9923292776418364e-15
-21   -0.0000000000000000e+00  -6.1390159264656168e-15
-20   -0.0000000000000000e+00  -9.1020175220464172e-15
-19   -0.0000000000000000e+00  -1.4674058529918257e-14
-18   +0.0000000000000000e+00  +1.2967728459961967e-15
-17   +0.0000000000000000e+00  +1.5334437149313133e-14
-16   -0.0000000000000000e+00  -1.0890275659667324e-14
-15   +0.0000000000000000e+00  +4.6277712559082026e-12
-14   -0.0000000000000000e+00  -1.2901923723642665e-12
-13   +0.0000000000000000e+00  +5.3819613360746347e-10
-12   -0.0000000000000000e+00  -1.1734445807267860e-10
-11   +0.0000000000000000e+00  +6.2526058158200091e-08
-10   -0.0000000000000000e+00  -1.0054878229873135e-08
 -9   +0.0000000000000000e+00  +7.2575721219213209e-06
 -8   -0.0000000000000000e+00  -7.5530210575600709e-07
 -7   +0.0000000000000000e+00  +8.4129232112054421e-04
 -6   -0.0000000000000000e+00  -4.0608779277709393e-05
 -5   +0.0000000000000000e+00  +9.7313307767551455e-02
 -4   +0.0000000000000000e+00  +5.1541859879358071e-04
 -3   +0.0000000000000000e+00  +1.1215797510961192e+01
 -2   +0.0000000000000000e+00  +5.7451469831210300e-01
 -1   +0.0000000000000000e+00  +1.2911041273224337e+03
 +0   +0.0000000000000000e+00  +0.0000000000000000e+00
 +1   -0.0000000000000000e+00  -1.2911041273224337e+03
 +2   -0.0000000000000000e+00  -5.7451469831210300e-01
 +3   -0.0000000000000000e+00  -1.1215797510961192e+01
 +4   -0.0000000000000000e+00  -5.1541859879358071e-04
 +5   -0.0000000000000000e+00  -9.7313307767551455e-02
 +6   +0.0000000000000000e+00  +4.0608779277709393e-05
 +7   -0.0000000000000000e+00  -8.4129232112054421e-04
 +8   +0.0000000000000000e+00  +7.5530210575600709e-07
 +9   -0.0000000000000000e+00  -7.2575721219213209e-06
+10   +0.0000000000000000e+00  +1.0054878229873135e-08
+11   -0.0000000000000000e+00  -6.2526058158200091e-08
+12   +0.0000000000000000e+00  +1.1734445807267860e-10
+13   -0.0000000000000000e+00  -5.3819613360746347e-10
+14   +0.0000000000000000e+00  +1.2901923723642665e-12
+15   -0.0000000000000000e+00  -4.6277712559082026e-12
+16   +0.0000000000000000e+00  +1.0890275659667324e-14
+17   -0.0000000000000000e+00  -1.5334437149313133e-14
+18   -0.0000000000000000e+00  -1.2967728459961967e-15
+19   +0.0000000000000000e+00  +1.4674058529918257e-14
+20   +0.0000000000000000e+00  +9.1020175220464172e-15
+21   +0.0000000000000000e+00  +6.1390159264656168e-15
+22   -0.0000000000000000e+00  -2.9923292776418364e-15
+23   -0.0000000000000000e+00  -1.7588960876412059e-15
+24   +0.0000000000000000e+00  +4.3083941148213994e-15
+25   +0.0000000000000000e+00  +4.6457340567280755e-15
+26   +0.0000000000000000e+00  +1.4382693197343741e-15
+27   -0.0000000000000000e+00  -2.8828293156014761e-15
+28   +0.0000000000000000e+00  +2.2279741171084830e-15
+29   +0.0000000000000000e+00  +1.0306135871779272e-14
+30   -0.0000000000000000e+00  -6.5915912073001536e-15

