+0 +0.0000000000000000e+00
+1 +2.5822082546448673e+03
+2 +1.1490293966242060e+00
+3 +2.2431595021922384e+01
+4 +1.0308371975871614e-03
+5 +1.9462661553510291e-01
+6 -8.1217558555418787e-05
+7 +1.6825846422410884e-03
+8 -1.5106042115120142e-06
+9 +1.4515144243842642e-05
+10 -2.0109756459746271e-08
+11 +1.2505211631640018e-07
+12 -2.3468891614535721e-10
+13 +1.0763922672149269e-09
+14 -2.5803847447285329e-12
+15 +9.2555425118164053e-12
+16 -2.1780551319334648e-14
+17 +3.0668874298626266e-14
+18 +2.5935456919923933e-15
+19 -2.9348117059836514e-14
+20 -1.8204035044092834e-14
+21 -1.2278031852931234e-14
+22 +5.9846585552836728e-15
+23 +3.5177921752824117e-15
+24 -8.6167882296427987e-15
+25 -9.2914681134561509e-15
+26 -2.8765386394687482e-15
+27 +5.7656586312029523e-15
+28 -4.4559482342169661e-15
+29 -2.0612271743558543e-14
+30 +1.3183182414600307e-14
