-30   -1.0080043861628192e-12  -1.5553220616160808e-12
-29   -1.0318267197251243e-12  -1.6141574746955794e-12
-28   -1.0582666766987743e-12  -1.6768956652788345e-12
-27   -1.0876694589197612e-12  -1.7440047344050132e-12
-26   -1.1204805108901040e-12  -1.8158993968100998e-12
-25   -1.1572965455278597e-12  -1.8931772501986092e-12
-24   -1.1987917985050974e-12  -1.9765084791294879e-12
-23   -1.2457395355691803e-12  -2.0665943227065202e-12
-22   -1.2991608457696616e-12  -2.1643721672360416e-12
-21   -1.3603284139725964e-12  -2.2708265133953858e-12
-20   -1.4307722537692785e-12  -2.3872958054662754e-12
-19   -1.5123960387739882e-12  -2.5151029298397135e-12
-18   -1.6077992216976133e-12  -2.6561146431216700e-12
-17   -1.7201749952252051e-12  -2.8124271265806694e-12
-16   -1.8541752471620792e-12  -2.9877947992417651e-12
-15   -2.0155552214533012e-12  -3.1783847271665330e-12
-14   -2.2661757647947819e-12  -3.5534022509423609e-12
-13   -2.5427297923183278e-12  -3.3293855096899068e-12
-12   -1.0536845928491378e-11  -2.3224825803739563e-11
-11   -7.9698637788501872e-12  +2.2784909107767738e-11
-10   -1.1066929357234557e-09  -2.3508029059536108e-09
 -9   -6.2487662420887309e-11  +1.9880943734595697e-09
 -8   -1.5873969614085542e-07  -2.6776912635446923e-07
 -7   +2.2760689013819655e-08  +1.1094472469105176e-07
 -6   -2.2433052100191308e-05  -2.7360837614638889e-05
 -5   +1.9573148326073818e-06  +2.0646875217820366e-06
 -4   -2.8875444100673999e-03  -2.1856219736837170e-03
 -3   -1.5233985079421219e-04  -1.8277915338046040e-04
 -2   -2.8289455007948827e-01  -8.2969014010329994e-02
 -1   -2.7793329241364890e-06  +1.4311339617045595e-04
 +0   -2.7865753296393513e-03  +0.0000000000000000e+00
 +1   -2.7793329241364890e-06  -1.4311339617045595e-04
 +2   -2.8289455007948827e-01  +8.2969014010329994e-02
 +3   -1.5233985079421219e-04  +1.8277915338046040e-04
 +4   -2.8875444100673999e-03  +2.1856219736837170e-03
 +5   +1.9573148326073818e-06  -2.0646875217820366e-06
 +6   -2.2433052100191308e-05  +2.7360837614638889e-05
 +7   +2.2760689013819655e-08  -1.1094472469105176e-07
 +8   -1.5873969614085542e-07  +2.6776912635446923e-07
 +9   -6.2487662420887309e-11  -1.9880943734595697e-09
+10   -1.1066929357234557e-09  +2.3508029059536108e-09
+11   -7.9698637788501872e-12  -2.2784909107767738e-11
+12   -1.0536845928491378e-11  +2.3224825803739563e-11
+13   -2.5427297923183278e-12  +3.3293855096899068e-12
+14   -2.2661757647947819e-12  +3.5534022509423609e-12
+15   -2.0155552214533012e-12  +3.1783847271665330e-12
+16   -1.8541752471620792e-12  +2.9877947992417651e-12
+17   -1.7201749952252051e-12  +2.8124271265806694e-12
+18   -1.6077992216976133e-12  +2.6561146431216700e-12
+19   -1.5123960387739882e-12  +2.5151029298397135e-12
+20   -1.4307722537692785e-12  +2.3872958054662754e-12
+21   -1.3603284139725964e-12  +2.2708265133953858e-12
+22   -1.2991608457696616e-12  +2.1643721672360416e-12
+23   -1.2457395355691803e-12  +2.0665943227065202e-12
+24   -1.1987917985050974e-12  +1.9765084791294879e-12
+25   -1.1572965455278597e-12  +1.8931772501986092e-12
+26   -1.1204805108901040e-12  +1.8158993968100998e-12
+27   -1.0876694589197612e-12  +1.7440047344050132e-12
+28   -1.0582666766987743e-12  +1.6768956652788345e-12
+29   -1.0318267197251243e-12  +1.6141574746955794e-12
+30   -1.0080043861628192e-12  +1.5553220616160808e-12

