-30   +1.2864299021892634e-13  +1.9211847903992083e-12
-29   +8.4682882241018284e-14  +1.9976564833970163e-12
-28   +3.5827155644926491e-14  +2.0797614852799879e-12
-27   -1.8695398739105785e-14  +2.1681147419443817e-12
-26   -7.9804573487664549e-14  +2.2635456806710294e-12
-25   -1.4862991747175263e-13  +2.3670338525292716e-12
-24   -2.2641810003725546e-13  +2.4796405408772448e-12
-23   -3.1493502260080305e-13  +2.6028441429668942e-12
-22   -4.1623714369253505e-13  +2.7382023348678074e-12
-21   -5.3283966928480962e-13  +2.8878033063718479e-12
-20   -6.6801689132948569e-13  +3.0542261875735438e-12
-19   -8.2601161863612792e-13  +3.2404818834455244e-12
-18   -1.0122232647311959e-12  +3.4588739939459904e-12
-17   -1.2337430749884559e-12  +3.6926982171411686e-12
-16   -1.4983162177869367e-12  +4.7145023130696381e-12
-15   -1.8238792262620369e-12  +4.4676234394580289e-12
-14   -2.0564544933443493e-12  +7.1516536975513683e-11
-13   -2.6788904921935302e-12  +1.9798785652800986e-11
-12   +1.0670617285020966e-11  +5.6341652978260758e-09
-11   -6.7357094047622479e-13  +1.1147265131672451e-09
-10   +1.0565797052667222e-09  +4.3131509306777975e-07
 -9   +2.2958083868641063e-10  +7.1984291293428056e-08
 -8   +6.6764510748491886e-08  +2.7928927269701091e-05
 -7   +1.1973778776126425e-08  +3.3135558914685885e-06
 -6   +2.6112859986932487e-06  +1.2252971553631180e-03
 -5   +2.3185466249349005e-07  +1.7412531646128704e-05
 -4   -5.7868578369397740e-05  -2.9272720729292174e-06
 -3   +1.0143355173510600e-05  -4.2177579993200026e-06
 -2   -6.3959886749876925e-03  +1.0743962186512514e-03
 -1   -2.2180575861172592e-04  -1.8675889279020491e-05
 +0   -1.0000036380930242e+00  +0.0000000000000000e+00
 +1   -2.2180575861172592e-04  +1.8675889279020491e-05
 +2   -6.3959886749876925e-03  -1.0743962186512514e-03
 +3   +1.0143355173510600e-05  +4.2177579993200026e-06
 +4   -5.7868578369397740e-05  +2.9272720729292174e-06
 +5   +2.3185466249349005e-07  -1.7412531646128704e-05
 +6   +2.6112859986932487e-06  -1.2252971553631180e-03
 +7   +1.1973778776126425e-08  -3.3135558914685885e-06
 +8   +6.6764510748491886e-08  -2.7928927269701091e-05
 +9   +2.2958083868641063e-10  -7.1984291293428056e-08
+10   +1.0565797052667222e-09  -4.3131509306777975e-07
+11   -6.7357094047622479e-13  -1.1147265131672451e-09
+12   +1.0670617285020966e-11  -5.6341652978260758e-09
+13   -2.6788904921935302e-12  -1.9798785652800986e-11
+14   -2.0564544933443493e-12  -7.1516536975513683e-11
+15   -1.8238792262620369e-12  -4.4676234394580289e-12
+16   -1.4983162177869367e-12  -4.7145023130696381e-12
+17   -1.2337430749884559e-12  -3.6926982171411686e-12
+18   -1.0122232647311959e-12  -3.4588739939459904e-12
+19   -8.2601161863612792e-13  -3.2404818834455244e-12
+20   -6.6801689132948569e-13  -3.0542261875735438e-12
+21   -5.3283966928480962e-13  -2.8878033063718479e-12
+22   -4.1623714369253505e-13  -2.7382023348678074e-12
+23   -3.1493502260080305e-13  -2.6028441429668942e-12
+24   -2.2641810003725546e-13  -2.4796405408772448e-12
+25   -1.4862991747175263e-13  -2.3670338525292716e-12
+26   -7.9804573487664549e-14  -2.2635456806710294e-12
+27   -1.8695398739105785e-14  -2.1681147419443817e-12
+28   +3.5827155644926491e-14  -2.0797614852799879e-12
+29   +8.4682882241018284e-14  -1.9976564833970163e-12
+30   +1.2864299021892634e-13  -1.9211847903992083e-12

