-30   -6.0581474930240829e-13  -4.7774272894811135e-13
-29   -6.3255751685948322e-13  -4.9509068869977101e-13
-28   -6.6219943663754155e-13  -5.1344519100304027e-13
-27   -6.9524266485080883e-13  -5.3304671299412072e-13
-26   -7.3212625681681440e-13  -5.5382641729815033e-13
-25   -7.7353966505155094e-13  -5.7606195195492858e-13
-24   -8.2023242152061593e-13  -5.9985923560673200e-13
-23   -8.7312537028292510e-13  -6.2530030784621569e-13
-22   -9.3341813562095928e-13  -6.5263455746288308e-13
-21   -1.0024598049764953e-12  -6.8204089030950855e-13
-20   -1.0820973166313932e-12  -7.1371544129334488e-13
-19   -1.1745953124200819e-12  -7.4793066776670632e-13
-18   -1.2828744262766282e-12  -7.8479349759497806e-13
-17   -1.4106734285472524e-12  -8.2479090199124383e-13
-16   -1.5642409442080898e-12  -8.5918978713784784e-13
-15   -1.7477811909723064e-12  -9.1571138879998333e-13
-14   -2.0267116308689697e-12  -3.9418918484189643e-14
-13   -2.3736768950478699e-12  -1.1106224372946114e-12
-12   +2.0324011195211289e-13  +9.4265265947421139e-11
-11   -1.5343856559748686e-11  -6.4662247709261595e-12
-10   +1.3655332104807522e-09  +9.4675248324020789e-09
 -9   -1.0520762277792125e-09  -1.0076782122468453e-10
 -8   +2.6695583107584404e-07  +8.8175009548963713e-07
 -7   -6.7627951576304524e-08  +2.7208814886300491e-08
 -6   +3.9692579037339526e-05  +7.2302056974240159e-05
 -5   -1.6800380607552222e-06  +4.0277314689456155e-06
 -4   +4.5684020908700433e-03  +4.3507006956862394e-03
 -3   +1.7743272408791481e-04  +2.0390334749123358e-04
 -2   +2.8288590642399530e-01  +8.2950945465771725e-02
 -1   -9.6928676510988831e-06  -1.6710131029296440e-04
 +0   +3.0443879897744056e-03  +0.0000000000000000e+00
 +1   -9.6928676510988831e-06  +1.6710131029296440e-04
 +2   +2.8288590642399530e-01  -8.2950945465771725e-02
 +3   +1.7743272408791481e-04  -2.0390334749123358e-04
 +4   +4.5684020908700433e-03  -4.3507006956862394e-03
 +5   -1.6800380607552222e-06  -4.0277314689456155e-06
 +6   +3.9692579037339526e-05  -7.2302056974240159e-05
 +7   -6.7627951576304524e-08  -2.7208814886300491e-08
 +8   +2.6695583107584404e-07  -8.8175009548963713e-07
 +9   -1.0520762277792125e-09  +1.0076782122468453e-10
+10   +1.3655332104807522e-09  -9.4675248324020789e-09
+11   -1.5343856559748686e-11  +6.4662247709261595e-12
+12   +2.0324011195211289e-13  -9.4265265947421139e-11
+13   -2.3736768950478699e-12  +1.1106224372946114e-12
+14   -2.0267116308689697e-12  +3.9418918484189643e-14
+15   -1.7477811909723064e-12  +9.1571138879998333e-13
+16   -1.5642409442080898e-12  +8.5918978713784784e-13
+17   -1.4106734285472524e-12  +8.2479090199124383e-13
+18   -1.2828744262766282e-12  +7.8479349759497806e-13
+19   -1.1745953124200819e-12  +7.4793066776670632e-13
+20   -1.0820973166313932e-12  +7.1371544129334488e-13
+21   -1.0024598049764953e-12  +6.8204089030950855e-13
+22   -9.3341813562095928e-13  +6.5263455746288308e-13
+23   -8.7312537028292510e-13  +6.2530030784621569e-13
+24   -8.2023242152061593e-13  +5.9985923560673200e-13
+25   -7.7353966505155094e-13  +5.7606195195492858e-13
+26   -7.3212625681681440e-13  +5.5382641729815033e-13
+27   -6.9524266485080883e-13  +5.3304671299412072e-13
+28   -6.6219943663754155e-13  +5.1344519100304027e-13
+29   -6.3255751685948322e-13  +4.9509068869977101e-13
+30   -6.0581474930240829e-13  +4.7774272894811135e-13

