-30   -1.8796290452622964e-12  -3.8490125681389652e-12
-29   -1.8978444384855034e-12  -3.9945190910614751e-12
-28   -1.9180085271781525e-12  -4.1497310824948498e-12
-27   -1.9404096708018108e-12  -4.3156113657359770e-12
-26   -1.9654715807635059e-12  -4.4933992312116512e-12
-25   -1.9935273399027230e-12  -4.6845185697367212e-12
-24   -2.0251813226737751e-12  -4.8905372009409958e-12
-23   -2.0609693943349493e-12  -5.1133277494123026e-12
-22   -2.1016803332102827e-12  -5.3551074134538175e-12
-21   -2.1482595081968062e-12  -5.6184589714823923e-12
-20   -2.2019302364933057e-12  -5.9064323075270124e-12
-19   -2.2640731534062488e-12  -6.2226881494431376e-12
-18   -2.3366664332953569e-12  -6.5717409943451637e-12
-17   -2.4221374382207911e-12  -6.9588455796501043e-12
-16   -2.5237807547187071e-12  -7.3906901343602853e-12
-15   -2.6457249032103645e-12  -7.8754120770429889e-12
-14   -2.7949020228490999e-12  -8.4224159355126073e-12
-13   -2.9770356633644461e-12  -9.0461790454391571e-12
-12   -3.3243360316081642e-12  -9.6726252409919327e-12
-11   -3.5677647113550504e-12  -1.0519808648246029e-11
-10   -1.6943633401105222e-11  -5.9650275629390419e-13
 -9   -9.4697610362028584e-12  -5.8927712100978045e-12
 -8   -1.3756286136408863e-09  +1.4332439554344858e-09
 -7   -3.1209744909240839e-10  +4.6089699959443340e-10
 -6   -1.1606947575629399e-07  +2.0705890768353672e-07
 -5   -3.4655736702074685e-08  +2.2799416079607036e-08
 -4   -2.6935197767269869e-08  +2.6343514713682732e-05
 -3   -3.6003539812439130e-06  +3.9661042612489643e-06
 -2   +1.5734783232936116e-03  +1.1065700227172709e-03
 -1   +1.3992826930318275e-05  +1.9033023182650280e-05
 +0   +2.9920034236223131e-05  +0.0000000000000000e+00
 +1   +1.3992826930318275e-05  -1.9033023182650280e-05
 +2   +1.5734783232936116e-03  -1.1065700227172709e-03
 +3   -3.6003539812439130e-06  -3.9661042612489643e-06
 +4   -2.6935197767269869e-08  -2.6343514713682732e-05
 +5   -3.4655736702074685e-08  -2.2799416079607036e-08
 +6   -1.1606947575629399e-07  -2.0705890768353672e-07
 +7   -3.1209744909240839e-10  -4.6089699959443340e-10
 +8   -1.3756286136408863e-09  -1.4332439554344858e-09
 +9   -9.4697610362028584e-12  +5.8927712100978045e-12
+10   -1.6943633401105222e-11  +5.9650275629390419e-13
+11   -3.5677647113550504e-12  +1.0519808648246029e-11
+12   -3.3243360316081642e-12  +9.6726252409919327e-12
+13   -2.9770356633644461e-12  +9.0461790454391571e-12
+14   -2.7949020228490999e-12  +8.4224159355126073e-12
+15   -2.6457249032103645e-12  +7.8754120770429889e-12
+16   -2.5237807547187071e-12  +7.3906901343602853e-12
+17   -2.4221374382207911e-12  +6.9588455796501043e-12
+18   -2.3366664332953569e-12  +6.5717409943451637e-12
+19   -2.2640731534062488e-12  +6.2226881494431376e-12
+20   -2.2019302364933057e-12  +5.9064323075270124e-12
+21   -2.1482595081968062e-12  +5.6184589714823923e-12
+22   -2.1016803332102827e-12  +5.3551074134538175e-12
+23   -2.0609693943349493e-12  +5.1133277494123026e-12
+24   -2.0251813226737751e-12  +4.8905372009409958e-12
+25   -1.9935273399027230e-12  +4.6845185697367212e-12
+26   -1.9654715807635059e-12  +4.4933992312116512e-12
+27   -1.9404096708018108e-12  +4.3156113657359770e-12
+28   -1.9180085271781525e-12  +4.1497310824948498e-12
+29   -1.8978444384855034e-12  +3.9945190910614751e-12
+30   -1.8796290452622964e-12  +3.8490125681389652e-12

