-30   +1.3445979767862246e-12  +1.6660182020872202e-12
-29   +1.3867201473275780e-12  +1.7260853941590900e-12
-28   +1.4334172665740095e-12  +1.7897363758535027e-12
-27   +1.4854351289252402e-12  +1.8573516622917929e-12
-26   +1.5435535821325771e-12  +1.9293002797273287e-12
-25   +1.6087907608223847e-12  +2.0059595530652088e-12
-24   +1.6823520123969843e-12  +2.0878026470329843e-12
-23   +1.7656949516915829e-12  +2.1753074142654551e-12
-22   +1.8606367703884162e-12  +2.2690283749961900e-12
-21   +1.9694253901009141e-12  +2.3695372397344075e-12
-20   +2.0948885310887393e-12  +2.4774441850193136e-12
-19   +2.2405344678717377e-12  +2.5934401783687027e-12
-18   +2.4109920489606904e-12  +2.7148722958264459e-12
-17   +2.6120667933272523e-12  +2.8517819386680744e-12
-16   +2.8513832171967785e-12  +2.6801108908805297e-12
-15   +3.1394188858182446e-12  +3.1444367974090943e-12
-14   +3.4829722672888831e-12  -2.7018274254150745e-11
-13   +3.9226025212028905e-12  +2.6173713105720202e-12
-12   +3.8046814022025052e-12  -2.7811101528612270e-09
-11   +5.3500538931626681e-12  -1.2121024485472542e-10
-10   -5.7301146335486292e-11  -2.3659786223022455e-07
 -9   +2.6583630987581375e-11  -1.2897460027483318e-08
 -8   -5.9062988228721753e-09  -1.7424512447380500e-05
 -7   +1.6599212972702411e-09  -8.8033716780730943e-07
 -6   -5.2854939711904777e-07  -9.0913642101980003e-04
 -5   +1.2129180518739321e-07  -1.4146373670324177e-05
 -4   -4.6389340394526536e-05  -7.8689943741328485e-07
 -3   +5.0087829334539843e-06  +4.0997014881044648e-09
 -2   -5.2005501805663544e-03  -9.8599913964377787e-04
 -1   -2.0362259149039953e-04  +1.3139421934814570e-05
 +0   -1.0000005898153084e+00  +0.0000000000000000e+00
 +1   -2.0362259149039953e-04  -1.3139421934814570e-05
 +2   -5.2005501805663544e-03  +9.8599913964377787e-04
 +3   +5.0087829334539843e-06  -4.0997014881044648e-09
 +4   -4.6389340394526536e-05  +7.8689943741328485e-07
 +5   +1.2129180518739321e-07  +1.4146373670324177e-05
 +6   -5.2854939711904777e-07  +9.0913642101980003e-04
 +7   +1.6599212972702411e-09  +8.8033716780730943e-07
 +8   -5.9062988228721753e-09  +1.7424512447380500e-05
 +9   +2.6583630987581375e-11  +1.2897460027483318e-08
+10   -5.7301146335486292e-11  +2.3659786223022455e-07
+11   +5.3500538931626681e-12  +1.2121024485472542e-10
+12   +3.8046814022025052e-12  +2.7811101528612270e-09
+13   +3.9226025212028905e-12  -2.6173713105720202e-12
+14   +3.4829722672888831e-12  +2.7018274254150745e-11
+15   +3.1394188858182446e-12  -3.1444367974090943e-12
+16   +2.8513832171967785e-12  -2.6801108908805297e-12
+17   +2.6120667933272523e-12  -2.8517819386680744e-12
+18   +2.4109920489606904e-12  -2.7148722958264459e-12
+19   +2.2405344678717377e-12  -2.5934401783687027e-12
+20   +2.0948885310887393e-12  -2.4774441850193136e-12
+21   +1.9694253901009141e-12  -2.3695372397344075e-12
+22   +1.8606367703884162e-12  -2.2690283749961900e-12
+23   +1.7656949516915829e-12  -2.1753074142654551e-12
+24   +1.6823520123969843e-12  -2.0878026470329843e-12
+25   +1.6087907608223847e-12  -2.0059595530652088e-12
+26   +1.5435535821325771e-12  -1.9293002797273287e-12
+27   +1.4854351289252402e-12  -1.8573516622917929e-12
+28   +1.4334172665740095e-12  -1.7897363758535027e-12
+29   +1.3867201473275780e-12  -1.7260853941590900e-12
+30   +1.3445979767862246e-12  -1.6660182020872202e-12

