-30   +1.3344969201253779e-12  +2.7998859518891494e-12
-29   +1.3477946160013952e-12  +2.9098902315933496e-12
-28   +1.3626099675931019e-12  +3.0276944006508523e-12
-27   +1.3791912047168173e-12  +3.1542529910831561e-12
-26   +1.3978351185767673e-12  +3.2906178888873818e-12
-25   +1.4189028563604464e-12  +3.4380654319808113e-12
-24   +1.4428164414305834e-12  +3.5980555911905297e-12
-23   +1.4701636092537724e-12  +3.7723750398972107e-12
-22   +1.5016044091095697e-12  +3.9631056079878275e-12
-21   +1.5380178866563123e-12  +4.1728135134521401e-12
-20   +1.5805680898626691e-12  +4.4045486835807689e-12
-19   +1.6306248750482202e-12  +4.6622070233974160e-12
-18   +1.6933650963393432e-12  +4.9504388468802110e-12
-17   +1.7618713139634586e-12  +5.2752658894844867e-12
-16   +2.1639196966233241e-12  +5.6441914722498390e-12
-15   +1.9597494637808901e-12  +6.0670371472676572e-12
-14   +3.2418246956252200e-11  +6.5548184782032315e-12
-13   +3.1216057398289925e-12  +7.1297386564908151e-12
-12   +2.7872409708209188e-09  +7.6187924986478161e-12
-11   +1.2779798442415440e-10  +8.6793276489855508e-12
-10   +2.3660499547144763e-07  -1.2209228782422397e-11
 -9   +1.2905223955606716e-08  +1.6496948292827078e-11
 -8   +1.7424521672407469e-05  -2.5075590470402023e-09
 -7   +8.8034626581734515e-07  +5.2415380536061630e-10
 -6   +9.0913649987732004e-04  -2.8968160550547468e-07
 -5   +1.4146352294651926e-05  +4.1142857102214891e-08
 -4   +7.9378016083587620e-07  -3.2925693938182220e-05
 -3   -6.6478229084309102e-09  +2.5362451866633257e-06
 -2   +9.8677774478823292e-04  -3.5902849906044253e-03
 -1   -1.3315512330110972e-05  -7.1454484246189897e-05
 +0   +1.3078539849253537e-04  +0.0000000000000000e+00
 +1   -1.3315512330110972e-05  +7.1454484246189897e-05
 +2   +9.8677774478823292e-04  +3.5902849906044253e-03
 +3   -6.6478229084309102e-09  -2.5362451866633257e-06
 +4   +7.9378016083587620e-07  +3.2925693938182220e-05
 +5   +1.4146352294651926e-05  -4.1142857102214891e-08
 +6   +9.0913649987732004e-04  +2.8968160550547468e-07
 +7   +8.8034626581734515e-07  -5.2415380536061630e-10
 +8   +1.7424521672407469e-05  +2.5075590470402023e-09
 +9   +1.2905223955606716e-08  -1.6496948292827078e-11
+10   +2.3660499547144763e-07  +1.2209228782422397e-11
+11   +1.2779798442415440e-10  -8.6793276489855508e-12
+12   +2.7872409708209188e-09  -7.6187924986478161e-12
+13   +3.1216057398289925e-12  -7.1297386564908151e-12
+14   +3.2418246956252200e-11  -6.5548184782032315e-12
+15   +1.9597494637808901e-12  -6.0670371472676572e-12
+16   +2.1639196966233241e-12  -5.6441914722498390e-12
+17   +1.7618713139634586e-12  -5.2752658894844867e-12
+18   +1.6933650963393432e-12  -4.9504388468802110e-12
+19   +1.6306248750482202e-12  -4.6622070233974160e-12
+20   +1.5805680898626691e-12  -4.4045486835807689e-12
+21   +1.5380178866563123e-12  -4.1728135134521401e-12
+22   +1.5016044091095697e-12  -3.9631056079878275e-12
+23   +1.4701636092537724e-12  -3.7723750398972107e-12
+24   +1.4428164414305834e-12  -3.5980555911905297e-12
+25   +1.4189028563604464e-12  -3.4380654319808113e-12
+26   +1.3978351185767673e-12  -3.2906178888873818e-12
+27   +1.3791912047168173e-12  -3.1542529910831561e-12
+28   +1.3626099675931019e-12  -3.0276944006508523e-12
+29   +1.3477946160013952e-12  -2.9098902315933496e-12
+30   +1.3344969201253779e-12  -2.7998859518891494e-12

