-30   -9.4240174388505208e-13  -2.1488840704185555e-12
-29   -9.4673498238824717e-13  -2.2329642107867900e-12
-28   -9.5156727856300092e-13  -2.3229738063454708e-12
-27   -9.5700716209732476e-13  -2.4196669539348854e-12
-26   -9.6306316820860802e-13  -2.5237787116901191e-12
-25   -9.6988322214238921e-13  -2.6363076361466190e-12
-24   -9.7763444530475047e-13  -2.7582943373903033e-12
-23   -9.8642578807608935e-13  -2.8911796186699717e-12
-22   -9.9659198891123599e-13  -3.0364631599118573e-12
-21   -1.0081999622314784e-12  -3.1960856463740003e-12
-20   -1.0217380398265763e-12  -3.3723830399192282e-12
-19   -1.0375876876919189e-12  -3.5682119597081149e-12
-18   -1.0564182815642396e-12  -3.7871849712412792e-12
-17   -1.0786960200673857e-12  -4.0337748555571610e-12
-16   -1.1145163709146744e-12  -4.3149253728699920e-12
-15   -1.1376787377123212e-12  -4.6357953958674071e-12
-14   -2.1048491214578690e-12  -5.0649409191589285e-12
-13   -1.1385083626374382e-12  -5.5686824031074440e-12
-12   -9.6644057687582521e-11  -3.4063447949755371e-12
-11   +3.9807584503432836e-12  -1.8891113472935105e-11
-10   -9.4736958588042118e-09  +1.3376606256762056e-09
 -9   +1.0032448288407191e-10  -1.0568275453406407e-09
 -8   -8.8243323422262215e-07  +2.6470839463072095e-07
 -7   -2.7076920051362618e-08  -6.7796180624198548e-08
 -6   -7.2403023579787568e-05  +3.9509294017675390e-05
 -5   -4.0283857299986489e-06  -1.6974529069313139e-06
 -4   -4.3622465282611832e-03  +4.5575015037632146e-03
 -3   -2.0484496230229753e-04  +1.7653992678501814e-04
 -2   -8.3635221963744941e-02  +2.8269707048934745e-01
 -1   +1.4458783424527291e-04  -4.2778119824403407e-06
 +0   +4.8865176640792256e-03  +0.0000000000000000e+00
 +1   +1.4458783424527291e-04  +4.2778119824403407e-06
 +2   -8.3635221963744941e-02  -2.8269707048934745e-01
 +3   -2.0484496230229753e-04  -1.7653992678501814e-04
 +4   -4.3622465282611832e-03  -4.5575015037632146e-03
 +5   -4.0283857299986489e-06  +1.6974529069313139e-06
 +6   -7.2403023579787568e-05  -3.9509294017675390e-05
 +7   -2.7076920051362618e-08  +6.7796180624198548e-08
 +8   -8.8243323422262215e-07  -2.6470839463072095e-07
 +9   +1.0032448288407191e-10  +1.0568275453406407e-09
+10   -9.4736958588042118e-09  -1.3376606256762056e-09
+11   +3.9807584503432836e-12  +1.8891113472935105e-11
+12   -9.6644057687582521e-11  +3.4063447949755371e-12
+13   -1.1385083626374382e-12  +5.5686824031074440e-12
+14   -2.1048491214578690e-12  +5.0649409191589285e-12
+15   -1.1376787377123212e-12  +4.6357953958674071e-12
+16   -1.1145163709146744e-12  +4.3149253728699920e-12
+17   -1.0786960200673857e-12  +4.0337748555571610e-12
+18   -1.0564182815642396e-12  +3.7871849712412792e-12
+19   -1.0375876876919189e-12  +3.5682119597081149e-12
+20   -1.0217380398265763e-12  +3.3723830399192282e-12
+21   -1.0081999622314784e-12  +3.1960856463740003e-12
+22   -9.9659198891123599e-13  +3.0364631599118573e-12
+23   -9.8642578807608935e-13  +2.8911796186699717e-12
+24   -9.7763444530475047e-13  +2.7582943373903033e-12
+25   -9.6988322214238921e-13  +2.6363076361466190e-12
+26   -9.6306316820860802e-13  +2.5237787116901191e-12
+27   -9.5700716209732476e-13  +2.4196669539348854e-12
+28   -9.5156727856300092e-13  +2.3229738063454708e-12
+29   -9.4673498238824717e-13  +2.2329642107867900e-12
+30   -9.4240174388505208e-13  +2.1488840704185555e-12

