-30   +3.2508930383151657e-12  +5.9802092673538611e-12
-29   +3.3009957313456197e-12  +6.2062599230160976e-12
-28   +3.3564866941648277e-12  +6.4473110218281417e-12
-27   +3.4182276840468743e-12  +6.7049846091086150e-12
-26   +3.4871879539253705e-12  +6.9811850281659688e-12
-25   +3.5644454751248054e-12  +7.2780279447693721e-12
-24   +3.6515487159601444e-12  +7.5980260976957344e-12
-23   +3.7500559201026876e-12  +7.9440298130541011e-12
-22   +3.8620996251765470e-12  +8.3195033419938248e-12
-21   +3.9903145957550242e-12  +8.7284690485508799e-12
-20   +4.1379060632691607e-12  +9.1756632904886330e-12
-19   +4.3089256498716087e-12  +9.6667488045949264e-12
-18   +4.5086751482442205e-12  +1.0208657212180806e-11
-17   +4.7438966529173110e-12  +1.0809675603165376e-11
-16   +5.0232575407017305e-12  +1.1479999775703423e-11
-15   +5.3587126336527606e-12  +1.2232323448995773e-11
-14   +5.7664250334483971e-12  +1.3081491140196473e-11
-13   +6.2686825062638673e-12  +1.4050194805660659e-11
-12   +6.9136054819094363e-12  +1.5054805962026621e-11
-11   +7.8565186150193390e-12  +1.6475698530940487e-11
-10   +7.9016138516918066e-12  +4.9251666396679812e-12
 -9   +2.6805299290163659e-11  +2.2512424395421163e-11
 -8   -5.2785387842237023e-10  -1.5794384034548358e-09
 -7   +1.5903019072451635e-09  +2.5667795422637884e-10
 -6   -1.2683426741515673e-07  -1.9582238792680560e-07
 -5   +1.3886534729113270e-07  +1.5280143720972486e-08
 -4   -2.5030746539664775e-05  -2.3749557075413572e-05
 -3   +1.1276834166382965e-05  +7.6720812879000125e-07
 -2   -5.0965652476333461e-03  -2.8605247592945545e-03
 -1   -2.1931126257427672e-04  -5.5639314244711497e-05
 +0   +4.1869486952557731e-07  +0.0000000000000000e+00
 +1   -2.1931126257427672e-04  +5.5639314244711497e-05
 +2   -5.0965652476333461e-03  +2.8605247592945545e-03
 +3   +1.1276834166382965e-05  -7.6720812879000125e-07
 +4   -2.5030746539664775e-05  +2.3749557075413572e-05
 +5   +1.3886534729113270e-07  -1.5280143720972486e-08
 +6   -1.2683426741515673e-07  +1.9582238792680560e-07
 +7   +1.5903019072451635e-09  -2.5667795422637884e-10
 +8   -5.2785387842237023e-10  +1.5794384034548358e-09
 +9   +2.6805299290163659e-11  -2.2512424395421163e-11
+10   +7.9016138516918066e-12  -4.9251666396679812e-12
+11   +7.8565186150193390e-12  -1.6475698530940487e-11
+12   +6.9136054819094363e-12  -1.5054805962026621e-11
+13   +6.2686825062638673e-12  -1.4050194805660659e-11
+14   +5.7664250334483971e-12  -1.3081491140196473e-11
+15   +5.3587126336527606e-12  -1.2232323448995773e-11
+16   +5.0232575407017305e-12  -1.1479999775703423e-11
+17   +4.7438966529173110e-12  -1.0809675603165376e-11
+18   +4.5086751482442205e-12  -1.0208657212180806e-11
+19   +4.3089256498716087e-12  -9.6667488045949264e-12
+20   +4.1379060632691607e-12  -9.1756632904886330e-12
+21   +3.9903145957550242e-12  -8.7284690485508799e-12
+22   +3.8620996251765470e-12  -8.3195033419938248e-12
+23   +3.7500559201026876e-12  -7.9440298130541011e-12
+24   +3.6515487159601444e-12  -7.5980260976957344e-12
+25   +3.5644454751248054e-12  -7.2780279447693721e-12
+26   +3.4871879539253705e-12  -6.9811850281659688e-12
+27   +3.4182276840468743e-12  -6.7049846091086150e-12
+28   +3.3564866941648277e-12  -6.4473110218281417e-12
+29   +3.3009957313456197e-12  -6.2062599230160976e-12
+30   +3.2508930383151657e-12  -5.9802092673538611e-12

