-30   +1.7991698369484216e-12  +3.4087892256278543e-12
-29   +1.8258467321089732e-12  +3.5406109346987968e-12
-28   +1.8555013898877165e-12  +3.6815078311638463e-12
-27   +1.8885532829245207e-12  +3.8326154809622545e-12
-26   +1.9255757324088087e-12  +3.9950757499386852e-12
-25   +1.9672217693624693e-12  +4.1702897699473953e-12
-24   +2.0143081100951734e-12  +4.3599384306626159e-12
-23   +2.0678124218931973e-12  +4.5659514650515173e-12
-22   +2.1289935608572026e-12  +4.7906326060821658e-12
-21   +2.1993097112210989e-12  +5.0367284260362808e-12
-20   +2.2807818530590732e-12  +5.3076116178952916e-12
-19   +2.3758857019702806e-12  +5.6073643555461944e-12
-18   +2.4878466959982972e-12  +5.9409556869215718e-12
-17   +2.6209743804330883e-12  +6.3146787211421629e-12
-16   +2.7797274654084034e-12  +6.7360514413127337e-12
-15   +2.9789556940925152e-12  +7.2150584540208620e-12
-14   +3.0639577516421972e-12  +7.7108536246966776e-12
-13   +3.8385670011970795e-12  +8.3127110784752752e-12
-12   -1.5406289081983142e-11  +1.4204509257606124e-12
-11   +3.1439073316868799e-11  +5.1456711499591475e-12
-10   -2.3438453997628474e-09  -1.0858552927573376e-09
 -9   +1.9988759714253249e-09  -5.0570667687330159e-11
 -8   -2.6815520533895067e-07  -1.5802696977892108e-07
 -7   +1.1099592698217909e-07  +2.2529241324023388e-08
 -6   -2.7417324519758984e-05  -2.2362195526552940e-05
 -5   +2.0665657149453914e-06  +1.9546017598197699e-06
 -4   -2.1928737101906044e-03  -2.8818746711814060e-03
 -3   -1.8350297241612350e-04  -1.5179624648077358e-04
 -2   -8.3670527395496908e-02  -2.8266856453502393e-01
 -1   +1.3233614100295819e-04  -7.3813756089036224e-07
 +0   +4.0606765588011330e-03  +0.0000000000000000e+00
 +1   +1.3233614100295819e-04  +7.3813756089036224e-07
 +2   -8.3670527395496908e-02  +2.8266856453502393e-01
 +3   -1.8350297241612350e-04  +1.5179624648077358e-04
 +4   -2.1928737101906044e-03  +2.8818746711814060e-03
 +5   +2.0665657149453914e-06  -1.9546017598197699e-06
 +6   -2.7417324519758984e-05  +2.2362195526552940e-05
 +7   +1.1099592698217909e-07  -2.2529241324023388e-08
 +8   -2.6815520533895067e-07  +1.5802696977892108e-07
 +9   +1.9988759714253249e-09  +5.0570667687330159e-11
+10   -2.3438453997628474e-09  +1.0858552927573376e-09
+11   +3.1439073316868799e-11  -5.1456711499591475e-12
+12   -1.5406289081983142e-11  -1.4204509257606124e-12
+13   +3.8385670011970795e-12  -8.3127110784752752e-12
+14   +3.0639577516421972e-12  -7.7108536246966776e-12
+15   +2.9789556940925152e-12  -7.2150584540208620e-12
+16   +2.7797274654084034e-12  -6.7360514413127337e-12
+17   +2.6209743804330883e-12  -6.3146787211421629e-12
+18   +2.4878466959982972e-12  -5.9409556869215718e-12
+19   +2.3758857019702806e-12  -5.6073643555461944e-12
+20   +2.2807818530590732e-12  -5.3076116178952916e-12
+21   +2.1993097112210989e-12  -5.0367284260362808e-12
+22   +2.1289935608572026e-12  -4.7906326060821658e-12
+23   +2.0678124218931973e-12  -4.5659514650515173e-12
+24   +2.0143081100951734e-12  -4.3599384306626159e-12
+25   +1.9672217693624693e-12  -4.1702897699473953e-12
+26   +1.9255757324088087e-12  -3.9950757499386852e-12
+27   +1.8885532829245207e-12  -3.8326154809622545e-12
+28   +1.8555013898877165e-12  -3.6815078311638463e-12
+29   +1.8258467321089732e-12  -3.5406109346987968e-12
+30   +1.7991698369484216e-12  -3.4087892256278543e-12

