-30   -2.3672496914416786e-12  -5.7537563073052535e-12
-29   -2.3695802706122744e-12  -5.9802859444857736e-12
-28   -2.3722674257509981e-12  -6.2229518577640531e-12
-27   -2.3754307101603311e-12  -6.4837274409355905e-12
-26   -2.3791357197132422e-12  -6.7648425684172151e-12
-25   -2.3835263723954069e-12  -7.0689194562530648e-12
-24   -2.3887485275111025e-12  -7.3990238090620579e-12
-23   -2.3950663402920449e-12  -7.7588831567561632e-12
-22   -2.4027693289240934e-12  -8.1529721015604816e-12
-21   -2.4122081857254076e-12  -8.5866147264039640e-12
-20   -2.4240916414396756e-12  -9.0663549394738715e-12
-19   -2.4389018058012049e-12  -9.6003494660683882e-12
-18   -2.4659544885196320e-12  -1.0198812178800229e-11
-17   -2.4847897389371801e-12  -1.0874524492136633e-11
-16   -3.2631530674382865e-12  -1.1644080423724813e-11
-15   -2.7383054631385314e-12  -1.2529024158565116e-11
-14   -6.9466725810368409e-11  -1.3560450801638522e-11
-13   -1.7374801201088437e-11  -1.4768820220751450e-11
-12   -5.6313166592467271e-09  -1.6488045806439316e-11
-11   -1.1113353913984836e-09  -1.7881506778306266e-11
-10   -4.3131235409050561e-07  -5.0730071644400204e-11
 -9   -7.1979803608328409e-08  -1.4197293943177222e-11
 -8   -2.7929000830538556e-05  -3.4643736454299235e-09
 -7   -3.3135679189574689e-06  +7.5862185450991814e-10
 -6   -1.2252998183897689e-03  -3.8357615317017953e-07
 -5   -1.7412994626117106e-05  +6.6976239096658460e-08
 -4   +3.0751944904575142e-06  -4.2101836498314900e-05
 -3   +4.1985326596668662e-06  +4.3053075195557510e-06
 -2   -1.0580212270072324e-03  -4.3200452129850105e-03
 -1   +2.0317620416086776e-05  -8.7269618931312541e-05
 +0   +2.5696774434129581e-03  +0.0000000000000000e+00
 +1   +2.0317620416086776e-05  +8.7269618931312541e-05
 +2   -1.0580212270072324e-03  +4.3200452129850105e-03
 +3   +4.1985326596668662e-06  -4.3053075195557510e-06
 +4   +3.0751944904575142e-06  +4.2101836498314900e-05
 +5   -1.7412994626117106e-05  -6.6976239096658460e-08
 +6   -1.2252998183897689e-03  +3.8357615317017953e-07
 +7   -3.3135679189574689e-06  -7.5862185450991814e-10
 +8   -2.7929000830538556e-05  +3.4643736454299235e-09
 +9   -7.1979803608328409e-08  +1.4197293943177222e-11
+10   -4.3131235409050561e-07  +5.0730071644400204e-11
+11   -1.1113353913984836e-09  +1.7881506778306266e-11
+12   -5.6313166592467271e-09  +1.6488045806439316e-11
+13   -1.7374801201088437e-11  +1.4768820220751450e-11
+14   -6.9466725810368409e-11  +1.3560450801638522e-11
+15   -2.7383054631385314e-12  +1.2529024158565116e-11
+16   -3.2631530674382865e-12  +1.1644080423724813e-11
+17   -2.4847897389371801e-12  +1.0874524492136633e-11
+18   -2.4659544885196320e-12  +1.0198812178800229e-11
+19   -2.4389018058012049e-12  +9.6003494660683882e-12
+20   -2.4240916414396756e-12  +9.0663549394738715e-12
+21   -2.4122081857254076e-12  +8.5866147264039640e-12
+22   -2.4027693289240934e-12  +8.1529721015604816e-12
+23   -2.3950663402920449e-12  +7.7588831567561632e-12
+24   -2.3887485275111025e-12  +7.3990238090620579e-12
+25   -2.3835263723954069e-12  +7.0689194562530648e-12
+26   -2.3791357197132422e-12  +6.7648425684172151e-12
+27   -2.3754307101603311e-12  +6.4837274409355905e-12
+28   -2.3722674257509981e-12  +6.2229518577640531e-12
+29   -2.3695802706122744e-12  +5.9802859444857736e-12
+30   -2.3672496914416786e-12  +5.7537563073052535e-12

