-30   +2.8877472041229756e-12  +5.1721478238716956e-12
-29   +2.9360636774332839e-12  +5.3676345919461063e-12
-28   +2.9896303843046472e-12  +5.5760498078687932e-12
-27   +3.0491972191404585e-12  +5.7988120119903961e-12
-26   +3.1157347902103373e-12  +6.0376294710922939e-12
-25   +3.1902683783114538e-12  +6.2942426845477015e-12
-24   +3.2743147679795739e-12  +6.5708845845003557e-12
-23   +3.3693690228242671e-12  +6.8699859163454318e-12
-22   +3.4774635875642104e-12  +7.1945515717896494e-12
-21   +3.6011625135280872e-12  +7.5480380671663507e-12
-20   +3.7435554135577475e-12  +7.9345094784103493e-12
-19   +3.9085730495828242e-12  +8.3588924949084072e-12
-18   +4.1012713430202366e-12  +8.8271519000469384e-12
-17   +4.3281830481680373e-12  +9.3464391701923025e-12
-16   +4.5977209377115543e-12  +9.9254800715436055e-12
-15   +4.9213237601304188e-12  +1.0575208689976355e-11
-14   +5.3146592311077621e-12  +1.1310054162541814e-11
-13   +5.7991811051145443e-12  +1.2144126559427312e-11
-12   +6.4219881140954100e-12  +1.3208183383934048e-11
-11   +7.3367041884142349e-12  +1.4182231984863250e-11
-10   +7.3452594344734946e-12  +2.8532202226666848e-11
 -9   +2.6200375250826682e-11  +1.4250501493052316e-11
 -8   -5.2852513698960406e-10  +1.6201439449279603e-09
 -7   +1.5895369314224209e-09  -2.1123013215283858e-10
 -6   -1.2683517026634281e-07  +1.9587355953240212e-07
 -5   +1.3886423172811591e-07  -1.5222140699856146e-08
 -4   -2.5030748005777397e-05  +2.3749622809483876e-05
 -3   +1.1276832118040834e-05  -7.6713526240316242e-07
 -2   -5.0965652510491753e-03  +2.8605248331417393e-03
 -1   -2.1931126683412847e-04  +5.5639368076635767e-05
 +0   +4.1868989891842321e-07  +0.0000000000000000e+00
 +1   -2.1931126683412847e-04  -5.5639368076635767e-05
 +2   -5.0965652510491753e-03  -2.8605248331417393e-03
 +3   +1.1276832118040834e-05  +7.6713526240316242e-07
 +4   -2.5030748005777397e-05  -2.3749622809483876e-05
 +5   +1.3886423172811591e-07  +1.5222140699856146e-08
 +6   -1.2683517026634281e-07  -1.9587355953240212e-07
 +7   +1.5895369314224209e-09  +2.1123013215283858e-10
 +8   -5.2852513698960406e-10  -1.6201439449279603e-09
 +9   +2.6200375250826682e-11  -1.4250501493052316e-11
+10   +7.3452594344734946e-12  -2.8532202226666848e-11
+11   +7.3367041884142349e-12  -1.4182231984863250e-11
+12   +6.4219881140954100e-12  -1.3208183383934048e-11
+13   +5.7991811051145443e-12  -1.2144126559427312e-11
+14   +5.3146592311077621e-12  -1.1310054162541814e-11
+15   +4.9213237601304188e-12  -1.0575208689976355e-11
+16   +4.5977209377115543e-12  -9.9254800715436055e-12
+17   +4.3281830481680373e-12  -9.3464391701923025e-12
+18   +4.1012713430202366e-12  -8.8271519000469384e-12
+19   +3.9085730495828242e-12  -8.3588924949084072e-12
+20   +3.7435554135577475e-12  -7.9345094784103493e-12
+21   +3.6011625135280872e-12  -7.5480380671663507e-12
+22   +3.4774635875642104e-12  -7.1945515717896494e-12
+23   +3.3693690228242671e-12  -6.8699859163454318e-12
+24   +3.2743147679795739e-12  -6.5708845845003557e-12
+25   +3.1902683783114538e-12  -6.2942426845477015e-12
+26   +3.1157347902103373e-12  -6.0376294710922939e-12
+27   +3.0491972191404585e-12  -5.7988120119903961e-12
+28   +2.9896303843046472e-12  -5.5760498078687932e-12
+29   +2.9360636774332839e-12  -5.3676345919461063e-12
+30   +2.8877472041229756e-12  -5.1721478238716956e-12

