-30   -1.0579969540220015e-12  -2.7272693759496356e-12
-29   -1.0538113421138467e-12  -2.8325724184626645e-12
-28   -1.0491863330713275e-12  -2.9451767195788327e-12
-27   -1.0440476873726179e-12  -3.0658636903063388e-12
-26   -1.0383517181638865e-12  -3.1955924157929675e-12
-25   -1.0320130500614566e-12  -3.3354786078457409e-12
-24   -1.0249158419619664e-12  -3.4868922499327568e-12
-23   -1.0169082656614047e-12  -3.6513243883387764e-12
-22   -1.0079027805097765e-12  -3.8305556027132442e-12
-21   -9.9771165260053704e-13  -4.0268376616840793e-12
-20   -9.8606961053273674e-13  -4.2428252488940148e-12
-19   -9.7280323575133504e-13  -4.4817051491111451e-12
-18   -9.5746638762942559e-13  -4.7474444622030276e-12
-17   -9.3986519365972621e-13  -5.0450344509708056e-12
-16   -9.1819903524619285e-13  -5.3810825740648818e-12
-15   -8.9902641098162871e-13  -5.7635922788336338e-12
-14   -7.1611162876823228e-13  -6.2568856625175925e-12
-13   -1.1572668114592971e-12  -6.8027561495378813e-12
-12   +1.8509955876634416e-11  -1.5042924321688707e-11
-11   -2.7789802402757856e-11  -1.2922805690592284e-11
-10   +2.3482160633859032e-09  -1.1058656241866458e-09
 -9   -1.9935258286633478e-09  -7.2972207954894477e-11
 -8   +2.6816192753998063e-07  -1.5805237157192455e-07
 -7   -1.1098721750932634e-07  +2.2500012338762609e-08
 -6   +2.7417336202076279e-05  -2.2362229667680629e-05
 -5   -2.0665495089786818e-06  +1.9545615533057502e-06
 -4   +2.1928737330030061e-03  -2.8818747181874309e-03
 -3   +1.8350300350223031e-04  -1.5179629516564504e-04
 -2   +8.3670527411068285e-02  -2.8266856460617118e-01
 -1   -1.3233610881987183e-04  -7.3815660665403819e-07
 +0   -4.0606766786017261e-03  +0.0000000000000000e+00
 +1   -1.3233610881987183e-04  +7.3815660665403819e-07
 +2   +8.3670527411068285e-02  +2.8266856460617118e-01
 +3   +1.8350300350223031e-04  +1.5179629516564504e-04
 +4   +2.1928737330030061e-03  +2.8818747181874309e-03
 +5   -2.0665495089786818e-06  -1.9545615533057502e-06
 +6   +2.7417336202076279e-05  +2.2362229667680629e-05
 +7   -1.1098721750932634e-07  -2.2500012338762609e-08
 +8   +2.6816192753998063e-07  +1.5805237157192455e-07
 +9   -1.9935258286633478e-09  +7.2972207954894477e-11
+10   +2.3482160633859032e-09  +1.1058656241866458e-09
+11   -2.7789802402757856e-11  +1.2922805690592284e-11
+12   +1.8509955876634416e-11  +1.5042924321688707e-11
+13   -1.1572668114592971e-12  +6.8027561495378813e-12
+14   -7.1611162876823228e-13  +6.2568856625175925e-12
+15   -8.9902641098162871e-13  +5.7635922788336338e-12
+16   -9.1819903524619285e-13  +5.3810825740648818e-12
+17   -9.3986519365972621e-13  +5.0450344509708056e-12
+18   -9.5746638762942559e-13  +4.7474444622030276e-12
+19   -9.7280323575133504e-13  +4.4817051491111451e-12
+20   -9.8606961053273674e-13  +4.2428252488940148e-12
+21   -9.9771165260053704e-13  +4.0268376616840793e-12
+22   -1.0079027805097765e-12  +3.8305556027132442e-12
+23   -1.0169082656614047e-12  +3.6513243883387764e-12
+24   -1.0249158419619664e-12  +3.4868922499327568e-12
+25   -1.0320130500614566e-12  +3.3354786078457409e-12
+26   -1.0383517181638865e-12  +3.1955924157929675e-12
+27   -1.0440476873726179e-12  +3.0658636903063388e-12
+28   -1.0491863330713275e-12  +2.9451767195788327e-12
+29   -1.0538113421138467e-12  +2.8325724184626645e-12
+30   -1.0579969540220015e-12  +2.7272693759496356e-12

