-30   +1.3344968641085240e-12  +2.7998857355808599e-12
-29   +1.3477948272220499e-12  +2.9098933936186855e-12
-28   +1.3626091643316337e-12  +3.0276927366143589e-12
-27   +1.3791903976211190e-12  +3.1542519766489047e-12
-26   +1.3978338022303607e-12  +3.2906201427401973e-12
-25   +1.4189033487558039e-12  +3.4380641876279929e-12
-24   +1.4428171789204236e-12  +3.5980560237717865e-12
-23   +1.4701646197116786e-12  +3.7723738880823548e-12
-22   +1.5016059646073809e-12  +3.9631072946718257e-12
-21   +1.5380192301737343e-12  +4.1728157260510068e-12
-20   +1.5805665758170982e-12  +4.4045485716784436e-12
-19   +1.6306285098434766e-12  +4.6622087313718703e-12
-18   +1.6933630336751028e-12  +4.9504392127468892e-12
-17   +1.7618714871952408e-12  +5.2752678971824431e-12
-16   +2.1639184490965922e-12  +5.6442193861959272e-12
-15   +1.9597513131986630e-12  +6.0670270395213133e-12
-14   +3.2418246936457852e-11  +6.5580649125960685e-12
-13   +3.1216052542309854e-12  +7.1285092299914084e-12
-12   +2.7872409690285595e-09  +7.9953482848849300e-12
-11   +1.2779798936218724e-10  +8.5585544770106554e-12
-10   +2.3660499546964208e-07  +3.1408685076594264e-11
 -9   +1.2905223953865304e-08  +5.0712727404946047e-12
 -8   +1.7424521672406791e-05  +2.5319066271669638e-09
 -7   +8.8034626581826514e-07  -4.9691126288926136e-10
 -6   +9.0913649987732264e-04  +2.8971058837832550e-07
 -5   +1.4146352294645382e-05  -4.1116882097902873e-08
 -4   +7.9378016083386376e-07  +3.2925708174925366e-05
 -3   -6.6478229100746272e-09  -2.5362439691774273e-06
 -2   +9.8677774478823292e-04  +3.5902849869706818e-03
 -1   -1.3315512330113979e-05  +7.1454481516635250e-05
 +0   +1.3078539849253377e-04  +0.0000000000000000e+00
 +1   -1.3315512330113979e-05  -7.1454481516635250e-05
 +2   +9.8677774478823292e-04  -3.5902849869706818e-03
 +3   -6.6478229100746272e-09  +2.5362439691774273e-06
 +4   +7.9378016083386376e-07  -3.2925708174925366e-05
 +5   +1.4146352294645382e-05  +4.1116882097902873e-08
 +6   +9.0913649987732264e-04  -2.8971058837832550e-07
 +7   +8.8034626581826514e-07  +4.9691126288926136e-10
 +8   +1.7424521672406791e-05  -2.5319066271669638e-09
 +9   +1.2905223953865304e-08  -5.0712727404946047e-12
+10   +2.3660499546964208e-07  -3.1408685076594264e-11
+11   +1.2779798936218724e-10  -8.5585544770106554e-12
+12   +2.7872409690285595e-09  -7.9953482848849300e-12
+13   +3.1216052542309854e-12  -7.1285092299914084e-12
+14   +3.2418246936457852e-11  -6.5580649125960685e-12
+15   +1.9597513131986630e-12  -6.0670270395213133e-12
+16   +2.1639184490965922e-12  -5.6442193861959272e-12
+17   +1.7618714871952408e-12  -5.2752678971824431e-12
+18   +1.6933630336751028e-12  -4.9504392127468892e-12
+19   +1.6306285098434766e-12  -4.6622087313718703e-12
+20   +1.5805665758170982e-12  -4.4045485716784436e-12
+21   +1.5380192301737343e-12  -4.1728157260510068e-12
+22   +1.5016059646073809e-12  -3.9631072946718257e-12
+23   +1.4701646197116786e-12  -3.7723738880823548e-12
+24   +1.4428171789204236e-12  -3.5980560237717865e-12
+25   +1.4189033487558039e-12  -3.4380641876279929e-12
+26   +1.3978338022303607e-12  -3.2906201427401973e-12
+27   +1.3791903976211190e-12  -3.1542519766489047e-12
+28   +1.3626091643316337e-12  -3.0276927366143589e-12
+29   +1.3477948272220499e-12  -2.9098933936186855e-12
+30   +1.3344968641085240e-12  -2.7998857355808599e-12

