-30   +1.4667881840645550e-12  +2.2911825788838705e-12
-29   +1.5006889451162840e-12  +2.3775081695780599e-12
-28   +1.5383186846958843e-12  +2.4695651124157640e-12
-27   +1.5801513013058888e-12  +2.5679136404247755e-12
-26   +1.6269547056801537e-12  +2.6732804636763913e-12
-25   +1.6794743699276330e-12  +2.7863936771787020e-12
-24   +1.7386971491433877e-12  +2.9082980201617335e-12
-23   +1.8057743989958732e-12  +3.0400283554158950e-12
-22   +1.8822035899222319e-12  +3.1828060470209486e-12
-21   +1.9698050309580378e-12  +3.3381598499194399e-12
-20   +2.0707801738133099e-12  +3.5078429893858925e-12
-19   +2.1880812718440673e-12  +3.6938008321425745e-12
-18   +2.3254116165252038e-12  +3.8985926259422687e-12
-17   +2.4874146369958444e-12  +4.1252452965969149e-12
-16   +2.6893519288509478e-12  +4.3760087652455116e-12
-15   +2.9120790588773291e-12  +4.6576005427943564e-12
-14   +4.1218191727631681e-12  +4.9165992455261555e-12
-13   +3.4541298361648799e-12  +5.2063392951139546e-12
-12   +9.9332599621349515e-11  +8.2935819420855789e-12
-11   -8.1896912388836134e-13  -6.1003731535179385e-12
-10   +9.4774690222012663e-09  +1.3517554090553464e-09
 -9   -9.5746271205611217e-11  -1.0411515028012084e-09
 -8   +8.8243889262560886e-07  +2.6472601475467021e-07
 -7   +2.7084050135340773e-08  -6.7776146717509114e-08
 -6   +7.2403032710766405e-05  +3.9509317020990362e-05
 -5   +4.0283974724676973e-06  -1.6974264139970201e-06
 -4   +4.3622465428645747e-03  +4.5575015326569743e-03
 -3   +2.0484497787894601e-04  +1.7653995667744061e-04
 -2   +8.3635221992712838e-02  +2.8269707047839471e-01
 -1   -1.4458783386391520e-04  -4.2778033800912203e-06
 +0   -4.8865178153971369e-03  +0.0000000000000000e+00
 +1   -1.4458783386391520e-04  +4.2778033800912203e-06
 +2   +8.3635221992712838e-02  -2.8269707047839471e-01
 +3   +2.0484497787894601e-04  -1.7653995667744061e-04
 +4   +4.3622465428645747e-03  -4.5575015326569743e-03
 +5   +4.0283974724676973e-06  +1.6974264139970201e-06
 +6   +7.2403032710766405e-05  -3.9509317020990362e-05
 +7   +2.7084050135340773e-08  +6.7776146717509114e-08
 +8   +8.8243889262560886e-07  -2.6472601475467021e-07
 +9   -9.5746271205611217e-11  +1.0411515028012084e-09
+10   +9.4774690222012663e-09  -1.3517554090553464e-09
+11   -8.1896912388836134e-13  +6.1003731535179385e-12
+12   +9.9332599621349515e-11  -8.2935819420855789e-12
+13   +3.4541298361648799e-12  -5.2063392951139546e-12
+14   +4.1218191727631681e-12  -4.9165992455261555e-12
+15   +2.9120790588773291e-12  -4.6576005427943564e-12
+16   +2.6893519288509478e-12  -4.3760087652455116e-12
+17   +2.4874146369958444e-12  -4.1252452965969149e-12
+18   +2.3254116165252038e-12  -3.8985926259422687e-12
+19   +2.1880812718440673e-12  -3.6938008321425745e-12
+20   +2.0707801738133099e-12  -3.5078429893858925e-12
+21   +1.9698050309580378e-12  -3.3381598499194399e-12
+22   +1.8822035899222319e-12  -3.1828060470209486e-12
+23   +1.8057743989958732e-12  -3.0400283554158950e-12
+24   +1.7386971491433877e-12  -2.9082980201617335e-12
+25   +1.6794743699276330e-12  -2.7863936771787020e-12
+26   +1.6269547056801537e-12  -2.6732804636763913e-12
+27   +1.5801513013058888e-12  -2.5679136404247755e-12
+28   +1.5383186846958843e-12  -2.4695651124157640e-12
+29   +1.5006889451162840e-12  -2.3775081695780599e-12
+30   +1.4667881840645550e-12  -2.2911825788838705e-12

