-30   -1.4347536225984190e-12  -2.6587742431361082e-12
-29   -1.4608777722670420e-12  -2.7681031930085577e-12
-28   -1.4899688440767639e-12  -2.8857756195420916e-12
-27   -1.5225369347218521e-12  -3.0128781126269990e-12
-26   -1.5591309888052769e-12  -3.1507034520183016e-12
-25   -1.6004595443042263e-12  -3.3007580848957982e-12
-24   -1.6474011673547934e-12  -3.4647784975142326e-12
-23   -1.7010379381150245e-12  -3.6450179084028526e-12
-22   -1.7626948046442532e-12  -3.8441367507906618e-12
-21   -1.8340683139061613e-12  -4.0654068978775886e-12
-20   -1.9174910072913078e-12  -4.3128706821367653e-12
-19   -2.0155579613842202e-12  -4.5917359020149248e-12
-18   -2.1402666402108423e-12  -4.9086629632255956e-12
-17   -2.2747258765696548e-12  -5.2721246954883019e-12
-16   -3.1913367154561195e-12  -5.6934661552323731e-12
-15   -2.8336761155704018e-12  -6.1879643757371168e-12
-14   -6.9766892333715250e-11  -6.7738372143132738e-12
-13   -1.7929528913855026e-11  -7.4881690137330183e-12
-12   -5.6321931466666002e-09  -8.0908304110158203e-12
-11   -1.1126265596946329e-09  -9.5496842547644236e-12
-10   -4.3131419177698769e-07  +1.9733706036130331e-11
 -9   -7.1982380572780214e-08  -2.1314588259437364e-11
 -8   -2.7929004437411979e-05  +3.4231675150501640e-09
 -7   -3.3135730080728781e-06  -8.0663423713693424e-10
 -6   -1.2252998256606243e-03  +3.8352196644243476e-07
 -5   -1.7413005206528745e-05  -6.7031005125343451e-08
 -4   +3.0751802830424998e-06  +4.2101797375384886e-05
 -3   +4.1985121656080042e-06  -4.3053230036998726e-06
 -2   -1.0580212077109033e-03  +4.3200452120967956e-03
 -1   +2.0317603372966010e-05  +8.7269624113157294e-05
 +0   +2.5696774286638083e-03  +0.0000000000000000e+00
 +1   +2.0317603372966010e-05  -8.7269624113157294e-05
 +2   -1.0580212077109033e-03  -4.3200452120967956e-03
 +3   +4.1985121656080042e-06  +4.3053230036998726e-06
 +4   +3.0751802830424998e-06  -4.2101797375384886e-05
 +5   -1.7413005206528745e-05  +6.7031005125343451e-08
 +6   -1.2252998256606243e-03  -3.8352196644243476e-07
 +7   -3.3135730080728781e-06  +8.0663423713693424e-10
 +8   -2.7929004437411979e-05  -3.4231675150501640e-09
 +9   -7.1982380572780214e-08  +2.1314588259437364e-11
+10   -4.3131419177698769e-07  -1.9733706036130331e-11
+11   -1.1126265596946329e-09  +9.5496842547644236e-12
+12   -5.6321931466666002e-09  +8.0908304110158203e-12
+13   -1.7929528913855026e-11  +7.4881690137330183e-12
+14   -6.9766892333715250e-11  +6.7738372143132738e-12
+15   -2.8336761155704018e-12  +6.1879643757371168e-12
+16   -3.1913367154561195e-12  +5.6934661552323731e-12
+17   -2.2747258765696548e-12  +5.2721246954883019e-12
+18   -2.1402666402108423e-12  +4.9086629632255956e-12
+19   -2.0155579613842202e-12  +4.5917359020149248e-12
+20   -1.9174910072913078e-12  +4.3128706821367653e-12
+21   -1.8340683139061613e-12  +4.0654068978775886e-12
+22   -1.7626948046442532e-12  +3.8441367507906618e-12
+23   -1.7010379381150245e-12  +3.6450179084028526e-12
+24   -1.6474011673547934e-12  +3.4647784975142326e-12
+25   -1.6004595443042263e-12  +3.3007580848957982e-12
+26   -1.5591309888052769e-12  +3.1507034520183016e-12
+27   -1.5225369347218521e-12  +3.0128781126269990e-12
+28   -1.4899688440767639e-12  +2.8857756195420916e-12
+29   -1.4608777722670420e-12  +2.7681031930085577e-12
+30   -1.4347536225984190e-12  +2.6587742431361082e-12

