-30   -2.0267917546942899e-13  -4.0052794245697028e-13
-29   -2.0502570670255118e-13  -4.1567989948221012e-13
-28   -2.0764942754052619e-13  -4.3183700202610539e-13
-27   -2.1052137745384518e-13  -4.4906104297728568e-13
-26   -2.1379750626443901e-13  -4.6753356511903402e-13
-25   -2.1738704786810127e-13  -4.8740661865371616e-13
-24   -2.2153190688855178e-13  -5.0883876674061408e-13
-23   -2.2617169451636992e-13  -5.3198196750162951e-13
-22   -2.3139584810077093e-13  -5.5708663682934199e-13
-21   -2.3745346576960221e-13  -5.8446267549134180e-13
-20   -2.4436966938063112e-13  -6.1437319482532809e-13
-19   -2.5244687466375327e-13  -6.4718835770665501e-13
-18   -2.6181240179868949e-13  -6.8344827524323239e-13
-17   -2.7289138129550094e-13  -7.2361103020582329e-13
-16   -2.8601143590341165e-13  -7.6838888526229861e-13
-15   -3.0176570683860467e-13  -8.1863076446332333e-13
-14   -3.2197255385490076e-13  -8.7618217513906818e-13
-13   -3.4535218060359903e-13  -9.4056164850504283e-13
-12   -4.9453897423285102e-13  -1.1041035439767793e-12
-11   -4.8617592121836574e-13  -1.1719552640696155e-12
-10   -1.3535985792913153e-11  -1.2165464607946536e-11
 -9   -5.6301215324850636e-12  -8.1338494175866218e-12
 -8   -1.3712011716915043e-09  -1.4487810256190818e-09
 -7   -3.0684468400769716e-10  -4.7825399036325044e-10
 -6   -1.1606302056873554e-07  -2.0707846731200712e-07
 -5   -3.4647454365367243e-08  -2.2821616261875443e-08
 -4   -2.6924010827412286e-08  -2.6343539919921297e-05
 -3   -3.6003380249559800e-06  -3.9661322750234250e-06
 -2   +1.5734783469260490e-03  -1.1065700511555582e-03
 -1   +1.3992860725302329e-05  -1.9033043925076659e-05
 +0   +2.9920073856502753e-05  +0.0000000000000000e+00
 +1   +1.3992860725302329e-05  +1.9033043925076659e-05
 +2   +1.5734783469260490e-03  +1.1065700511555582e-03
 +3   -3.6003380249559800e-06  +3.9661322750234250e-06
 +4   -2.6924010827412286e-08  +2.6343539919921297e-05
 +5   -3.4647454365367243e-08  +2.2821616261875443e-08
 +6   -1.1606302056873554e-07  +2.0707846731200712e-07
 +7   -3.0684468400769716e-10  +4.7825399036325044e-10
 +8   -1.3712011716915043e-09  +1.4487810256190818e-09
 +9   -5.6301215324850636e-12  +8.1338494175866218e-12
+10   -1.3535985792913153e-11  +1.2165464607946536e-11
+11   -4.8617592121836574e-13  +1.1719552640696155e-12
+12   -4.9453897423285102e-13  +1.1041035439767793e-12
+13   -3.4535218060359903e-13  +9.4056164850504283e-13
+14   -3.2197255385490076e-13  +8.7618217513906818e-13
+15   -3.0176570683860467e-13  +8.1863076446332333e-13
+16   -2.8601143590341165e-13  +7.6838888526229861e-13
+17   -2.7289138129550094e-13  +7.2361103020582329e-13
+18   -2.6181240179868949e-13  +6.8344827524323239e-13
+19   -2.5244687466375327e-13  +6.4718835770665501e-13
+20   -2.4436966938063112e-13  +6.1437319482532809e-13
+21   -2.3745346576960221e-13  +5.8446267549134180e-13
+22   -2.3139584810077093e-13  +5.5708663682934199e-13
+23   -2.2617169451636992e-13  +5.3198196750162951e-13
+24   -2.2153190688855178e-13  +5.0883876674061408e-13
+25   -2.1738704786810127e-13  +4.8740661865371616e-13
+26   -2.1379750626443901e-13  +4.6753356511903402e-13
+27   -2.1052137745384518e-13  +4.4906104297728568e-13
+28   -2.0764942754052619e-13  +4.3183700202610539e-13
+29   -2.0502570670255118e-13  +4.1567989948221012e-13
+30   -2.0267917546942899e-13  +4.0052794245697028e-13

