-30   +7.6758132626897514e-13  +2.5213884605849435e-12
-29   +7.4965354584342062e-13  +2.6195861103578340e-12
-28   +7.2977606875795343e-13  +2.7246752875736988e-12
-27   +7.0762631340946315e-13  +2.8374577403378554e-12
-26   +6.8283375222652683e-13  +2.9588399405371539e-12
-25   +6.5495102181629707e-13  +3.0900146949339129e-12
-24   +6.2350065144906290e-13  +3.2321403026829993e-12
-23   +5.8776465001997085e-13  +3.3868518187194516e-12
-22   +5.4696373279680135e-13  +3.5559535725552322e-12
-21   +5.0014858424108725e-13  +3.7416873377247169e-12
-20   +4.4604027868146137e-13  +3.9467524883165676e-12
-19   +3.8303689193589374e-13  +4.1744422004931093e-12
-18   +3.0912716903117300e-13  +4.4322459817915886e-12
-17   +2.2173781419394578e-13  +4.7158850055551095e-12
-16   +1.1727560526255740e-13  +5.3565353015066285e-12
-15   -8.4665078999694253e-15  +5.4185392383141586e-12
-14   -1.6828996891217091e-13  +3.6175797546862895e-11
-13   -3.4814346006965329e-13  +7.2168725977087133e-12
-12   -1.2372586593661610e-12  +2.7917208696169565e-09
-11   -6.6153084127139216e-13  +1.3271983489630518e-10
-10   -6.4538270260493393e-11  +2.3661042254394216e-07
 -9   +1.7811856346645131e-11  +1.2911260895527459e-08
 -8   -5.9168978902703748e-09  +1.7424527728013667e-05
 -7   +1.6475228968727742e-09  +8.8035422865692482e-07
 -6   -5.2856226461637330e-07  +9.0913644023025509e-04
 -5   +1.2128343318432914e-07  +1.4146395450704641e-05
 -4   -4.6389335273810179e-05  +7.8692413531201838e-07
 -3   +5.0088031533526437e-06  -4.0722845041217530e-09
 -2   -5.2005501530312699e-03  +9.8599916749602680e-04
 -1   -2.0362256199714149e-04  -1.3139401568785712e-05
 +0   -1.0000005897852247e+00  +0.0000000000000000e+00
 +1   -2.0362256199714149e-04  +1.3139401568785712e-05
 +2   -5.2005501530312699e-03  -9.8599916749602680e-04
 +3   +5.0088031533526437e-06  +4.0722845041217530e-09
 +4   -4.6389335273810179e-05  -7.8692413531201838e-07
 +5   +1.2128343318432914e-07  -1.4146395450704641e-05
 +6   -5.2856226461637330e-07  -9.0913644023025509e-04
 +7   +1.6475228968727742e-09  -8.8035422865692482e-07
 +8   -5.9168978902703748e-09  -1.7424527728013667e-05
 +9   +1.7811856346645131e-11  -1.2911260895527459e-08
+10   -6.4538270260493393e-11  -2.3661042254394216e-07
+11   -6.6153084127139216e-13  -1.3271983489630518e-10
+12   -1.2372586593661610e-12  -2.7917208696169565e-09
+13   -3.4814346006965329e-13  -7.2168725977087133e-12
+14   -1.6828996891217091e-13  -3.6175797546862895e-11
+15   -8.4665078999694253e-15  -5.4185392383141586e-12
+16   +1.1727560526255740e-13  -5.3565353015066285e-12
+17   +2.2173781419394578e-13  -4.7158850055551095e-12
+18   +3.0912716903117300e-13  -4.4322459817915886e-12
+19   +3.8303689193589374e-13  -4.1744422004931093e-12
+20   +4.4604027868146137e-13  -3.9467524883165676e-12
+21   +5.0014858424108725e-13  -3.7416873377247169e-12
+22   +5.4696373279680135e-13  -3.5559535725552322e-12
+23   +5.8776465001997085e-13  -3.3868518187194516e-12
+24   +6.2350065144906290e-13  -3.2321403026829993e-12
+25   +6.5495102181629707e-13  -3.0900146949339129e-12
+26   +6.8283375222652683e-13  -2.9588399405371539e-12
+27   +7.0762631340946315e-13  -2.8374577403378554e-12
+28   +7.2977606875795343e-13  -2.7246752875736988e-12
+29   +7.4965354584342062e-13  -2.6195861103578340e-12
+30   +7.6758132626897514e-13  -2.5213884605849435e-12

