-30   -1.2371987449467212e-13  -8.3620109708960454e-13
-29   -1.0721030192413404e-13  -8.6421981766935550e-13
-28   -8.8894146779772418e-14  -8.9366066185976032e-13
-27   -6.8449787557082194e-14  -9.2461179793546146e-13
-26   -4.5609718034394008e-14  -9.5711963036240981e-13
-25   -1.9930177990589700e-14  -9.9134353799371163e-13
-24   +9.0960113619409676e-15  -1.0272881641407377e-12
-23   +4.2011499387680798e-14  -1.0650134837824786e-12
-22   +7.9617558938024939e-14  -1.1045967605551478e-12
-21   +1.2278175172750068e-13  -1.1459557944758802e-12
-20   +1.7270277665930477e-13  -1.1890007260906458e-12
-19   +2.3090415631092519e-13  -1.2335154249109056e-12
-18   +2.9928704219528424e-13  -1.2789809033917501e-12
-17   +3.8033650539042356e-13  -1.3249616637925291e-12
-16   +4.7870261974779456e-13  -1.3611146516126598e-12
-15   +5.9658357008053830e-13  -1.4133380786257077e-12
-14   +7.9660856976117121e-13  -5.2346287507857733e-13
-13   +1.0479897564098388e-12  -1.5671522050971535e-12
-12   -1.6458193352050445e-12  +9.3857188006514104e-11
-11   +1.3757224505821650e-11  -6.7935232302197905e-12
-10   -1.3672980253262065e-09  +9.4673279091992559e-09
 -9   +1.0500923681836696e-09  -1.0075682176466965e-10
 -8   -2.6695807628957808e-07  +8.8175043567483227e-07
 -7   +6.7625426037034631e-08  +2.7209669176687593e-08
 -6   -3.9692581746337252e-05  +7.2302058612310887e-05
 -5   +1.6800356797679732e-06  +4.0277341285888680e-06
 -4   -4.5684020910331229e-03  +4.3507007000678022e-03
 -3   -1.7743271615146302e-04  +2.0390335008888747e-04
 -2   -2.8288590641469291e-01  +8.2950945496898049e-02
 -1   +9.6929178111547253e-06  -1.6710131749068873e-04
 +0   -3.0443879696177112e-03  +0.0000000000000000e+00
 +1   +9.6929178111547253e-06  +1.6710131749068873e-04
 +2   -2.8288590641469291e-01  -8.2950945496898049e-02
 +3   -1.7743271615146302e-04  -2.0390335008888747e-04
 +4   -4.5684020910331229e-03  -4.3507007000678022e-03
 +5   +1.6800356797679732e-06  -4.0277341285888680e-06
 +6   -3.9692581746337252e-05  -7.2302058612310887e-05
 +7   +6.7625426037034631e-08  -2.7209669176687593e-08
 +8   -2.6695807628957808e-07  -8.8175043567483227e-07
 +9   +1.0500923681836696e-09  +1.0075682176466965e-10
+10   -1.3672980253262065e-09  -9.4673279091992559e-09
+11   +1.3757224505821650e-11  +6.7935232302197905e-12
+12   -1.6458193352050445e-12  -9.3857188006514104e-11
+13   +1.0479897564098388e-12  +1.5671522050971535e-12
+14   +7.9660856976117121e-13  +5.2346287507857733e-13
+15   +5.9658357008053830e-13  +1.4133380786257077e-12
+16   +4.7870261974779456e-13  +1.3611146516126598e-12
+17   +3.8033650539042356e-13  +1.3249616637925291e-12
+18   +2.9928704219528424e-13  +1.2789809033917501e-12
+19   +2.3090415631092519e-13  +1.2335154249109056e-12
+20   +1.7270277665930477e-13  +1.1890007260906458e-12
+21   +1.2278175172750068e-13  +1.1459557944758802e-12
+22   +7.9617558938024939e-14  +1.1045967605551478e-12
+23   +4.2011499387680798e-14  +1.0650134837824786e-12
+24   +9.0960113619409676e-15  +1.0272881641407377e-12
+25   -1.9930177990589700e-14  +9.9134353799371163e-13
+26   -4.5609718034394008e-14  +9.5711963036240981e-13
+27   -6.8449787557082194e-14  +9.2461179793546146e-13
+28   -8.8894146779772418e-14  +8.9366066185976032e-13
+29   -1.0721030192413404e-13  +8.6421981766935550e-13
+30   -1.2371987449467212e-13  +8.3620109708960454e-13

