-30   -1.9522811930063133e-12  -4.2177564656248335e-12
-29   -1.9636676410421301e-12  -4.3733455904489066e-12
-28   -1.9762694043989474e-12  -4.5387701788009165e-12
-27   -1.9902922175049751e-12  -4.7150649996396493e-12
-26   -2.0059889037849965e-12  -4.9032775732793010e-12
-25   -2.0236022014952659e-12  -5.1047707654617706e-12
-24   -2.0434436441506841e-12  -5.3209860509254241e-12
-23   -2.0659245120740613e-12  -5.5535076326373474e-12
-22   -2.0915165527435327e-12  -5.8043129404185186e-12
-21   -2.1208598622915370e-12  -6.0755421776998337e-12
-20   -2.1546482562571376e-12  -6.3696590854738845e-12
-19   -2.1939194620466918e-12  -6.6895836424789123e-12
-18   -2.2398153385484476e-12  -7.0385668806207114e-12
-17   -2.2939760053355088e-12  -7.4202037112056202e-12
-16   -2.3580200197958947e-12  -7.8400213675645825e-12
-15   -2.4345826550552172e-12  -8.2954055492431689e-12
-14   -2.4730997896305841e-12  -8.9565175504231159e-12
-13   -2.5523778600376401e-12  -9.0397333516880331e-12
-12   +4.9977058117992307e-12  -2.9260859008864471e-11
-11   +1.8679453903687869e-12  +1.6411567259645733e-11
-10   +1.0998656901919083e-09  -2.3575092655992134e-09
 -9   +5.4709643923338115e-11  +1.9810921351106271e-09
 -8   +1.5873065273704988e-07  -2.6777632108191584e-07
 -7   -2.2771426489450457e-08  +1.1093757195702481e-07
 -6   +2.2433039144562334e-05  -2.7360844248082643e-05
 -5   -1.9573303676895263e-06  +2.0646823224320765e-06
 -4   +2.8875443929184054e-03  -2.1856219765285156e-03
 -3   +1.5233983764208127e-04  -1.8277915198782011e-04
 -2   +2.8289455010369302e-01  -8.2969014043157638e-02
 -1   +2.7793710958712863e-06  +1.4311339362456417e-04
 +0   +2.7865753415068761e-03  +0.0000000000000000e+00
 +1   +2.7793710958712863e-06  -1.4311339362456417e-04
 +2   +2.8289455010369302e-01  +8.2969014043157638e-02
 +3   +1.5233983764208127e-04  +1.8277915198782011e-04
 +4   +2.8875443929184054e-03  +2.1856219765285156e-03
 +5   -1.9573303676895263e-06  -2.0646823224320765e-06
 +6   +2.2433039144562334e-05  +2.7360844248082643e-05
 +7   -2.2771426489450457e-08  -1.1093757195702481e-07
 +8   +1.5873065273704988e-07  +2.6777632108191584e-07
 +9   +5.4709643923338115e-11  -1.9810921351106271e-09
+10   +1.0998656901919083e-09  +2.3575092655992134e-09
+11   +1.8679453903687869e-12  -1.6411567259645733e-11
+12   +4.9977058117992307e-12  +2.9260859008864471e-11
+13   -2.5523778600376401e-12  +9.0397333516880331e-12
+14   -2.4730997896305841e-12  +8.9565175504231159e-12
+15   -2.4345826550552172e-12  +8.2954055492431689e-12
+16   -2.3580200197958947e-12  +7.8400213675645825e-12
+17   -2.2939760053355088e-12  +7.4202037112056202e-12
+18   -2.2398153385484476e-12  +7.0385668806207114e-12
+19   -2.1939194620466918e-12  +6.6895836424789123e-12
+20   -2.1546482562571376e-12  +6.3696590854738845e-12
+21   -2.1208598622915370e-12  +6.0755421776998337e-12
+22   -2.0915165527435327e-12  +5.8043129404185186e-12
+23   -2.0659245120740613e-12  +5.5535076326373474e-12
+24   -2.0434436441506841e-12  +5.3209860509254241e-12
+25   -2.0236022014952659e-12  +5.1047707654617706e-12
+26   -2.0059889037849965e-12  +4.9032775732793010e-12
+27   -1.9902922175049751e-12  +4.7150649996396493e-12
+28   -1.9762694043989474e-12  +4.5387701788009165e-12
+29   -1.9636676410421301e-12  +4.3733455904489066e-12
+30   -1.9522811930063133e-12  +4.2177564656248335e-12

