-30   +1.9355815226775056e-12  +2.1720812649987451e-12
-29   +2.0031592458387731e-12  +2.2502852472426401e-12
-28   +2.0782279571248638e-12  +2.3331464258310172e-12
-27   +2.1618908412445407e-12  +2.4211076692685235e-12
-26   +2.2555794319796705e-12  +2.5146746342556297e-12
-25   +2.3608296624302874e-12  +2.6143620174002997e-12
-24   +2.4798048214462135e-12  +2.7206519434151936e-12
-23   +2.6148466310890392e-12  +2.8342436444666580e-12
-22   +2.7690232791444246e-12  +2.9558241776508822e-12
-21   +2.9461635673183841e-12  +3.0859992983102836e-12
-20   +3.1510793516698967e-12  +3.2255583485601985e-12
-19   +3.3899003200718741e-12  +3.3752579184714963e-12
-18   +3.6704675798733205e-12  +3.5275761451401903e-12
-17   +4.0031492244949225e-12  +3.7048894010824442e-12
-16   +4.4035273106249189e-12  +3.1415903460159726e-12
-15   +4.8850274909856248e-12  +3.9029327224883297e-12
-14   +5.6446144491908872e-12  -6.2564671078258605e-11
-13   +6.2595698245760805e-12  -1.0185364359358497e-11
-12   +2.1176816834994444e-11  -5.6237928037258321e-09
-11   +1.1851692875638513e-11  -1.1034751644130474e-09
-10   +1.0717456973532884e-09  -4.3130281443599686e-07
 -9   +2.4823290718214335e-10  -7.1970799599183869e-08
 -8   +6.6787707112930613e-08  -2.7928912336107053e-05
 -7   +1.2002493650992342e-08  -3.3135392123821153e-06
 -6   +2.6113194479096137e-06  -1.2252971368019818e-03
 -5   +2.3188708945507835e-07  -1.7412510387839368e-05
 -4   -5.7868563342138348e-05  +2.9272964970949094e-06
 -3   +1.0143344782093727e-05  +4.2177847458230328e-06
 -2   -6.3959887026528066e-03  -1.0743961916430673e-03
 -1   -2.2180579095081062e-04  +1.8675909186698303e-05
 +0   -1.0000036383024995e+00  +0.0000000000000000e+00
 +1   -2.2180579095081062e-04  -1.8675909186698303e-05
 +2   -6.3959887026528066e-03  +1.0743961916430673e-03
 +3   +1.0143344782093727e-05  -4.2177847458230328e-06
 +4   -5.7868563342138348e-05  -2.9272964970949094e-06
 +5   +2.3188708945507835e-07  +1.7412510387839368e-05
 +6   +2.6113194479096137e-06  +1.2252971368019818e-03
 +7   +1.2002493650992342e-08  +3.3135392123821153e-06
 +8   +6.6787707112930613e-08  +2.7928912336107053e-05
 +9   +2.4823290718214335e-10  +7.1970799599183869e-08
+10   +1.0717456973532884e-09  +4.3130281443599686e-07
+11   +1.1851692875638513e-11  +1.1034751644130474e-09
+12   +2.1176816834994444e-11  +5.6237928037258321e-09
+13   +6.2595698245760805e-12  +1.0185364359358497e-11
+14   +5.6446144491908872e-12  +6.2564671078258605e-11
+15   +4.8850274909856248e-12  -3.9029327224883297e-12
+16   +4.4035273106249189e-12  -3.1415903460159726e-12
+17   +4.0031492244949225e-12  -3.7048894010824442e-12
+18   +3.6704675798733205e-12  -3.5275761451401903e-12
+19   +3.3899003200718741e-12  -3.3752579184714963e-12
+20   +3.1510793516698967e-12  -3.2255583485601985e-12
+21   +2.9461635673183841e-12  -3.0859992983102836e-12
+22   +2.7690232791444246e-12  -2.9558241776508822e-12
+23   +2.6148466310890392e-12  -2.8342436444666580e-12
+24   +2.4798048214462135e-12  -2.7206519434151936e-12
+25   +2.3608296624302874e-12  -2.6143620174002997e-12
+26   +2.2555794319796705e-12  -2.5146746342556297e-12
+27   +2.1618908412445407e-12  -2.4211076692685235e-12
+28   +2.0782279571248638e-12  -2.3331464258310172e-12
+29   +2.0031592458387731e-12  -2.2502852472426401e-12
+30   +1.9355815226775056e-12  -2.1720812649987451e-12

