-30   +0.0000000000000000e+00  +6.4566128741735567e-16
-29   -0.0000000000000000e+00  -6.7010423991552484e-16
-28   +0.0000000000000000e+00  +6.9606727622273104e-16
-27   -0.0000000000000000e+00  -7.2377816634987180e-16
-26   +0.0000000000000000e+00  +7.5344864297688416e-16
-25   -0.0000000000000000e+00  -7.8542492726732996e-16
-24   +0.0000000000000000e+00  +8.1993966986794570e-16
-23   -0.0000000000000000e+00  -8.5773867229937596e-16
-22   +0.0000000000000000e+00  +8.9830346552595762e-16
-21   -0.0000000000000000e+00  -9.4171441147706855e-16
-20   +0.0000000000000000e+00  +9.9039834858799635e-16
-19   -0.0000000000000000e+00  -1.0431638133657870e-15
-18   +0.0000000000000000e+00  +1.1030250163741636e-15
-17   -0.0000000000000000e+00  -1.1680818703648532e-15
-16   +0.0000000000000000e+00  +1.2384885577216815e-15
-15   -0.0000000000000000e+00  -1.3231543304683905e-15
-14   +0.0000000000000000e+00  +1.4104629126377646e-15
-13   -0.0000000000000000e+00  -1.8124819611653805e-15
-12   +0.0000000000000000e+00  +1.7153458451659764e-15
-11   -0.0000000000000000e+00  -3.6827638358492015e-14
-10   +0.0000000000000000e+00  +8.8954189525351180e-15
 -9   -0.0000000000000000e+00  -4.1315119361114452e-12
 -8   +0.0000000000000000e+00  +5.1733245493716378e-13
 -7   -0.0000000000000000e+00  -4.8538912604689865e-10
 -6   +0.0000000000000000e+00  +2.0907689113465676e-11
 -5   -0.0000000000000000e+00  -5.6437697240239963e-08
 -4   -0.0000000000000000e+00  -3.3794103818980954e-09
 -3   -0.0000000000000000e+00  -6.1657849085580348e-06
 -2   -0.0000000000000000e+00  -1.7327054902283331e-06
 -1   +0.0000000000000000e+00  +2.8836970456903922e-06
 +0   +0.0000000000000000e+00  +0.0000000000000000e+00
 +1   -0.0000000000000000e+00  -2.8836970456903922e-06
 +2   +0.0000000000000000e+00  +1.7327054902283331e-06
 +3   +0.0000000000000000e+00  +6.1657849085580348e-06
 +4   +0.0000000000000000e+00  +3.3794103818980954e-09
 +5   +0.0000000000000000e+00  +5.6437697240239963e-08
 +6   -0.0000000000000000e+00  -2.0907689113465676e-11
 +7   +0.0000000000000000e+00  +4.8538912604689865e-10
 +8   -0.0000000000000000e+00  -5.1733245493716378e-13
 +9   +0.0000000000000000e+00  +4.1315119361114452e-12
+10   -0.0000000000000000e+00  -8.8954189525351180e-15
+11   +0.0000000000000000e+00  +3.6827638358492015e-14
+12   -0.0000000000000000e+00  -1.7153458451659764e-15
+13   +0.0000000000000000e+00  +1.8124819611653805e-15
+14   -0.0000000000000000e+00  -1.4104629126377646e-15
+15   +0.0000000000000000e+00  +1.3231543304683905e-15
+16   -0.0000000000000000e+00  -1.2384885577216815e-15
+17   +0.0000000000000000e+00  +1.1680818703648532e-15
+18   -0.0000000000000000e+00  -1.1030250163741636e-15
+19   +0.0000000000000000e+00  +1.0431638133657870e-15
+20   -0.0000000000000000e+00  -9.9039834858799635e-16
+21   +0.0000000000000000e+00  +9.4171441147706855e-16
+22   -0.0000000000000000e+00  -8.9830346552595762e-16
+23   +0.0000000000000000e+00  +8.5773867229937596e-16
+24   -0.0000000000000000e+00  -8.1993966986794570e-16
+25   +0.0000000000000000e+00  +7.8542492726732996e-16
+26   -0.0000000000000000e+00  -7.5344864297688416e-16
+27   +0.0000000000000000e+00  +7.2377816634987180e-16
+28   -0.0000000000000000e+00  -6.9606727622273104e-16
+29   +0.0000000000000000e+00  +6.7010423991552484e-16
+30   -0.0000000000000000e+00  -6.4566128741735567e-16

