-30   +5.2154978539966540e-17  +0.0000000000000000e+00
-29   -5.7662904978289023e-17  +0.0000000000000000e+00
-28   +6.4705754315908484e-17  +0.0000000000000000e+00
-27   -7.1509869605868786e-17  +0.0000000000000000e+00
-26   +8.0382255212807050e-17  +0.0000000000000000e+00
-25   -8.8800545477167561e-17  +0.0000000000000000e+00
-24   +9.9878089445055933e-17  +0.0000000000000000e+00
-23   -1.1092304259780797e-16  +0.0000000000000000e+00
-22   +1.2425021993898928e-16  +0.0000000000000000e+00
-21   -1.4014582514254076e-16  +0.0000000000000000e+00
-20   +1.5677056087056550e-16  +0.0000000000000000e+00
-19   -1.7753361770117845e-16  +0.0000000000000000e+00
-18   +2.0015074162808550e-16  +0.0000000000000000e+00
-17   -2.2739781677633668e-16  +0.0000000000000000e+00
-16   +2.5970251495811553e-16  +0.0000000000000000e+00
-15   -2.9596586169857487e-16  +0.0000000000000000e+00
-14   +3.4838344197615605e-16  +0.0000000000000000e+00
-13   -2.0479299754215103e-16  +0.0000000000000000e+00
-12   +4.3976351947444876e-16  +0.0000000000000000e+00
-11   +2.2443209987819571e-14  +0.0000000000000000e+00
-10   -3.2932697670233931e-15  +0.0000000000000000e+00
 -9   +2.6257623977420095e-12  +0.0000000000000000e+00
 -8   -3.4209201090602822e-13  +0.0000000000000000e+00
 -7   +2.9643234997823823e-10  +0.0000000000000000e+00
 -6   -2.5611366831086598e-11  +0.0000000000000000e+00
 -5   +3.2635536074567228e-08  +0.0000000000000000e+00
 -4   -9.2167008838152112e-10  +0.0000000000000000e+00
 -3   +3.3019180671496170e-06  +0.0000000000000000e+00
 -2   +5.8546961212422197e-07  +0.0000000000000000e+00
 -1   +4.2996782010950946e-07  +0.0000000000000000e+00
 +0   -1.2598680880152523e-08  +0.0000000000000000e+00
 +1   +4.2996782010950946e-07  +0.0000000000000000e+00
 +2   +5.8546961212422197e-07  +0.0000000000000000e+00
 +3   +3.3019180671496170e-06  +0.0000000000000000e+00
 +4   -9.2167008838152112e-10  +0.0000000000000000e+00
 +5   +3.2635536074567228e-08  +0.0000000000000000e+00
 +6   -2.5611366831086598e-11  +0.0000000000000000e+00
 +7   +2.9643234997823823e-10  +0.0000000000000000e+00
 +8   -3.4209201090602822e-13  +0.0000000000000000e+00
 +9   +2.6257623977420095e-12  +0.0000000000000000e+00
+10   -3.2932697670233931e-15  +0.0000000000000000e+00
+11   +2.2443209987819571e-14  +0.0000000000000000e+00
+12   +4.3976351947444876e-16  +0.0000000000000000e+00
+13   -2.0479299754215103e-16  +0.0000000000000000e+00
+14   +3.4838344197615605e-16  +0.0000000000000000e+00
+15   -2.9596586169857487e-16  +0.0000000000000000e+00
+16   +2.5970251495811553e-16  +0.0000000000000000e+00
+17   -2.2739781677633668e-16  +0.0000000000000000e+00
+18   +2.0015074162808550e-16  +0.0000000000000000e+00
+19   -1.7753361770117845e-16  +0.0000000000000000e+00
+20   +1.5677056087056550e-16  +0.0000000000000000e+00
+21   -1.4014582514254076e-16  +0.0000000000000000e+00
+22   +1.2425021993898928e-16  +0.0000000000000000e+00
+23   -1.1092304259780797e-16  +0.0000000000000000e+00
+24   +9.9878089445055933e-17  +0.0000000000000000e+00
+25   -8.8800545477167561e-17  +0.0000000000000000e+00
+26   +8.0382255212807050e-17  +0.0000000000000000e+00
+27   -7.1509869605868786e-17  +0.0000000000000000e+00
+28   +6.4705754315908484e-17  +0.0000000000000000e+00
+29   -5.7662904978289023e-17  +0.0000000000000000e+00
+30   +5.2154978539966540e-17  +0.0000000000000000e+00

