-30   -0.0000000000000000e+00  -2.8534809580409706e-15
-29   +0.0000000000000000e+00  +2.9497618574763007e-15
-28   -0.0000000000000000e+00  -3.0777215845016442e-15
-27   +0.0000000000000000e+00  +3.1875943841436944e-15
-26   -0.0000000000000000e+00  -3.3364337546177805e-15
-25   +0.0000000000000000e+00  +3.4610766083438229e-15
-24   -0.0000000000000000e+00  -3.6301337374383318e-15
-23   +0.0000000000000000e+00  +3.7836293724117849e-15
-22   -0.0000000000000000e+00  -3.9626892930724387e-15
-21   +0.0000000000000000e+00  +4.1736276817256470e-15
-20   -0.0000000000000000e+00  -4.3704070942857406e-15
-19   +0.0000000000000000e+00  +4.6148552631933573e-15
-18   -0.0000000000000000e+00  -4.8567538065327212e-15
-17   +0.0000000000000000e+00  +5.1361919810489917e-15
-16   -0.0000000000000000e+00  -5.4435593372383571e-15
-15   +0.0000000000000000e+00  +5.7831269865102146e-15
-14   -0.0000000000000000e+00  -6.2262012561656610e-15
-13   +0.0000000000000000e+00  +6.7470536139383873e-15
-12   -0.0000000000000000e+00  -7.3012281133118014e-15
-11   +0.0000000000000000e+00  +1.8578177953261949e-14
-10   -0.0000000000000000e+00  -1.3750991000532711e-14
 -9   +0.0000000000000000e+00  +1.2290095136179539e-12
 -8   -0.0000000000000000e+00  -1.5520238399657656e-13
 -7   +0.0000000000000000e+00  +1.2454133644409793e-10
 -6   +0.0000000000000000e+00  +6.5998066886634594e-11
 -5   +0.0000000000000000e+00  +7.1593200032801963e-09
 -4   +0.0000000000000000e+00  +2.5379630132865136e-08
 -3   -0.0000000000000000e+00  -2.9940593335306382e-06
 -2   +0.0000000000000000e+00  +6.5019203655913444e-07
 -1   -0.0000000000000000e+00  -3.2109546974158150e-06
 +0   +0.0000000000000000e+00  +0.0000000000000000e+00
 +1   +0.0000000000000000e+00  +3.2109546974158150e-06
 +2   -0.0000000000000000e+00  -6.5019203655913444e-07
 +3   +0.0000000000000000e+00  +2.9940593335306382e-06
 +4   -0.0000000000000000e+00  -2.5379630132865136e-08
 +5   -0.0000000000000000e+00  -7.1593200032801963e-09
 +6   -0.0000000000000000e+00  -6.5998066886634594e-11
 +7   -0.0000000000000000e+00  -1.2454133644409793e-10
 +8   +0.0000000000000000e+00  +1.5520238399657656e-13
 +9   -0.0000000000000000e+00  -1.2290095136179539e-12
+10   +0.0000000000000000e+00  +1.3750991000532711e-14
+11   -0.0000000000000000e+00  -1.8578177953261949e-14
+12   +0.0000000000000000e+00  +7.3012281133118014e-15
+13   -0.0000000000000000e+00  -6.7470536139383873e-15
+14   +0.0000000000000000e+00  +6.2262012561656610e-15
+15   -0.0000000000000000e+00  -5.7831269865102146e-15
+16   +0.0000000000000000e+00  +5.4435593372383571e-15
+17   -0.0000000000000000e+00  -5.1361919810489917e-15
+18   +0.0000000000000000e+00  +4.8567538065327212e-15
+19   -0.0000000000000000e+00  -4.6148552631933573e-15
+20   +0.0000000000000000e+00  +4.3704070942857406e-15
+21   -0.0000000000000000e+00  -4.1736276817256470e-15
+22   +0.0000000000000000e+00  +3.9626892930724387e-15
+23   -0.0000000000000000e+00  -3.7836293724117849e-15
+24   +0.0000000000000000e+00  +3.6301337374383318e-15
+25   -0.0000000000000000e+00  -3.4610766083438229e-15
+26   +0.0000000000000000e+00  +3.3364337546177805e-15
+27   -0.0000000000000000e+00  -3.1875943841436944e-15
+28   +0.0000000000000000e+00  +3.0777215845016442e-15
+29   -0.0000000000000000e+00  -2.9497618574763007e-15
+30   +0.0000000000000000e+00  +2.8534809580409706e-15

