-30   -1.5299251400162052e-17  +0.0000000000000000e+00
-29   +1.6174712597232270e-17  +0.0000000000000000e+00
-28   -1.9571856009688817e-17  +0.0000000000000000e+00
-27   +2.5305661109609525e-17  +0.0000000000000000e+00
-26   -3.0563874317142454e-17  +0.0000000000000000e+00
-25   +3.6416641826140331e-17  +0.0000000000000000e+00
-24   -3.8406412049263241e-17  +0.0000000000000000e+00
-23   +3.3292340920820028e-17  +0.0000000000000000e+00
-22   -3.7792266694818492e-17  +0.0000000000000000e+00
-21   +5.6621000122087652e-17  +0.0000000000000000e+00
-20   -5.4664590602641454e-17  +0.0000000000000000e+00
-19   +6.4805723683634321e-17  +0.0000000000000000e+00
-18   -5.0474827065878754e-17  +0.0000000000000000e+00
-17   +5.8610679781399845e-17  +0.0000000000000000e+00
-16   -1.0088126281292603e-16  +0.0000000000000000e+00
-15   +1.0025039462518038e-16  +0.0000000000000000e+00
-14   -1.4793335211140693e-16  +0.0000000000000000e+00
-13   +7.1960994241426480e-17  +0.0000000000000000e+00
-12   -7.5107006371913903e-17  +0.0000000000000000e+00
-11   -1.2364500844044857e-14  +0.0000000000000000e+00
-10   +1.0725209583769769e-14  +0.0000000000000000e+00
 -9   -1.8965680374354350e-12  +0.0000000000000000e+00
 -8   +1.3247198237753772e-12  +0.0000000000000000e+00
 -7   -3.0808011834498753e-10  +0.0000000000000000e+00
 -6   +1.7674235496747531e-10  +0.0000000000000000e+00
 -5   -5.7088991801188510e-08  +0.0000000000000000e+00
 -4   +2.8125859355475132e-08  +0.0000000000000000e+00
 -3   -1.3822789836755060e-05  +0.0000000000000000e+00
 -2   -2.6133369812988462e-06  +0.0000000000000000e+00
 -1   +3.1834673395732294e-06  +0.0000000000000000e+00
 +0   +1.2173943514522280e-08  +0.0000000000000000e+00
 +1   +3.1834673395732294e-06  +0.0000000000000000e+00
 +2   -2.6133369812988462e-06  +0.0000000000000000e+00
 +3   -1.3822789836755060e-05  +0.0000000000000000e+00
 +4   +2.8125859355475132e-08  +0.0000000000000000e+00
 +5   -5.7088991801188510e-08  +0.0000000000000000e+00
 +6   +1.7674235496747531e-10  +0.0000000000000000e+00
 +7   -3.0808011834498753e-10  +0.0000000000000000e+00
 +8   +1.3247198237753772e-12  +0.0000000000000000e+00
 +9   -1.8965680374354350e-12  +0.0000000000000000e+00
+10   +1.0725209583769769e-14  +0.0000000000000000e+00
+11   -1.2364500844044857e-14  +0.0000000000000000e+00
+12   -7.5107006371913903e-17  +0.0000000000000000e+00
+13   +7.1960994241426480e-17  +0.0000000000000000e+00
+14   -1.4793335211140693e-16  +0.0000000000000000e+00
+15   +1.0025039462518038e-16  +0.0000000000000000e+00
+16   -1.0088126281292603e-16  +0.0000000000000000e+00
+17   +5.8610679781399845e-17  +0.0000000000000000e+00
+18   -5.0474827065878754e-17  +0.0000000000000000e+00
+19   +6.4805723683634321e-17  +0.0000000000000000e+00
+20   -5.4664590602641454e-17  +0.0000000000000000e+00
+21   +5.6621000122087652e-17  +0.0000000000000000e+00
+22   -3.7792266694818492e-17  +0.0000000000000000e+00
+23   +3.3292340920820028e-17  +0.0000000000000000e+00
+24   -3.8406412049263241e-17  +0.0000000000000000e+00
+25   +3.6416641826140331e-17  +0.0000000000000000e+00
+26   -3.0563874317142454e-17  +0.0000000000000000e+00
+27   +2.5305661109609525e-17  +0.0000000000000000e+00
+28   -1.9571856009688817e-17  +0.0000000000000000e+00
+29   +1.6174712597232270e-17  +0.0000000000000000e+00
+30   -1.5299251400162052e-17  +0.0000000000000000e+00

