-30   -8.8579111863869881e-13  +2.6983548237136809e-12
-29   +8.6998170938912141e-13  -2.8002971362308631e-12
-28   -8.5247138560124850e-13  +2.9090210931324811e-12
-27   +8.3297388349075761e-13  -3.0252421853311775e-12
-26   -8.1122169019207881e-13  +3.1497838968551007e-12
-25   +7.8682408940345105e-13  -3.2836412701392972e-12
-24   -7.5935034863786475e-13  +3.4279149433807732e-12
-23   +7.2826276908703445e-13  -3.5839293377724660e-12
-22   -6.9289307124082656e-13  +3.7532135319677352e-12
-21   +6.5243701900654735e-13  -3.9375457387579126e-12
-20   -6.0587321566312337e-13  +4.1390833996767797e-12
-19   +5.5190526134066377e-13  -4.3604125387983596e-12
-18   -4.8887381035533675e-13  +4.6045796769270727e-12
-17   +4.1467515107854515e-13  -4.8753354036641919e-12
-16   -3.2587169209077522e-13  +5.1765820199345581e-12
-15   +2.2062792847445935e-13  -5.5158879871596740e-12
-14   -1.8019564705093528e-14  +5.8241742452946379e-12
-13   -7.2153849766712148e-14  -6.3274966041425705e-12
-12   +8.7696407251291591e-12  -1.6952232872231926e-12
-11   -9.6426486159609692e-13  -6.9599445328901323e-12
-10   +9.6994650320202139e-10  -9.6350310930481594e-10
 -9   -2.3204627886181797e-11  +1.2998456062762057e-11
 -8   +1.0918387722556526e-07  -1.0945153994846726e-07
 -7   +5.2594202824184600e-10  -5.5365639021063449e-10
 -6   +1.2030246218419576e-05  -1.2060996121464211e-05
 -5   +3.4303114242838721e-07  -3.4530431461399129e-07
 -4   +1.2531188891644143e-03  -1.2563190043488228e-03
 -3   +5.8352155036018033e-05  -5.8635985737935549e-05
 -2   +1.0247661726990034e-01  -1.0273559767035194e-01
 -1   -3.7838672736794825e-05  +3.3919202615508076e-05
 +0   -7.4599544091595344e-04  +0.0000000000000000e+00
 +1   -3.7838672736794825e-05  -3.3919202615508076e-05
 +2   +1.0247661726990034e-01  +1.0273559767035194e-01
 +3   +5.8352155036018033e-05  +5.8635985737935549e-05
 +4   +1.2531188891644143e-03  +1.2563190043488228e-03
 +5   +3.4303114242838721e-07  +3.4530431461399129e-07
 +6   +1.2030246218419576e-05  +1.2060996121464211e-05
 +7   +5.2594202824184600e-10  +5.5365639021063449e-10
 +8   +1.0918387722556526e-07  +1.0945153994846726e-07
 +9   -2.3204627886181797e-11  -1.2998456062762057e-11
+10   +9.6994650320202139e-10  +9.6350310930481594e-10
+11   -9.6426486159609692e-13  +6.9599445328901323e-12
+12   +8.7696407251291591e-12  +1.6952232872231926e-12
+13   -7.2153849766712148e-14  +6.3274966041425705e-12
+14   -1.8019564705093528e-14  -5.8241742452946379e-12
+15   +2.2062792847445935e-13  +5.5158879871596740e-12
+16   -3.2587169209077522e-13  -5.1765820199345581e-12
+17   +4.1467515107854515e-13  +4.8753354036641919e-12
+18   -4.8887381035533675e-13  -4.6045796769270727e-12
+19   +5.5190526134066377e-13  +4.3604125387983596e-12
+20   -6.0587321566312337e-13  -4.1390833996767797e-12
+21   +6.5243701900654735e-13  +3.9375457387579126e-12
+22   -6.9289307124082656e-13  -3.7532135319677352e-12
+23   +7.2826276908703445e-13  +3.5839293377724660e-12
+24   -7.5935034863786475e-13  -3.4279149433807732e-12
+25   +7.8682408940345105e-13  +3.2836412701392972e-12
+26   -8.1122169019207881e-13  -3.1497838968551007e-12
+27   +8.3297388349075761e-13  +3.0252421853311775e-12
+28   -8.5247138560124850e-13  -2.9090210931324811e-12
+29   +8.6998170938912141e-13  +2.8002971362308631e-12
+30   -8.8579111863869881e-13  -2.6983548237136809e-12

