-30   +5.5350915571859951e-13  -1.4423416414474271e-12
-29   -5.5071815670699643e-13  +1.4983076517200742e-12
-28   +5.4760477238342319e-13  -1.5581755168839991e-12
-27   -5.4409354171642360e-13  +1.6223793025810711e-12
-26   +5.4013109942383838e-13  -1.6914428308443377e-12
-25   -5.3562719007328467e-13  +1.7659823525149617e-12
-24   +5.3047581574766738e-13  -1.8466924836600954e-12
-23   -5.2455842742445662e-13  +1.9344235560694795e-12
-22   +5.1768689808464321e-13  -2.0301719732980229e-12
-21   -5.0966343809702451e-13  +2.1351279754996123e-12
-20   +5.0020376490361902e-13  -2.2507908813575410e-12
-19   -4.8896493838913585e-13  +2.3788466552720617e-12
-18   +4.7542830969093085e-13  -2.5215509044510310e-12
-17   -4.5894406535620203e-13  +2.6816335301338785e-12
-16   +4.3857839891727134e-13  -2.8625453509140288e-12
-15   -4.1300855481152696e-13  +3.0687423195945458e-12
-14   +3.8041102976679729e-13  -3.3060106868590226e-12
-13   -3.3751165404056357e-13  +3.5819797994360897e-12
-12   +2.9100365041489773e-13  -3.9070534425341242e-12
-11   -1.9035005774413741e-13  +4.2929882080811604e-12
-10   +1.0183610575103093e-12  -4.5810675607617605e-12
 -9   +1.4612064585740804e-12  +4.8741452078304070e-12
 -8   +5.4650978437324576e-11  +5.9065750872914445e-11
 -7   +1.6025825585864241e-10  -7.9443034372769091e-11
 -6   -2.9905127178861312e-09  +1.9392878033936201e-08
 -5   +1.5119866401694896e-08  -1.4893818919332339e-08
 -4   -1.5424402952402482e-06  +6.0472497766448144e-06
 -3   +2.9589767172958332e-07  -1.8772385650865172e-06
 -2   +3.8299217904150755e-04  +1.9225233091800704e-03
 -1   +1.7169455491752109e-05  +1.8681755612320761e-04
 +0   +4.4191156621029382e-01  +0.0000000000000000e+00
 +1   +1.7169455491752109e-05  -1.8681755612320761e-04
 +2   +3.8299217904150755e-04  -1.9225233091800704e-03
 +3   +2.9589767172958332e-07  +1.8772385650865172e-06
 +4   -1.5424402952402482e-06  -6.0472497766448144e-06
 +5   +1.5119866401694896e-08  +1.4893818919332339e-08
 +6   -2.9905127178861312e-09  -1.9392878033936201e-08
 +7   +1.6025825585864241e-10  +7.9443034372769091e-11
 +8   +5.4650978437324576e-11  -5.9065750872914445e-11
 +9   +1.4612064585740804e-12  -4.8741452078304070e-12
+10   +1.0183610575103093e-12  +4.5810675607617605e-12
+11   -1.9035005774413741e-13  -4.2929882080811604e-12
+12   +2.9100365041489773e-13  +3.9070534425341242e-12
+13   -3.3751165404056357e-13  -3.5819797994360897e-12
+14   +3.8041102976679729e-13  +3.3060106868590226e-12
+15   -4.1300855481152696e-13  -3.0687423195945458e-12
+16   +4.3857839891727134e-13  +2.8625453509140288e-12
+17   -4.5894406535620203e-13  -2.6816335301338785e-12
+18   +4.7542830969093085e-13  +2.5215509044510310e-12
+19   -4.8896493838913585e-13  -2.3788466552720617e-12
+20   +5.0020376490361902e-13  +2.2507908813575410e-12
+21   -5.0966343809702451e-13  -2.1351279754996123e-12
+22   +5.1768689808464321e-13  +2.0301719732980229e-12
+23   -5.2455842742445662e-13  -1.9344235560694795e-12
+24   +5.3047581574766738e-13  +1.8466924836600954e-12
+25   -5.3562719007328467e-13  -1.7659823525149617e-12
+26   +5.4013109942383838e-13  +1.6914428308443377e-12
+27   -5.4409354171642360e-13  -1.6223793025810711e-12
+28   +5.4760477238342319e-13  +1.5581755168839991e-12
+29   -5.5071815670699643e-13  -1.4983076517200742e-12
+30   +5.5350915571859951e-13  +1.4423416414474271e-12

