-30   +2.0613190613889435e-13  -6.2214130355618825e-13
-29   -2.0260406277444136e-13  +6.4565713130921234e-13
-28   +1.9872404940348310e-13  -6.7074439661119082e-13
-27   -1.9437645780343459e-13  +6.9756214261468747e-13
-26   +1.8954443604034682e-13  -7.2630098389312196e-13
-25   -1.8411050649756523e-13  +7.5719221987264585e-13
-24   +1.7802349889552237e-13  -7.9049039068893628e-13
-23   -1.7109168368964743e-13  +8.2651670137815258e-13
-22   +1.6323613750842760e-13  -8.6559374266393366e-13
-21   -1.5423299723306735e-13  +9.0817409360813691e-13
-20   +1.4387326642610063e-13  -9.5470868177647009e-13
-19   -1.3187146868654311e-13  +1.0058614749657227e-12
-18   +1.1783476826008864e-13  -1.0622661869507566e-12
-17   -1.0133116166397169e-13  +1.1248620336968662e-12
-16   +8.2363586187008553e-14  -1.1940136308996653e-12
-15   -5.8259193465502929e-14  +1.2729600240733253e-12
-14   +1.0375557666580907e-13  -1.2872135415162619e-12
-13   -7.4030249412941524e-16  +1.4560650519222658e-12
-12   +8.4570917401713887e-12  +6.9502279565793292e-12
-11   -3.4561939785206615e-13  +1.2611854324069080e-12
-10   +9.6893171364329307e-10  +9.6972001860724718e-10
 -9   -2.1665581128193294e-11  -1.9826419386891664e-11
 -8   +1.0918162587106123e-07  +1.0945909540639151e-07
 -7   +5.2919138732077264e-10  +5.4522809210518558e-10
 -6   +1.2030241522124815e-05  +1.2061005598960149e-05
 -5   +3.4303803486512350e-07  +3.4529359316021787e-07
 -4   +1.2531188790536731e-03  +1.2563190164401790e-03
 -3   +5.8352171128809582e-05  +5.8635972430865124e-05
 -2   +1.0247661726512262e-01  +1.0273559768249774e-01
 -1   -3.7838635956448546e-05  -3.3919212823711005e-05
 +0   -7.4599552511267551e-04  +0.0000000000000000e+00
 +1   -3.7838635956448546e-05  +3.3919212823711005e-05
 +2   +1.0247661726512262e-01  -1.0273559768249774e-01
 +3   +5.8352171128809582e-05  -5.8635972430865124e-05
 +4   +1.2531188790536731e-03  -1.2563190164401790e-03
 +5   +3.4303803486512350e-07  -3.4529359316021787e-07
 +6   +1.2030241522124815e-05  -1.2061005598960149e-05
 +7   +5.2919138732077264e-10  -5.4522809210518558e-10
 +8   +1.0918162587106123e-07  -1.0945909540639151e-07
 +9   -2.1665581128193294e-11  +1.9826419386891664e-11
+10   +9.6893171364329307e-10  -9.6972001860724718e-10
+11   -3.4561939785206615e-13  -1.2611854324069080e-12
+12   +8.4570917401713887e-12  -6.9502279565793292e-12
+13   -7.4030249412941524e-16  -1.4560650519222658e-12
+14   +1.0375557666580907e-13  +1.2872135415162619e-12
+15   -5.8259193465502929e-14  -1.2729600240733253e-12
+16   +8.2363586187008553e-14  +1.1940136308996653e-12
+17   -1.0133116166397169e-13  -1.1248620336968662e-12
+18   +1.1783476826008864e-13  +1.0622661869507566e-12
+19   -1.3187146868654311e-13  -1.0058614749657227e-12
+20   +1.4387326642610063e-13  +9.5470868177647009e-13
+21   -1.5423299723306735e-13  -9.0817409360813691e-13
+22   +1.6323613750842760e-13  +8.6559374266393366e-13
+23   -1.7109168368964743e-13  -8.2651670137815258e-13
+24   +1.7802349889552237e-13  +7.9049039068893628e-13
+25   -1.8411050649756523e-13  -7.5719221987264585e-13
+26   +1.8954443604034682e-13  +7.2630098389312196e-13
+27   -1.9437645780343459e-13  -6.9756214261468747e-13
+28   +1.9872404940348310e-13  +6.7074439661119082e-13
+29   -2.0260406277444136e-13  -6.4565713130921234e-13
+30   +2.0613190613889435e-13  +6.2214130355618825e-13

