-30   -4.5852080649558622e-13  +7.6480603884875099e-13
-29   +4.6715746991551551e-13  -7.9272372435443330e-13
-28   -4.7671192851260358e-13  +8.2237072240573105e-13
-27   +4.8731286717931782e-13  -8.5391771831755050e-13
-26   -4.9910268169616276e-13  +8.8756482202700672e-13
-25   +5.1228891813967148e-13  -9.2352661519176069e-13
-24   -5.2705619458195316e-13  +9.6205192989126439e-13
-23   +5.4370258220130554e-13  -1.0034147308878960e-12
-22   -5.6254173167759708e-13  +1.0479386003318534e-12
-21   +5.8395922262851390e-13  -1.0959791550059115e-12
-20   -6.0846530299414375e-13  +1.1479739303649548e-12
-19   +6.3662864619642363e-13  -1.2043689085384204e-12
-18   -6.6922315330880964e-13  +1.2657094726255895e-12
-17   +7.0719733435321990e-13  -1.3326238785742168e-12
-16   -7.5176937086218396e-13  +1.4057808296380132e-12
-15   +8.0447992652541382e-13  -1.4859512481202963e-12
-14   -8.6747165267831417e-13  +1.5739533982008900e-12
-13   +9.4298503751027248e-13  -1.6706701940675034e-12
-12   -1.0457165288155840e-12  +1.7768511708757812e-12
-11   +1.1370012086707483e-12  -1.8955590320919928e-12
-10   -2.2179293003204416e-12  +2.2055257073381867e-12
 -9   +8.1702881780789773e-14  -2.6311501214400459e-12
 -8   -5.6677674202406436e-11  +6.7447580074634680e-11
 -7   -1.5751739479445174e-10  -8.8907455536786106e-11
 -6   +2.9866565019947285e-09  +1.9403681163019667e-08
 -5   -1.5114161268431925e-08  -1.4906211217449831e-08
 -4   +1.5424314178027628e-06  +6.0472637159572585e-06
 -3   -2.9588369698290459e-07  -1.8772527844494192e-06
 -2   -3.8299219860582311e-04  +1.9225233201100652e-03
 -1   -1.7169433062828976e-05  +1.8681755094992811e-04
 +0   -4.4191156623308564e-01  +0.0000000000000000e+00
 +1   -1.7169433062828976e-05  -1.8681755094992811e-04
 +2   -3.8299219860582311e-04  -1.9225233201100652e-03
 +3   -2.9588369698290459e-07  +1.8772527844494192e-06
 +4   +1.5424314178027628e-06  -6.0472637159572585e-06
 +5   -1.5114161268431925e-08  +1.4906211217449831e-08
 +6   +2.9866565019947285e-09  -1.9403681163019667e-08
 +7   -1.5751739479445174e-10  +8.8907455536786106e-11
 +8   -5.6677674202406436e-11  -6.7447580074634680e-11
 +9   +8.1702881780789773e-14  +2.6311501214400459e-12
+10   -2.2179293003204416e-12  -2.2055257073381867e-12
+11   +1.1370012086707483e-12  +1.8955590320919928e-12
+12   -1.0457165288155840e-12  -1.7768511708757812e-12
+13   +9.4298503751027248e-13  +1.6706701940675034e-12
+14   -8.6747165267831417e-13  -1.5739533982008900e-12
+15   +8.0447992652541382e-13  +1.4859512481202963e-12
+16   -7.5176937086218396e-13  -1.4057808296380132e-12
+17   +7.0719733435321990e-13  +1.3326238785742168e-12
+18   -6.6922315330880964e-13  -1.2657094726255895e-12
+19   +6.3662864619642363e-13  +1.2043689085384204e-12
+20   -6.0846530299414375e-13  -1.1479739303649548e-12
+21   +5.8395922262851390e-13  +1.0959791550059115e-12
+22   -5.6254173167759708e-13  -1.0479386003318534e-12
+23   +5.4370258220130554e-13  +1.0034147308878960e-12
+24   -5.2705619458195316e-13  -9.6205192989126439e-13
+25   +5.1228891813967148e-13  +9.2352661519176069e-13
+26   -4.9910268169616276e-13  -8.8756482202700672e-13
+27   +4.8731286717931782e-13  +8.5391771831755050e-13
+28   -4.7671192851260358e-13  -8.2237072240573105e-13
+29   +4.6715746991551551e-13  +7.9272372435443330e-13
+30   -4.5852080649558622e-13  -7.6480603884875099e-13

