-30   -5.4650785150277072e-13  +1.6598608916547724e-12
-29   +5.3683840874816477e-13  -1.7225077529551789e-12
-28   -5.2620024460195974e-13  +1.7893394197495728e-12
-27   +5.1430843724308849e-13  -1.8607821854171105e-12
-26   -5.0106441115524869e-13  +1.9373298572729929e-12
-25   +4.8616859193894190e-13  -2.0195836738838380e-12
-24   -4.6950336203596358e-13  +2.1082117242101816e-12
-23   +4.5054797119781900e-13  -2.2041033412823817e-12
-22   -4.2901940458553079e-13  +2.3080563003993534e-12
-21   +4.0438086733090248e-13  -2.4213134758674139e-12
-20   -3.7604683566022964e-13  +2.5450185986210192e-12
-19   +3.4320557295240585e-13  -2.6809371083025249e-12
-18   -3.0483489138802981e-13  +2.8307706186872128e-12
-17   +2.5972896348794678e-13  -2.9968631872530842e-12
-16   -2.0707588304400746e-13  +3.1810283649240456e-12
-15   +1.4222797663087403e-13  -3.3892756419366581e-12
-14   -1.7514580520020334e-13  +3.5129240427038286e-12
-13   +2.5815213368440735e-15  -3.8558721712568020e-12
-12   -1.2985449793511353e-11  -8.9078438703761314e-12
-11   +2.8464581262793771e-12  -1.4052463115779612e-12
-10   -1.5519064312519044e-09  -1.5434832400989288e-09
 -9   +2.5751425668844412e-10  +2.5235695326755647e-10
 -8   -1.8380679640500401e-07  -1.8333274386962367e-07
 -7   +1.6699896862171981e-08  +1.6674443741699222e-08
 -6   -2.1802921541064879e-05  -2.1747273122011326e-05
 -5   +2.9472858893426930e-07  +2.9660935521059632e-07
 -4   -2.5844515769971248e-03  -2.5778574667828054e-03
 -3   -1.5484741860490164e-04  -1.5414552292601082e-04
 -2   -2.9973087436176044e-01  -2.9896679086119649e-01
 -1   +1.1980288068459974e-04  +1.4202606170955694e-04
 +0   +5.2753037916422156e-03  +0.0000000000000000e+00
 +1   +1.1980288068459974e-04  -1.4202606170955694e-04
 +2   -2.9973087436176044e-01  +2.9896679086119649e-01
 +3   -1.5484741860490164e-04  +1.5414552292601082e-04
 +4   -2.5844515769971248e-03  +2.5778574667828054e-03
 +5   +2.9472858893426930e-07  -2.9660935521059632e-07
 +6   -2.1802921541064879e-05  +2.1747273122011326e-05
 +7   +1.6699896862171981e-08  -1.6674443741699222e-08
 +8   -1.8380679640500401e-07  +1.8333274386962367e-07
 +9   +2.5751425668844412e-10  -2.5235695326755647e-10
+10   -1.5519064312519044e-09  +1.5434832400989288e-09
+11   +2.8464581262793771e-12  +1.4052463115779612e-12
+12   -1.2985449793511353e-11  +8.9078438703761314e-12
+13   +2.5815213368440735e-15  +3.8558721712568020e-12
+14   -1.7514580520020334e-13  -3.5129240427038286e-12
+15   +1.4222797663087403e-13  +3.3892756419366581e-12
+16   -2.0707588304400746e-13  -3.1810283649240456e-12
+17   +2.5972896348794678e-13  +2.9968631872530842e-12
+18   -3.0483489138802981e-13  -2.8307706186872128e-12
+19   +3.4320557295240585e-13  +2.6809371083025249e-12
+20   -3.7604683566022964e-13  -2.5450185986210192e-12
+21   +4.0438086733090248e-13  +2.4213134758674139e-12
+22   -4.2901940458553079e-13  -2.3080563003993534e-12
+23   +4.5054797119781900e-13  +2.2041033412823817e-12
+24   -4.6950336203596358e-13  -2.1082117242101816e-12
+25   +4.8616859193894190e-13  +2.0195836738838380e-12
+26   -5.0106441115524869e-13  -1.9373298572729929e-12
+27   +5.1430843724308849e-13  +1.8607821854171105e-12
+28   -5.2620024460195974e-13  -1.7893394197495728e-12
+29   +5.3683840874816477e-13  +1.7225077529551789e-12
+30   -5.4650785150277072e-13  -1.6598608916547724e-12

