-30   +5.6830837538947605e-13  -2.7043670777359149e-12
-29   -5.3031354842180797e-13  +2.8040821257522052e-12
-28   +4.8820053918264055e-13  -2.9100997966668048e-12
-27   -4.4134558328015533e-13  +3.0230518843771977e-12
-26   +3.8901541050333213e-13  -3.1436546675587613e-12
-25   -3.3032662751611312e-13  +3.2727194750290389e-12
-24   +2.6421304134947287e-13  -3.4111740487943824e-12
-23   -1.8936649429869229e-13  +3.5600640244972329e-12
-22   +1.0419876086715570e-13  -3.7205871317925697e-12
-21   -6.7217107348571318e-15  +3.8941067443769470e-12
-20   -1.0553589383692706e-13  -4.0821833518404557e-12
-19   +2.3570161949805751e-13  +4.2866104037530431e-12
-18   -3.8776753185702699e-13  -4.5093768871038921e-12
-17   +5.6690232809196555e-13  +4.7527422236234643e-12
-16   -7.7983333005037367e-13  -5.0191786179694657e-12
-15   +1.0355534829046803e-12  +5.3112924697784049e-12
-14   -1.3461503158429897e-12  -5.6318982981766828e-12
-13   +1.7282497644705723e-12  +5.9823243682852895e-12
-12   -2.2047262117656291e-12  -6.3980413004372276e-12
-11   +2.8139255068885503e-12  +6.7837623831466606e-12
-10   -3.5193417714222690e-12  -1.1532797201651025e-11
 -9   +5.2318139433560202e-12  +8.6183034530016459e-12
 -8   +4.8526365951594415e-12  -5.7388245139786383e-10
 -7   +8.9311631932883597e-11  +8.9334491242264817e-11
 -6   -2.5411981951326772e-10  -7.8387954031391430e-08
 -5   +1.0155356410357287e-08  +3.3511275661815444e-09
 -4   -1.2580235112871955e-06  -1.1884281638558270e-05
 -3   +8.1447092855473934e-07  -6.2012694858066303e-07
 -2   -9.2844056571919273e-04  -1.8387896857348211e-03
 -1   -3.4232815117589562e-05  -1.2272336906999685e-04
 +0   -2.7807198337319528e-01  +0.0000000000000000e+00
 +1   -3.4232815117589562e-05  +1.2272336906999685e-04
 +2   -9.2844056571919273e-04  +1.8387896857348211e-03
 +3   +8.1447092855473934e-07  +6.2012694858066303e-07
 +4   -1.2580235112871955e-06  +1.1884281638558270e-05
 +5   +1.0155356410357287e-08  -3.3511275661815444e-09
 +6   -2.5411981951326772e-10  +7.8387954031391430e-08
 +7   +8.9311631932883597e-11  -8.9334491242264817e-11
 +8   +4.8526365951594415e-12  +5.7388245139786383e-10
 +9   +5.2318139433560202e-12  -8.6183034530016459e-12
+10   -3.5193417714222690e-12  +1.1532797201651025e-11
+11   +2.8139255068885503e-12  -6.7837623831466606e-12
+12   -2.2047262117656291e-12  +6.3980413004372276e-12
+13   +1.7282497644705723e-12  -5.9823243682852895e-12
+14   -1.3461503158429897e-12  +5.6318982981766828e-12
+15   +1.0355534829046803e-12  -5.3112924697784049e-12
+16   -7.7983333005037367e-13  +5.0191786179694657e-12
+17   +5.6690232809196555e-13  -4.7527422236234643e-12
+18   -3.8776753185702699e-13  +4.5093768871038921e-12
+19   +2.3570161949805751e-13  -4.2866104037530431e-12
+20   -1.0553589383692706e-13  +4.0821833518404557e-12
+21   -6.7217107348571318e-15  -3.8941067443769470e-12
+22   +1.0419876086715570e-13  +3.7205871317925697e-12
+23   -1.8936649429869229e-13  -3.5600640244972329e-12
+24   +2.6421304134947287e-13  +3.4111740487943824e-12
+25   -3.3032662751611312e-13  -3.2727194750290389e-12
+26   +3.8901541050333213e-13  +3.1436546675587613e-12
+27   -4.4134558328015533e-13  -3.0230518843771977e-12
+28   +4.8820053918264055e-13  +2.9100997966668048e-12
+29   -5.3031354842180797e-13  -2.8040821257522052e-12
+30   +5.6830837538947605e-13  +2.7043670777359149e-12

