-30   +1.3797914628217575e-13  -4.0923577502375854e-13
-29   -1.3582473730455130e-13  +4.2474289910113293e-13
-28   +1.3342606178206099e-13  -4.4122411886189104e-13
-27   -1.3079313871077647e-13  +4.5888227530730765e-13
-26   +1.2781209279301780e-13  -4.7781424152950179e-13
-25   -1.2450804145024362e-13  +4.9814301106834893e-13
-24   +1.2078588175150339e-13  -5.2009126996742274e-13
-23   -1.1656218664092094e-13  +5.4380462690660538e-13
-22   +1.1177222912505943e-13  -5.6954767901911368e-13
-21   -1.0626250788186445e-13  +5.9761049450643960e-13
-20   +9.9907456992714444e-14  -6.2831625759724644e-13
-19   -9.2550740088808143e-14  +6.6197837370450878e-13
-18   +8.4001889259446370e-14  -6.9917035239300185e-13
-17   -7.3934849867310861e-14  +7.4043728226369295e-13
-16   +6.2905117380831913e-14  -7.8748683148660354e-13
-15   -4.7937351019527456e-14  +8.3860508939619835e-13
-14   +1.4156055511663339e-13  -1.0078297393860176e-12
-13   -4.3399929465167670e-14  +9.9805386977693987e-13
-12   +1.3119097952499842e-11  -1.4143761480854085e-11
-11   -3.0978100677886190e-12  +4.2723485280993363e-12
-10   +1.5523098957506087e-09  -1.5496765191105304e-09
 -9   -2.5811843452580749e-10  +2.5915787776874164e-10
 -8   +1.8380767241449062e-07  -1.8334026751379347e-07
 -7   -1.6701151701667026e-08  +1.6682832833673700e-08
 -6   +2.1802923340800922e-05  -2.1747282551982879e-05
 -5   -2.9473119997569656e-07  +2.9661999792800179e-07
 -4   +2.5844515808118671e-03  -2.5778574792631142e-03
 -3   +1.5484741291281462e-04  -1.5414551002267013e-04
 -2   +2.9973087436604107e-01  -2.9896679093363243e-01
 -1   -1.1980289619475216e-04  +1.4202607261664917e-04
 +0   -5.2753038185122357e-03  +0.0000000000000000e+00
 +1   -1.1980289619475216e-04  -1.4202607261664917e-04
 +2   +2.9973087436604107e-01  +2.9896679093363243e-01
 +3   +1.5484741291281462e-04  +1.5414551002267013e-04
 +4   +2.5844515808118671e-03  +2.5778574792631142e-03
 +5   -2.9473119997569656e-07  -2.9661999792800179e-07
 +6   +2.1802923340800922e-05  +2.1747282551982879e-05
 +7   -1.6701151701667026e-08  -1.6682832833673700e-08
 +8   +1.8380767241449062e-07  +1.8334026751379347e-07
 +9   -2.5811843452580749e-10  -2.5915787776874164e-10
+10   +1.5523098957506087e-09  +1.5496765191105304e-09
+11   -3.0978100677886190e-12  -4.2723485280993363e-12
+12   +1.3119097952499842e-11  +1.4143761480854085e-11
+13   -4.3399929465167670e-14  -9.9805386977693987e-13
+14   +1.4156055511663339e-13  +1.0078297393860176e-12
+15   -4.7937351019527456e-14  -8.3860508939619835e-13
+16   +6.2905117380831913e-14  +7.8748683148660354e-13
+17   -7.3934849867310861e-14  -7.4043728226369295e-13
+18   +8.4001889259446370e-14  +6.9917035239300185e-13
+19   -9.2550740088808143e-14  -6.6197837370450878e-13
+20   +9.9907456992714444e-14  +6.2831625759724644e-13
+21   -1.0626250788186445e-13  -5.9761049450643960e-13
+22   +1.1177222912505943e-13  +5.6954767901911368e-13
+23   -1.1656218664092094e-13  -5.4380462690660538e-13
+24   +1.2078588175150339e-13  +5.2009126996742274e-13
+25   -1.2450804145024362e-13  -4.9814301106834893e-13
+26   +1.2781209279301780e-13  +4.7781424152950179e-13
+27   -1.3079313871077647e-13  -4.5888227530730765e-13
+28   +1.3342606178206099e-13  +4.4122411886189104e-13
+29   -1.3582473730455130e-13  -4.2474289910113293e-13
+30   +1.3797914628217575e-13  +4.0923577502375854e-13

