-30   +2.9144427854438851e-13  -4.8659919056980933e-13
-29   -2.9692060786732253e-13  +5.0435873036731777e-13
-28   +3.0298063748721152e-13  -5.2322594275346735e-13
-27   -3.0970468174612773e-13  +5.4330655528463707e-13
-26   +3.1718650775780933e-13  -5.6471389924142515e-13
-25   -3.2553951202255752e-13  +5.8759611792564224e-13
-24   +3.3491136400641905e-13  -6.1211347859031292e-13
-23   -3.4546969031695763e-13  +6.3843529701744547e-13
-22   +3.5741416969931720e-13  -6.6676816389625012e-13
-21   -3.7099959756348812e-13  +6.9734200355710088e-13
-20   +3.8653539154676239e-13  -7.3042527632319479e-13
-19   -4.0440261665297943e-13  +7.6631970907466219e-13
-18   +4.2506809061718973e-13  -8.0536469427191724e-13
-17   -4.4914923853103719e-13  +8.4795098950673391e-13
-16   +4.7741508257187772e-13  -8.9451484106887475e-13
-15   -5.1084142575295053e-13  +9.4555925220831357e-13
-14   +5.5070879273318873e-13  -1.0013092397894710e-12
-13   -5.9868744753539778e-13  +1.0630508701038221e-12
-12   +6.5727995719893800e-13  -1.0964172100037504e-12
-11   -7.2405238883807136e-13  +1.1942453020230988e-12
-10   +8.8726419949450793e-13  +3.0471306441114334e-12
 -9   -3.1153172684111802e-13  +3.7145925954721941e-13
 -8   +1.1911227329904219e-11  +5.6445793644927837e-10
 -7   +8.0203016097358539e-11  -7.9695626323526146e-11
 -6   -2.4223554418538808e-10  +7.8378664582612557e-08
 -5   +1.0139881910951735e-08  -3.3435104213669064e-09
 -4   -1.2580042745930977e-06  +1.1884278477865425e-05
 -3   +8.1445098298052603e-07  +6.2012143703164054e-07
 -2   -9.2844055418825875e-04  +1.8387896995039640e-03
 -1   -3.4232813711253143e-05  +1.2272335738023181e-04
 +0   -2.7807198338018130e-01  +0.0000000000000000e+00
 +1   -3.4232813711253143e-05  -1.2272335738023181e-04
 +2   -9.2844055418825875e-04  -1.8387896995039640e-03
 +3   +8.1445098298052603e-07  -6.2012143703164054e-07
 +4   -1.2580042745930977e-06  -1.1884278477865425e-05
 +5   +1.0139881910951735e-08  +3.3435104213669064e-09
 +6   -2.4223554418538808e-10  -7.8378664582612557e-08
 +7   +8.0203016097358539e-11  +7.9695626323526146e-11
 +8   +1.1911227329904219e-11  -5.6445793644927837e-10
 +9   -3.1153172684111802e-13  -3.7145925954721941e-13
+10   +8.8726419949450793e-13  -3.0471306441114334e-12
+11   -7.2405238883807136e-13  -1.1942453020230988e-12
+12   +6.5727995719893800e-13  +1.0964172100037504e-12
+13   -5.9868744753539778e-13  -1.0630508701038221e-12
+14   +5.5070879273318873e-13  +1.0013092397894710e-12
+15   -5.1084142575295053e-13  -9.4555925220831357e-13
+16   +4.7741508257187772e-13  +8.9451484106887475e-13
+17   -4.4914923853103719e-13  -8.4795098950673391e-13
+18   +4.2506809061718973e-13  +8.0536469427191724e-13
+19   -4.0440261665297943e-13  -7.6631970907466219e-13
+20   +3.8653539154676239e-13  +7.3042527632319479e-13
+21   -3.7099959756348812e-13  -6.9734200355710088e-13
+22   +3.5741416969931720e-13  +6.6676816389625012e-13
+23   -3.4546969031695763e-13  -6.3843529701744547e-13
+24   +3.3491136400641905e-13  +6.1211347859031292e-13
+25   -3.2553951202255752e-13  -5.8759611792564224e-13
+26   +3.1718650775780933e-13  +5.6471389924142515e-13
+27   -3.0970468174612773e-13  -5.4330655528463707e-13
+28   +3.0298063748721152e-13  +5.2322594275346735e-13
+29   -2.9692060786732253e-13  -5.0435873036731777e-13
+30   +2.9144427854438851e-13  +4.8659919056980933e-13

