-30   -4.9132829998978489e-16  +8.2574153249622521e-16
-29   +5.0507350922901961e-16  -8.3455599448690113e-16
-28   -5.5393751028943656e-16  +8.8641858986497667e-16
-27   +5.3266887173580159e-16  -9.4365802384070559e-16
-26   -5.5786006489119019e-16  +9.6602556209491288e-16
-25   +5.7085352768747147e-16  -1.0214170110897832e-15
-24   -5.8780254657701336e-16  +1.0466563762153167e-15
-23   +6.0621848304225785e-16  -1.0991121725646661e-15
-22   -6.3464062986997638e-16  +1.1582244997216274e-15
-21   +6.5287094053480857e-16  -1.2174037394355402e-15
-20   -7.0973033436869970e-16  +1.2575262438458606e-15
-19   +7.6346213339764433e-16  -1.3613104509739968e-15
-18   -7.9357588028298356e-16  +1.4698253087992473e-15
-17   +8.2977292850417106e-16  -1.5528014068793779e-15
-16   -4.5414022973691891e-16  +1.1979555835034467e-15
-15   +7.8832149159455195e-16  -1.5934147111619999e-15
-14   +5.2756493473472549e-14  -5.1871754909717069e-14
-13   -1.7036582991352175e-14  +1.6143136947410138e-14
-12   +6.6795754216812523e-12  -6.6797472683674341e-12
-11   -1.6978675226742237e-12  +1.6974726492631010e-12
-10   +8.3835678432438766e-10  -8.3848133648133410e-10
 -9   -1.4285769186895132e-10  +1.4291225442219624e-10
 -8   +1.0665435969676269e-07  -1.0667035658903892e-07
 -7   -9.2142377374495553e-09  +9.2200258028020586e-09
 -6   +1.3843935646092779e-05  -1.3846020133938144e-05
 -5   -5.9781687379183486e-08  +6.0379206639195752e-08
 -4   +1.8561974162671520e-03  -1.8564787911865448e-03
 -3   +1.2283299697392924e-04  -1.2276886064426870e-04
 -2   +2.6445545660192293e-01  -2.6449610969095455e-01
 -1   -1.0200459408573798e-04  +1.1405677454613244e-04
 +0   -3.7938241164829013e-03  +0.0000000000000000e+00
 +1   -1.0200459408573798e-04  -1.1405677454613244e-04
 +2   +2.6445545660192293e-01  +2.6449610969095455e-01
 +3   +1.2283299697392924e-04  +1.2276886064426870e-04
 +4   +1.8561974162671520e-03  +1.8564787911865448e-03
 +5   -5.9781687379183486e-08  -6.0379206639195752e-08
 +6   +1.3843935646092779e-05  +1.3846020133938144e-05
 +7   -9.2142377374495553e-09  -9.2200258028020586e-09
 +8   +1.0665435969676269e-07  +1.0667035658903892e-07
 +9   -1.4285769186895132e-10  -1.4291225442219624e-10
+10   +8.3835678432438766e-10  +8.3848133648133410e-10
+11   -1.6978675226742237e-12  -1.6974726492631010e-12
+12   +6.6795754216812523e-12  +6.6797472683674341e-12
+13   -1.7036582991352175e-14  -1.6143136947410138e-14
+14   +5.2756493473472549e-14  +5.1871754909717069e-14
+15   +7.8832149159455195e-16  +1.5934147111619999e-15
+16   -4.5414022973691891e-16  -1.1979555835034467e-15
+17   +8.2977292850417106e-16  +1.5528014068793779e-15
+18   -7.9357588028298356e-16  -1.4698253087992473e-15
+19   +7.6346213339764433e-16  +1.3613104509739968e-15
+20   -7.0973033436869970e-16  -1.2575262438458606e-15
+21   +6.5287094053480857e-16  +1.2174037394355402e-15
+22   -6.3464062986997638e-16  -1.1582244997216274e-15
+23   +6.0621848304225785e-16  +1.0991121725646661e-15
+24   -5.8780254657701336e-16  -1.0466563762153167e-15
+25   +5.7085352768747147e-16  +1.0214170110897832e-15
+26   -5.5786006489119019e-16  -9.6602556209491288e-16
+27   +5.3266887173580159e-16  +9.4365802384070559e-16
+28   -5.5393751028943656e-16  -8.8641858986497667e-16
+29   +5.0507350922901961e-16  +8.3455599448690113e-16
+30   -4.9132829998978489e-16  -8.2574153249622521e-16

