-30   +5.5060110697813840e-17  -4.2012654964139938e-16
-29   -2.3523389128959961e-17  +4.1217241039028677e-16
-28   +4.2486322816302393e-17  -4.3568084318055766e-16
-27   +2.2708146910825690e-18  +4.5614077011771601e-16
-26   +6.3362150914320210e-18  -4.8375553199363927e-16
-25   +4.4334027206076873e-17  +4.9720573087158592e-16
-24   -4.5653761467461248e-18  -5.0451445063465800e-16
-23   +3.8404648322347484e-17  +5.6768865465736271e-16
-22   -4.6950723788695430e-17  -5.6495815824887764e-16
-21   +9.4590809576060333e-17  +6.4077373943534813e-16
-20   -1.1320030849264780e-16  -6.1902294660566899e-16
-19   +1.4163442442369977e-16  +6.9920686627869743e-16
-18   -2.1850382126419215e-16  -7.2371601902516393e-16
-17   +2.4821264032450495e-16  +7.7303843454032949e-16
-16   +1.3368382830034335e-16  -3.4531035986748011e-16
-15   +1.3321448342470372e-16  +6.9575120109338044e-16
-14   +5.3345558397232675e-14  +5.2821857428722352e-14
-13   -1.7663240603651692e-14  -1.7133138828282565e-14
-12   +6.6802703359919524e-12  +6.6807788927285827e-12
-11   -1.6985796187142123e-12  -1.6986771097379667e-12
-10   +8.3835748984421084e-10  +8.3848260383952785e-10
 -9   -1.4285851534803734e-10  -1.4291369946912483e-10
 -8   +1.0665436060834444e-07  +1.0667035824554220e-07
 -7   -9.2142387938442913e-09  -9.2200277168708695e-09
 -6   +1.3843935647374458e-05  +1.3846020136192822e-05
 -5   -5.9781689094863914e-08  -6.0379209444213477e-08
 -4   +1.8561974162696591e-03  +1.8564787911908803e-03
 -3   +1.2283299696906781e-04  +1.2276886063815012e-04
 -2   +2.6445545660192121e-01  +2.6449610969104642e-01
 -1   -1.0200459407834772e-04  -1.1405677454121348e-04
 +0   -3.7938241164877790e-03  +0.0000000000000000e+00
 +1   -1.0200459407834772e-04  +1.1405677454121348e-04
 +2   +2.6445545660192121e-01  -2.6449610969104642e-01
 +3   +1.2283299696906781e-04  -1.2276886063815012e-04
 +4   +1.8561974162696591e-03  -1.8564787911908803e-03
 +5   -5.9781689094863914e-08  +6.0379209444213477e-08
 +6   +1.3843935647374458e-05  -1.3846020136192822e-05
 +7   -9.2142387938442913e-09  +9.2200277168708695e-09
 +8   +1.0665436060834444e-07  -1.0667035824554220e-07
 +9   -1.4285851534803734e-10  +1.4291369946912483e-10
+10   +8.3835748984421084e-10  -8.3848260383952785e-10
+11   -1.6985796187142123e-12  +1.6986771097379667e-12
+12   +6.6802703359919524e-12  -6.6807788927285827e-12
+13   -1.7663240603651692e-14  +1.7133138828282565e-14
+14   +5.3345558397232675e-14  -5.2821857428722352e-14
+15   +1.3321448342470372e-16  -6.9575120109338044e-16
+16   +1.3368382830034335e-16  +3.4531035986748011e-16
+17   +2.4821264032450495e-16  -7.7303843454032949e-16
+18   -2.1850382126419215e-16  +7.2371601902516393e-16
+19   +1.4163442442369977e-16  -6.9920686627869743e-16
+20   -1.1320030849264780e-16  +6.1902294660566899e-16
+21   +9.4590809576060333e-17  -6.4077373943534813e-16
+22   -4.6950723788695430e-17  +5.6495815824887764e-16
+23   +3.8404648322347484e-17  -5.6768865465736271e-16
+24   -4.5653761467461248e-18  +5.0451445063465800e-16
+25   +4.4334027206076873e-17  -4.9720573087158592e-16
+26   +6.3362150914320210e-18  +4.8375553199363927e-16
+27   +2.2708146910825690e-18  -4.5614077011771601e-16
+28   +4.2486322816302393e-17  +4.3568084318055766e-16
+29   -2.3523389128959961e-17  -4.1217241039028677e-16
+30   +5.5060110697813840e-17  +4.2012654964139938e-16

