-30   +2.4817403113323232e-12  -7.5380678531541107e-12
-29   -2.4380544442695321e-12  +7.8228601209451454e-12
-28   +2.3896536387870394e-12  -8.1265698875234209e-12
-27   -2.3357979817568194e-12  +8.4512233994910698e-12
-26   +2.2756986993026057e-12  -8.7991606348772221e-12
-25   -2.2082971338604600e-12  +9.1730894228181331e-12
-24   +2.1324173745631008e-12  -9.5761431139228316e-12
-23   -2.0465279894361610e-12  +1.0011990203947485e-11
-22   +1.9488483528433748e-12  -1.0484856147175656e-11
-21   -1.8371011764805994e-12  +1.0999836787967235e-11
-20   +1.7084729810026112e-12  -1.1562867147506130e-11
-19   -1.5594261356866163e-12  +1.2181145691822679e-11
-18   +1.3853873766668133e-12  -1.2863224235112983e-11
-17   -1.1805334492675790e-12  +1.3619578548319243e-11
-16   +9.3744978130351277e-13  -1.4462715006507055e-11
-15   -6.4570641215398307e-13  +1.5408680423100068e-11
-14   +3.2375820530230335e-13  -1.6444949158532904e-11
-13   +8.5482272094832945e-14  +1.7634468874294645e-11
-12   +3.2563882487031882e-12  -1.5153585877476401e-11
-11   -4.3803270214767899e-12  +1.4958047599503582e-11
-10   +4.6393715220139321e-10  +4.4243176612920379e-10
 -9   -5.0685657178897967e-10  -4.8425369616179210e-10
 -8   +5.4363795106645981e-08  +5.4203006178376372e-08
 -7   -3.7913727851169274e-08  -3.7800911929173514e-08
 -6   +6.1487225181001310e-06  +6.1330801758451470e-06
 -5   -1.5799204170695608e-06  -1.5766628733810697e-06
 -4   +6.5421417909690600e-04  +6.5255909664201995e-04
 -3   +5.7453937872389126e-05  +5.7257394926822586e-05
 -2   +1.0804083956034476e-01  +1.0775799282138143e-01
 -1   -4.9635603556129224e-05  -6.4814447767702344e-05
 +0   -2.5160009425807214e-03  +0.0000000000000000e+00
 +1   -4.9635603556129224e-05  +6.4814447767702344e-05
 +2   +1.0804083956034476e-01  -1.0775799282138143e-01
 +3   +5.7453937872389126e-05  -5.7257394926822586e-05
 +4   +6.5421417909690600e-04  -6.5255909664201995e-04
 +5   -1.5799204170695608e-06  +1.5766628733810697e-06
 +6   +6.1487225181001310e-06  -6.1330801758451470e-06
 +7   -3.7913727851169274e-08  +3.7800911929173514e-08
 +8   +5.4363795106645981e-08  -5.4203006178376372e-08
 +9   -5.0685657178897967e-10  +4.8425369616179210e-10
+10   +4.6393715220139321e-10  -4.4243176612920379e-10
+11   -4.3803270214767899e-12  -1.4958047599503582e-11
+12   +3.2563882487031882e-12  +1.5153585877476401e-11
+13   +8.5482272094832945e-14  -1.7634468874294645e-11
+14   +3.2375820530230335e-13  +1.6444949158532904e-11
+15   -6.4570641215398307e-13  -1.5408680423100068e-11
+16   +9.3744978130351277e-13  +1.4462715006507055e-11
+17   -1.1805334492675790e-12  -1.3619578548319243e-11
+18   +1.3853873766668133e-12  +1.2863224235112983e-11
+19   -1.5594261356866163e-12  -1.2181145691822679e-11
+20   +1.7084729810026112e-12  +1.1562867147506130e-11
+21   -1.8371011764805994e-12  -1.0999836787967235e-11
+22   +1.9488483528433748e-12  +1.0484856147175656e-11
+23   -2.0465279894361610e-12  -1.0011990203947485e-11
+24   +2.1324173745631008e-12  +9.5761431139228316e-12
+25   -2.2082971338604600e-12  -9.1730894228181331e-12
+26   +2.2756986993026057e-12  +8.7991606348772221e-12
+27   -2.3357979817568194e-12  -8.4512233994910698e-12
+28   +2.3896536387870394e-12  +8.1265698875234209e-12
+29   -2.4380544442695321e-12  -7.8228601209451454e-12
+30   +2.4817403113323232e-12  +7.5380678531541107e-12

