-30   -1.1152206417391344e-13  +6.0378823694661192e-13
-29   +1.0197581220376091e-13  -6.2617903837973618e-13
-28   -9.1405708365957258e-14  +6.4999534020297693e-13
-27   +7.9625200385694585e-14  -6.7539585000321750e-13
-26   -6.6422990274682996e-14  +7.0251630433543838e-13
-25   +5.1599429943886864e-14  -7.3157219869224910e-13
-24   -3.4906294508202318e-14  +7.6277348865317983e-13
-23   +1.5923011419524352e-14  -7.9635407394211078e-13
-22   +5.6926987270832450e-15  +8.3257278794271889e-13
-21   -3.0500572386636520e-14  -8.7177365251435019e-13
-20   +5.9110587271531580e-14  +9.1431106544123653e-13
-19   -9.2509060773717256e-14  -9.6057243844035715e-13
-18   +1.3158937683524606e-13  +1.0110379710635977e-12
-17   -1.7786823615009523e-13  -1.0662173114470719e-12
-16   +2.3312487034239720e-13  +1.1266295037865161e-12
-15   -2.9982794749072643e-13  -1.1928929608876086e-12
-14   +3.8128942285905680e-13  +1.2654766882163692e-12
-13   -4.8246307289429059e-13  -1.3449135233294732e-12
-12   +5.8858244542561124e-13  +1.4291530343257475e-12
-11   -7.5789128203127456e-13  -1.5455143796059295e-12
-10   -2.7408746806094531e-12  +1.4083903177778043e-12
 -9   +8.8468851173441374e-13  -4.7316285339694191e-12
 -8   -6.9667677314673660e-10  +1.3503399701236504e-11
 -7   +2.9501477179884367e-10  -4.4136540237476588e-10
 -6   -1.4054084622207659e-07  +2.8008288188749359e-08
 -5   +2.8118392818597442e-08  -7.7548295397424880e-08
 -4   -2.7676924304151217e-05  +1.8429234805561238e-05
 -3   -5.5382599984567506e-06  -1.0914652687523897e-05
 -2   -9.1720472098311297e-04  +8.2095709881733168e-03
 -1   -3.0035368323210554e-05  +5.6954728750032899e-04
 +0   +1.2317445062807044e+00  +0.0000000000000000e+00
 +1   -3.0035368323210554e-05  -5.6954728750032899e-04
 +2   -9.1720472098311297e-04  -8.2095709881733168e-03
 +3   -5.5382599984567506e-06  +1.0914652687523897e-05
 +4   -2.7676924304151217e-05  -1.8429234805561238e-05
 +5   +2.8118392818597442e-08  +7.7548295397424880e-08
 +6   -1.4054084622207659e-07  -2.8008288188749359e-08
 +7   +2.9501477179884367e-10  +4.4136540237476588e-10
 +8   -6.9667677314673660e-10  -1.3503399701236504e-11
 +9   +8.8468851173441374e-13  +4.7316285339694191e-12
+10   -2.7408746806094531e-12  -1.4083903177778043e-12
+11   -7.5789128203127456e-13  +1.5455143796059295e-12
+12   +5.8858244542561124e-13  -1.4291530343257475e-12
+13   -4.8246307289429059e-13  +1.3449135233294732e-12
+14   +3.8128942285905680e-13  -1.2654766882163692e-12
+15   -2.9982794749072643e-13  +1.1928929608876086e-12
+16   +2.3312487034239720e-13  -1.1266295037865161e-12
+17   -1.7786823615009523e-13  +1.0662173114470719e-12
+18   +1.3158937683524606e-13  -1.0110379710635977e-12
+19   -9.2509060773717256e-14  +9.6057243844035715e-13
+20   +5.9110587271531580e-14  -9.1431106544123653e-13
+21   -3.0500572386636520e-14  +8.7177365251435019e-13
+22   +5.6926987270832450e-15  -8.3257278794271889e-13
+23   +1.5923011419524352e-14  +7.9635407394211078e-13
+24   -3.4906294508202318e-14  -7.6277348865317983e-13
+25   +5.1599429943886864e-14  +7.3157219869224910e-13
+26   -6.6422990274682996e-14  -7.0251630433543838e-13
+27   +7.9625200385694585e-14  +6.7539585000321750e-13
+28   -9.1405708365957258e-14  -6.4999534020297693e-13
+29   +1.0197581220376091e-13  +6.2617903837973618e-13
+30   -1.1152206417391344e-13  -6.0378823694661192e-13

