-30   -5.8258323393945626e-13  +1.7535011220024029e-12
-29   +5.7279098486448614e-13  -1.8198134289916861e-12
-28   -5.6192196278933602e-13  +1.8905143112768239e-12
-27   +5.4985923447285299e-13  -1.9660939643704622e-12
-26   -5.3636723644374366e-13  +2.0471276152087716e-12
-25   +5.2125352160494152e-13  -2.1342116338452985e-12
-24   -5.0422616942003757e-13  +2.2281030601378851e-12
-23   +4.8496843912477903e-13  -2.3296304569871020e-12
-22   -4.6304478971165170e-13  +2.4398123744663615e-12
-21   +4.3797100680206397e-13  -2.5598315836803801e-12
-20   -4.0909012998349546e-13  +2.6910876355400358e-12
-19   +3.7562720344729528e-13  -2.8352364054961764e-12
-18   -3.3655920414228925e-13  +2.9943166270426932e-12
-17   +2.9057022266821387e-13  -3.1708023741273955e-12
-16   -2.3618217108818963e-13  +3.3679655741717669e-12
-15   +1.7085973892382468e-13  -3.5892877217887292e-12
-14   -1.2381383737701116e-13  +3.8716013296140746e-12
-13   +5.2465578325690638e-14  -4.1826918328273889e-12
-12   -3.8158764131878282e-12  +8.3852353922911425e-12
-11   +5.4745475872120759e-12  -1.0573594047901014e-11
-10   -4.6572276056814984e-10  +4.7029239248436276e-10
 -9   +5.0955607591418971e-10  -5.1486365868312225e-10
 -8   -5.4367734240190389e-08  +5.4236894521534693e-08
 -7   +3.7919399548296055e-08  -3.7838743154473061e-08
 -6   -6.1487306966011643e-06  +6.1331227678400372e-06
 -5   +1.5799323666684797e-06  -1.5767111513513886e-06
 -4   -6.5421419694672864e-04  +6.5255915150884078e-04
 -3   -5.7453910507708184e-05  +5.7257334187576901e-05
 -2   -1.0804083960161272e-01  +1.0775799290405154e-01
 -1   +4.9635667652503712e-05  -6.4814493837358084e-05
 +0   +2.5160010655630146e-03  +0.0000000000000000e+00
 +1   +4.9635667652503712e-05  +6.4814493837358084e-05
 +2   -1.0804083960161272e-01  -1.0775799290405154e-01
 +3   -5.7453910507708184e-05  -5.7257334187576901e-05
 +4   -6.5421419694672864e-04  -6.5255915150884078e-04
 +5   +1.5799323666684797e-06  +1.5767111513513886e-06
 +6   -6.1487306966011643e-06  -6.1331227678400372e-06
 +7   +3.7919399548296055e-08  +3.7838743154473061e-08
 +8   -5.4367734240190389e-08  -5.4236894521534693e-08
 +9   +5.0955607591418971e-10  +5.1486365868312225e-10
+10   -4.6572276056814984e-10  -4.7029239248436276e-10
+11   +5.4745475872120759e-12  +1.0573594047901014e-11
+12   -3.8158764131878282e-12  -8.3852353922911425e-12
+13   +5.2465578325690638e-14  +4.1826918328273889e-12
+14   -1.2381383737701116e-13  -3.8716013296140746e-12
+15   +1.7085973892382468e-13  +3.5892877217887292e-12
+16   -2.3618217108818963e-13  -3.3679655741717669e-12
+17   +2.9057022266821387e-13  +3.1708023741273955e-12
+18   -3.3655920414228925e-13  -2.9943166270426932e-12
+19   +3.7562720344729528e-13  +2.8352364054961764e-12
+20   -4.0909012998349546e-13  -2.6910876355400358e-12
+21   +4.3797100680206397e-13  +2.5598315836803801e-12
+22   -4.6304478971165170e-13  -2.4398123744663615e-12
+23   +4.8496843912477903e-13  +2.3296304569871020e-12
+24   -5.0422616942003757e-13  -2.2281030601378851e-12
+25   +5.2125352160494152e-13  +2.1342116338452985e-12
+26   -5.3636723644374366e-13  -2.0471276152087716e-12
+27   +5.4985923447285299e-13  +1.9660939643704622e-12
+28   -5.6192196278933602e-13  -1.8905143112768239e-12
+29   +5.7279098486448614e-13  +1.8198134289916861e-12
+30   -5.8258323393945626e-13  -1.7535011220024029e-12

