-30   -1.2791717995495736e-12  +2.1356568856608080e-12
-29   +1.3032205853773533e-12  -2.2136035377305275e-12
-28   -1.3298529986330119e-12  +2.2963967588875786e-12
-27   +1.3593330452448290e-12  -2.3845133113335596e-12
-26   -1.3921421208935604e-12  +2.4784863164471251e-12
-25   +1.4288028662929161e-12  -2.5789138457902829e-12
-24   -1.4699480073542361e-12  +2.6864699142543333e-12
-23   +1.5162583881552136e-12  -2.8020019213017477e-12
-22   -1.5686864467113389e-12  +2.9263452323700181e-12
-21   +1.6283112148292387e-12  -3.0605221545878272e-12
-20   -1.6965030374925211e-12  +3.2056902357971699e-12
-19   +1.7748459397446486e-12  -3.3632213347528264e-12
-18   -1.8655407325000706e-12  +3.5345851284372810e-12
-17   +1.9711826401332204e-12  -3.7214620050881819e-12
-16   -2.0951489457940497e-12  +3.9258281124014086e-12
-15   +2.2417791791737879e-12  -4.1497882820469734e-12
-14   -2.4168179439417141e-12  +4.3956821779559616e-12
-13   +2.6273080088486015e-12  -4.6656716382756333e-12
-12   -2.9044762687050174e-12  +4.9639191266988695e-12
-11   +3.2126932143772565e-12  -5.2634320829234826e-12
-10   -7.3148977195618022e-12  +5.8462044910952852e-12
 -9   +6.2328803443285009e-12  -2.9863935561548661e-12
 -8   -7.0303327942631099e-10  -5.3346161763891464e-12
 -7   +3.0270129250145022e-10  +4.3282804706654974e-10
 -6   -1.4055029291856165e-07  -2.7999619687877806e-08
 -5   +2.8130107564905343e-08  +7.7540067279891896e-08
 -4   -2.7676938599009347e-05  -1.8429228228969776e-05
 -3   -5.5382440020675347e-06  +1.0914649667602800e-05
 -2   -9.1720473545075132e-04  -8.2095709891479747e-03
 -1   -3.0035357307743464e-05  -5.6954728557772477e-04
 +0   +1.2317445062712251e+00  +0.0000000000000000e+00
 +1   -3.0035357307743464e-05  +5.6954728557772477e-04
 +2   -9.1720473545075132e-04  +8.2095709891479747e-03
 +3   -5.5382440020675347e-06  -1.0914649667602800e-05
 +4   -2.7676938599009347e-05  +1.8429228228969776e-05
 +5   +2.8130107564905343e-08  -7.7540067279891896e-08
 +6   -1.4055029291856165e-07  +2.7999619687877806e-08
 +7   +3.0270129250145022e-10  -4.3282804706654974e-10
 +8   -7.0303327942631099e-10  +5.3346161763891464e-12
 +9   +6.2328803443285009e-12  +2.9863935561548661e-12
+10   -7.3148977195618022e-12  -5.8462044910952852e-12
+11   +3.2126932143772565e-12  +5.2634320829234826e-12
+12   -2.9044762687050174e-12  -4.9639191266988695e-12
+13   +2.6273080088486015e-12  +4.6656716382756333e-12
+14   -2.4168179439417141e-12  -4.3956821779559616e-12
+15   +2.2417791791737879e-12  +4.1497882820469734e-12
+16   -2.0951489457940497e-12  -3.9258281124014086e-12
+17   +1.9711826401332204e-12  +3.7214620050881819e-12
+18   -1.8655407325000706e-12  -3.5345851284372810e-12
+19   +1.7748459397446486e-12  +3.3632213347528264e-12
+20   -1.6965030374925211e-12  -3.2056902357971699e-12
+21   +1.6283112148292387e-12  +3.0605221545878272e-12
+22   -1.5686864467113389e-12  -2.9263452323700181e-12
+23   +1.5162583881552136e-12  +2.8020019213017477e-12
+24   -1.4699480073542361e-12  -2.6864699142543333e-12
+25   +1.4288028662929161e-12  +2.5789138457902829e-12
+26   -1.3921421208935604e-12  -2.4784863164471251e-12
+27   +1.3593330452448290e-12  +2.3845133113335596e-12
+28   -1.3298529986330119e-12  -2.2963967588875786e-12
+29   +1.3032205853773533e-12  +2.2136035377305275e-12
+30   -1.2791717995495736e-12  -2.1356568856608080e-12

