-30   +2.7127590607987554e-13  -8.7355546726432018e-13
-29   -2.6509706261772357e-13  +9.0642668109569740e-13
-28   +2.5831734672154945e-13  -9.4155368543329719e-13
-27   -2.5063248532001011e-13  +9.7907758119429508e-13
-26   +2.4216539809688378e-13  -1.0192055692040316e-12
-25   -2.3261085354787139e-13  +1.0623842843088652e-12
-24   +2.2185373559233776e-13  -1.1088464015958693e-12
-23   -2.0970199094513459e-13  +1.1590986181330036e-12
-22   +1.9587827234695188e-13  -1.2135747518158553e-12
-21   -1.8002188559922648e-13  +1.2728539501454786e-12
-20   +1.6183724170773541e-13  -1.3375608939723881e-12
-19   -1.4074971805873749e-13  +1.4086748939316359e-12
-18   +1.1605130201542598e-13  -1.4869991413615803e-12
-17   -8.6964926502780118e-14  +1.5736827440942287e-12
-16   +5.2220564583839708e-14  -1.6699375250365373e-12
-15   -1.0456885615883731e-14  +1.7777309630533694e-12
-14   -6.6085565138743426e-14  -1.8733399610905547e-12
-13   +1.5426126476064345e-13  +1.9850746479608257e-12
-12   -3.8204185093456032e-12  +1.4552597361732666e-12
-11   +5.7424695091866032e-12  -3.1013582923925668e-12
-10   -5.1539094246933262e-10  +5.1372311242121376e-10
 -9   +5.4251760568637388e-10  -5.4042481802659981e-10
 -8   -7.5996812383092364e-08  +7.6188589985742784e-08
 -7   +4.9004761687207268e-08  -4.9114599909625434e-08
 -6   -1.1958896778052070e-05  +1.1989728952940522e-05
 -5   +3.3121204244356083e-06  -3.3187581672126098e-06
 -4   -2.0979402484693575e-03  +2.1033613969980557e-03
 -3   -1.7419834726808663e-04  +1.7501253133204655e-04
 -2   -4.5393900963594119e-01  +4.5511504086104571e-01
 -1   +2.1385248430633267e-04  -1.9976978497812322e-04
 +0   +3.8133929708115371e-03  +0.0000000000000000e+00
 +1   +2.1385248430633267e-04  +1.9976978497812322e-04
 +2   -4.5393900963594119e-01  -4.5511504086104571e-01
 +3   -1.7419834726808663e-04  -1.7501253133204655e-04
 +4   -2.0979402484693575e-03  -2.1033613969980557e-03
 +5   +3.3121204244356083e-06  +3.3187581672126098e-06
 +6   -1.1958896778052070e-05  -1.1989728952940522e-05
 +7   +4.9004761687207268e-08  +4.9114599909625434e-08
 +8   -7.5996812383092364e-08  -7.6188589985742784e-08
 +9   +5.4251760568637388e-10  +5.4042481802659981e-10
+10   -5.1539094246933262e-10  -5.1372311242121376e-10
+11   +5.7424695091866032e-12  +3.1013582923925668e-12
+12   -3.8204185093456032e-12  -1.4552597361732666e-12
+13   +1.5426126476064345e-13  -1.9850746479608257e-12
+14   -6.6085565138743426e-14  +1.8733399610905547e-12
+15   -1.0456885615883731e-14  -1.7777309630533694e-12
+16   +5.2220564583839708e-14  +1.6699375250365373e-12
+17   -8.6964926502780118e-14  -1.5736827440942287e-12
+18   +1.1605130201542598e-13  +1.4869991413615803e-12
+19   -1.4074971805873749e-13  -1.4086748939316359e-12
+20   +1.6183724170773541e-13  +1.3375608939723881e-12
+21   -1.8002188559922648e-13  -1.2728539501454786e-12
+22   +1.9587827234695188e-13  +1.2135747518158553e-12
+23   -2.0970199094513459e-13  -1.1590986181330036e-12
+24   +2.2185373559233776e-13  +1.1088464015958693e-12
+25   -2.3261085354787139e-13  -1.0623842843088652e-12
+26   +2.4216539809688378e-13  +1.0192055692040316e-12
+27   -2.5063248532001011e-13  -9.7907758119429508e-13
+28   +2.5831734672154945e-13  +9.4155368543329719e-13
+29   -2.6509706261772357e-13  -9.0642668109569740e-13
+30   +2.7127590607987554e-13  +8.7355546726432018e-13

