-30   -2.5720690879110395e-12  +6.9056046367134593e-12
-29   +2.5532436200248614e-12  -7.1721634846242396e-12
-28   -2.5322658431222575e-12  +7.4571126943867748e-12
-27   +2.5087908736936835e-12  -7.7625476238046373e-12
-26   -2.4823916611437078e-12  +8.0908757160491726e-12
-25   +2.4525753372002316e-12  -8.4449182678010133e-12
-24   -2.4187012940868672e-12  +8.8279818061503738e-12
-23   +2.3800083492129020e-12  -9.2439408818151503e-12
-22   -2.3355114715187668e-12  +9.6974273422492247e-12
-21   +2.2839898823690239e-12  -1.0193966169523809e-11
-20   -2.2238522679419301e-12  +1.0740218067770589e-11
-19   +2.1530484056041570e-12  -1.1344304928545966e-11
-18   -2.0688587066850324e-12  +1.2016234031743770e-11
-17   +1.9676401186600742e-12  -1.2768433759345936e-11
-16   -1.8444324846359637e-12  +1.3616554325339404e-11
-15   +1.6922784345023028e-12  -1.4580625144101453e-11
-14   -1.5011773912665717e-12  +1.5686601293404219e-11
-13   +1.2569281525872391e-12  -1.6968476898367592e-11
-12   -9.2793136556011817e-13  +1.8480200381786429e-11
-11   +5.2866244662558989e-13  -2.0265506935543029e-11
-10   +1.6134932954577936e-12  +2.3425613697367874e-11
 -9   +1.5941057141546661e-12  -2.5956530375790644e-11
 -8   +2.7776822826851032e-10  +1.3716071301096341e-10
 -7   +2.6546690823008676e-10  -1.9203275672508499e-10
 -6   +5.2165206339707365e-08  +4.0331876215378317e-09
 -5   +1.8201292323801177e-08  -2.6474495379411721e-08
 -4   +9.4944514623582786e-06  -4.2585143385882331e-06
 -3   -8.2219119693613783e-07  -9.9474284941361136e-07
 -2   +2.9284787105350260e-04  -2.1804274583016579e-03
 -1   -8.4599629057891919e-07  -8.4888574311866148e-05
 +0   -1.5930495415078297e-01  +0.0000000000000000e+00
 +1   -8.4599629057891919e-07  +8.4888574311866148e-05
 +2   +2.9284787105350260e-04  +2.1804274583016579e-03
 +3   -8.2219119693613783e-07  +9.9474284941361136e-07
 +4   +9.4944514623582786e-06  +4.2585143385882331e-06
 +5   +1.8201292323801177e-08  +2.6474495379411721e-08
 +6   +5.2165206339707365e-08  -4.0331876215378317e-09
 +7   +2.6546690823008676e-10  +1.9203275672508499e-10
 +8   +2.7776822826851032e-10  -1.3716071301096341e-10
 +9   +1.5941057141546661e-12  +2.5956530375790644e-11
+10   +1.6134932954577936e-12  -2.3425613697367874e-11
+11   +5.2866244662558989e-13  +2.0265506935543029e-11
+12   -9.2793136556011817e-13  -1.8480200381786429e-11
+13   +1.2569281525872391e-12  +1.6968476898367592e-11
+14   -1.5011773912665717e-12  -1.5686601293404219e-11
+15   +1.6922784345023028e-12  +1.4580625144101453e-11
+16   -1.8444324846359637e-12  -1.3616554325339404e-11
+17   +1.9676401186600742e-12  +1.2768433759345936e-11
+18   -2.0688587066850324e-12  -1.2016234031743770e-11
+19   +2.1530484056041570e-12  +1.1344304928545966e-11
+20   -2.2238522679419301e-12  -1.0740218067770589e-11
+21   +2.2839898823690239e-12  +1.0193966169523809e-11
+22   -2.3355114715187668e-12  -9.6974273422492247e-12
+23   +2.3800083492129020e-12  +9.2439408818151503e-12
+24   -2.4187012940868672e-12  -8.8279818061503738e-12
+25   +2.4525753372002316e-12  +8.4449182678010133e-12
+26   -2.4823916611437078e-12  -8.0908757160491726e-12
+27   +2.5087908736936835e-12  +7.7625476238046373e-12
+28   -2.5322658431222575e-12  -7.4571126943867748e-12
+29   +2.5532436200248614e-12  +7.1721634846242396e-12
+30   -2.5720690879110395e-12  -6.9056046367134593e-12

