-30   -6.4453604784123297e-14  +1.9795262894836425e-13
-29   +6.3211533300725110e-14  -2.0537393486374483e-13
-28   -6.1916384614908036e-14  +2.1334602270260866e-13
-27   +6.0401735453521382e-14  -2.2184629631372606e-13
-26   -5.8770117848538974e-14  +2.3096537605103736e-13
-25   +5.6870236335935984e-14  -2.4074537202205833e-13
-24   -5.4868795747909804e-14  +2.5125968091678566e-13
-23   +5.2468182483250235e-14  -2.6273095853191462e-13
-22   -4.9783041969242318e-14  +2.7499800883719649e-13
-21   +4.6700974484465243e-14  -2.8854348145702229e-13
-20   -4.3157191644444073e-14  +3.0314657233006648e-13
-19   +3.9074140460133867e-14  -3.1935630988447929e-13
-18   -3.4230539533930729e-14  +3.3711311235278249e-13
-17   +2.8619349844397003e-14  -3.5676677640112815e-13
-16   -2.2135394051717431e-14  +3.7842379893239043e-13
-15   +1.4474248854530063e-14  -4.0272584784036745e-13
-14   -3.0732460696484653e-14  +4.0426704037977554e-13
-13   +4.5009075264476762e-14  -4.0944549594695809e-13
-12   -3.6188143822396100e-12  -3.1526859092940374e-12
-11   +5.4235148760373206e-12  +4.9390704277103107e-12
-10   -5.1491990103679375e-10  -5.1572326513348009e-10
 -9   +5.4184514078978409e-10  +5.4261472674922375e-10
 -8   -7.5995865794675499e-08  -7.6191002494841840e-08
 -7   +4.9003429673214269e-08  +4.9117273002321572e-08
 -6   -1.1958894885811856e-05  -1.1989731925932927e-05
 -5   +3.3121176692596754e-06  +3.3187614642240557e-06
 -4   -2.0979402447377357e-03  -2.1033614005366613e-03
 -3   -1.7419835399392578e-04  -1.7501252793509115e-04
 -2   -4.5393900971642792e-01  -4.5511504085751031e-01
 -1   +2.1385247262894208e-04  +1.9976978930513870e-04
 +0   +3.8133930006397755e-03  +0.0000000000000000e+00
 +1   +2.1385247262894208e-04  -1.9976978930513870e-04
 +2   -4.5393900971642792e-01  +4.5511504085751031e-01
 +3   -1.7419835399392578e-04  +1.7501252793509115e-04
 +4   -2.0979402447377357e-03  +2.1033614005366613e-03
 +5   +3.3121176692596754e-06  -3.3187614642240557e-06
 +6   -1.1958894885811856e-05  +1.1989731925932927e-05
 +7   +4.9003429673214269e-08  -4.9117273002321572e-08
 +8   -7.5995865794675499e-08  +7.6191002494841840e-08
 +9   +5.4184514078978409e-10  -5.4261472674922375e-10
+10   -5.1491990103679375e-10  +5.1572326513348009e-10
+11   +5.4235148760373206e-12  -4.9390704277103107e-12
+12   -3.6188143822396100e-12  +3.1526859092940374e-12
+13   +4.5009075264476762e-14  +4.0944549594695809e-13
+14   -3.0732460696484653e-14  -4.0426704037977554e-13
+15   +1.4474248854530063e-14  +4.0272584784036745e-13
+16   -2.2135394051717431e-14  -3.7842379893239043e-13
+17   +2.8619349844397003e-14  +3.5676677640112815e-13
+18   -3.4230539533930729e-14  -3.3711311235278249e-13
+19   +3.9074140460133867e-14  +3.1935630988447929e-13
+20   -4.3157191644444073e-14  -3.0314657233006648e-13
+21   +4.6700974484465243e-14  +2.8854348145702229e-13
+22   -4.9783041969242318e-14  -2.7499800883719649e-13
+23   +5.2468182483250235e-14  +2.6273095853191462e-13
+24   -5.4868795747909804e-14  -2.5125968091678566e-13
+25   +5.6870236335935984e-14  +2.4074537202205833e-13
+26   -5.8770117848538974e-14  -2.3096537605103736e-13
+27   +6.0401735453521382e-14  +2.2184629631372606e-13
+28   -6.1916384614908036e-14  -2.1334602270260866e-13
+29   +6.3211533300725110e-14  +2.0537393486374483e-13
+30   -6.4453604784123297e-14  -1.9795262894836425e-13

