-30   +1.6516141055619544e-13  -2.7485056607808572e-13
-29   -1.6828755621307832e-13  +2.8487877332714252e-13
-28   +1.7174524208524634e-13  -2.9552542749926047e-13
-27   -1.7557473138658548e-13  +3.0685443747607536e-13
-26   +1.7984642400731197e-13  -3.1893913648450782e-13
-25   -1.8461410666691216e-13  +3.3185492553648636e-13
-24   +1.8995749077020596e-13  -3.4568460964144625e-13
-23   -1.9597718413808236e-13  +3.6053266168066963e-13
-22   +2.0278910910255017e-13  -3.7650793182898967e-13
-21   -2.1054023824990949e-13  +3.9375223392802231e-13
-20   +2.1939048637075376e-13  -4.1240015435957673e-13
-19   -2.2957957306262191e-13  +4.3263859582449068e-13
-18   +2.4136763168398498e-13  -4.5463946655647960e-13
-17   -2.5508408828702236e-13  +4.7862446467394050e-13
-16   +2.7118530719304951e-13  -5.0484974528987009e-13
-15   -2.9022422826108854e-13  +5.3357837834460717e-13
-14   +3.1288351532964319e-13  -5.6504074889655127e-13
-13   -3.4045638816097414e-13  +5.9968585369142250e-13
-12   +3.6468077420149445e-13  -6.2964982669897248e-13
-11   -4.3639466404863366e-13  +6.7392557682593033e-13
-10   -1.0582557779157026e-12  +2.8160232726107676e-13
 -9   -3.0731539107250565e-12  -1.1025503219390902e-13
 -8   -2.7491050151931617e-10  +1.0794088908677657e-10
 -7   -2.7049624930966524e-10  -1.5852956308709887e-10
 -6   -5.2156536718569885e-08  +3.9942090482314958e-09
 -5   -1.8216455844375787e-08  -2.6428736511240175e-08
 -4   -9.4944243377412408e-06  -4.2585671335601356e-06
 -3   +8.2214383430013629e-07  -9.9468796057069621e-07
 -2   -2.9284780129098034e-04  -2.1804275003607931e-03
 -1   +8.4591574693216163e-07  -8.4888554916125858e-05
 +0   +1.5930495423217775e-01  +0.0000000000000000e+00
 +1   +8.4591574693216163e-07  +8.4888554916125858e-05
 +2   -2.9284780129098034e-04  +2.1804275003607931e-03
 +3   +8.2214383430013629e-07  +9.9468796057069621e-07
 +4   -9.4944243377412408e-06  +4.2585671335601356e-06
 +5   -1.8216455844375787e-08  +2.6428736511240175e-08
 +6   -5.2156536718569885e-08  -3.9942090482314958e-09
 +7   -2.7049624930966524e-10  +1.5852956308709887e-10
 +8   -2.7491050151931617e-10  -1.0794088908677657e-10
 +9   -3.0731539107250565e-12  +1.1025503219390902e-13
+10   -1.0582557779157026e-12  -2.8160232726107676e-13
+11   -4.3639466404863366e-13  -6.7392557682593033e-13
+12   +3.6468077420149445e-13  +6.2964982669897248e-13
+13   -3.4045638816097414e-13  -5.9968585369142250e-13
+14   +3.1288351532964319e-13  +5.6504074889655127e-13
+15   -2.9022422826108854e-13  -5.3357837834460717e-13
+16   +2.7118530719304951e-13  +5.0484974528987009e-13
+17   -2.5508408828702236e-13  -4.7862446467394050e-13
+18   +2.4136763168398498e-13  +4.5463946655647960e-13
+19   -2.2957957306262191e-13  -4.3263859582449068e-13
+20   +2.1939048637075376e-13  +4.1240015435957673e-13
+21   -2.1054023824990949e-13  -3.9375223392802231e-13
+22   +2.0278910910255017e-13  +3.7650793182898967e-13
+23   -1.9597718413808236e-13  -3.6053266168066963e-13
+24   +1.8995749077020596e-13  +3.4568460964144625e-13
+25   -1.8461410666691216e-13  -3.3185492553648636e-13
+26   +1.7984642400731197e-13  +3.1893913648450782e-13
+27   -1.7557473138658548e-13  -3.0685443747607536e-13
+28   +1.7174524208524634e-13  +2.9552542749926047e-13
+29   -1.6828755621307832e-13  -2.8487877332714252e-13
+30   +1.6516141055619544e-13  +2.7485056607808572e-13

