-30   -1.5418466401161811e-15  +3.9326061517023458e-15
-29   +1.4861374591885883e-15  -4.0514140812554967e-15
-28   -1.5238846538318185e-15  +4.2182468637455518e-15
-27   +1.4670045892816482e-15  -4.4086044020285328e-15
-26   -1.4919556253592081e-15  +4.5782081258718351e-15
-25   +1.4198916674995361e-15  -4.7784836261588836e-15
-24   -1.5063963704056542e-15  +4.9706824472387779e-15
-23   +1.4439227459392891e-15  -5.2670475164946255e-15
-22   -1.4331510421819735e-15  +5.4741130358294931e-15
-21   +1.4120672137023153e-15  -5.8411713025896765e-15
-20   -1.3966309377052667e-15  +6.0711860794927986e-15
-19   +1.3616447376507140e-15  -6.5048274532641953e-15
-18   -1.2559438623162620e-15  +6.8666889199991218e-15
-17   +1.2605069822387768e-15  -7.2986033932803945e-15
-16   -1.3332480102524600e-15  +7.5858464834176159e-15
-15   +1.4808551363626735e-15  -8.1078370596602386e-15
-14   -1.7375284505324452e-14  -7.2457689362809788e-15
-13   +2.6346109807235719e-14  +1.5471406090047852e-14
-12   -2.2734810841997096e-12  -2.2615928670746528e-12
-11   +2.6356898687934781e-12  +2.6226927834955900e-12
-10   -3.2878137595549199e-10  -3.2872633079777812e-10
 -9   +2.5849696767884061e-10  +2.5843594155100816e-10
 -8   -5.0047415329081930e-08  -5.0041191735282861e-08
 -7   +2.2010284082077686e-08  +2.2005781949504024e-08
 -6   -8.2700005052135625e-06  -8.2689955249575303e-06
 -5   +1.0928412130603115e-06  +1.0924672039568519e-06
 -4   -1.5985033979278858e-03  -1.5983155927950603e-03
 -3   -1.6377515513062407e-04  -1.6379390153410683e-04
 -2   -4.7263623263743926e-01  -4.7258526426490310e-01
 -1   +1.9977122354912952e-04  +1.8839786903642787e-04
 +0   +3.0516430252401066e-03  +0.0000000000000000e+00
 +1   +1.9977122354912952e-04  -1.8839786903642787e-04
 +2   -4.7263623263743926e-01  +4.7258526426490310e-01
 +3   -1.6377515513062407e-04  +1.6379390153410683e-04
 +4   -1.5985033979278858e-03  +1.5983155927950603e-03
 +5   +1.0928412130603115e-06  -1.0924672039568519e-06
 +6   -8.2700005052135625e-06  +8.2689955249575303e-06
 +7   +2.2010284082077686e-08  -2.2005781949504024e-08
 +8   -5.0047415329081930e-08  +5.0041191735282861e-08
 +9   +2.5849696767884061e-10  -2.5843594155100816e-10
+10   -3.2878137595549199e-10  +3.2872633079777812e-10
+11   +2.6356898687934781e-12  -2.6226927834955900e-12
+12   -2.2734810841997096e-12  +2.2615928670746528e-12
+13   +2.6346109807235719e-14  -1.5471406090047852e-14
+14   -1.7375284505324452e-14  +7.2457689362809788e-15
+15   +1.4808551363626735e-15  +8.1078370596602386e-15
+16   -1.3332480102524600e-15  -7.5858464834176159e-15
+17   +1.2605069822387768e-15  +7.2986033932803945e-15
+18   -1.2559438623162620e-15  -6.8666889199991218e-15
+19   +1.3616447376507140e-15  +6.5048274532641953e-15
+20   -1.3966309377052667e-15  -6.0711860794927986e-15
+21   +1.4120672137023153e-15  +5.8411713025896765e-15
+22   -1.4331510421819735e-15  -5.4741130358294931e-15
+23   +1.4439227459392891e-15  +5.2670475164946255e-15
+24   -1.5063963704056542e-15  -4.9706824472387779e-15
+25   +1.4198916674995361e-15  +4.7784836261588836e-15
+26   -1.4919556253592081e-15  -4.5782081258718351e-15
+27   +1.4670045892816482e-15  +4.4086044020285328e-15
+28   -1.5238846538318185e-15  -4.2182468637455518e-15
+29   +1.4861374591885883e-15  +4.0514140812554967e-15
+30   -1.5418466401161811e-15  -3.9326061517023458e-15

