-30   -1.3740052599106772e-15  +3.1726250323789368e-15
-29   +1.3791180283758251e-15  -3.2639173385352739e-15
-28   -1.4509617019735177e-15  +3.4331213276369173e-15
-27   +1.4068322361319969e-15  -3.5988786068678728e-15
-26   -1.4274011025999724e-15  +3.7142938893839635e-15
-25   +1.4391172116055460e-15  -3.9003861387315150e-15
-24   -1.4288413257157362e-15  +4.0449140269564639e-15
-23   +1.4319805689892885e-15  -4.2418431278941703e-15
-22   -1.4404491519351142e-15  +4.4851061622808674e-15
-21   +1.4524457515948191e-15  -4.6918527457968404e-15
-20   -1.5135533222772449e-15  +4.9044900994641230e-15
-19   +1.5553819421944427e-15  -5.2521628611352773e-15
-18   -1.5769800497050365e-15  +5.6258859884922805e-15
-17   +1.5586846055500466e-15  -5.9753840980359546e-15
-16   -1.4713017353574506e-15  +6.2011978643805528e-15
-15   +1.4181335965789997e-15  -6.5824016598610441e-15
-14   +1.4676066081866112e-14  -8.8841334964594215e-15
-13   -2.3590398792791460e-14  +1.7340203748141019e-14
-12   +2.2706928212277348e-12  -2.2636635583255019e-12
-11   -2.6329532939220230e-12  +2.6248855694864288e-12
-10   +3.2877874549214090e-10  -3.2872885278453722e-10
 -9   -2.5849430224333215e-10  +2.5843872104704431e-10
 -8   +5.0047412747490810e-08  -5.0041194873185401e-08
 -7   -2.2010281597111009e-08  +2.2005785665456277e-08
 -6   +8.2700005029191942e-06  -8.2689955294300540e-06
 -5   -1.0928412111404538e-06  +1.0924672096223777e-06
 -4   +1.5985033979274911e-03  -1.5983155928027690e-03
 -3   +1.6377515512808224e-04  -1.6379390152149119e-04
 -2   +4.7263623263759402e-01  -4.7258526426490455e-01
 -1   -1.9977122352921167e-04  +1.8839786902881284e-04
 +0   -3.0516430252564442e-03  +0.0000000000000000e+00
 +1   -1.9977122352921167e-04  -1.8839786902881284e-04
 +2   +4.7263623263759402e-01  +4.7258526426490455e-01
 +3   +1.6377515512808224e-04  +1.6379390152149119e-04
 +4   +1.5985033979274911e-03  +1.5983155928027690e-03
 +5   -1.0928412111404538e-06  -1.0924672096223777e-06
 +6   +8.2700005029191942e-06  +8.2689955294300540e-06
 +7   -2.2010281597111009e-08  -2.2005785665456277e-08
 +8   +5.0047412747490810e-08  +5.0041194873185401e-08
 +9   -2.5849430224333215e-10  -2.5843872104704431e-10
+10   +3.2877874549214090e-10  +3.2872885278453722e-10
+11   -2.6329532939220230e-12  -2.6248855694864288e-12
+12   +2.2706928212277348e-12  +2.2636635583255019e-12
+13   -2.3590398792791460e-14  -1.7340203748141019e-14
+14   +1.4676066081866112e-14  +8.8841334964594215e-15
+15   +1.4181335965789997e-15  +6.5824016598610441e-15
+16   -1.4713017353574506e-15  -6.2011978643805528e-15
+17   +1.5586846055500466e-15  +5.9753840980359546e-15
+18   -1.5769800497050365e-15  -5.6258859884922805e-15
+19   +1.5553819421944427e-15  +5.2521628611352773e-15
+20   -1.5135533222772449e-15  -4.9044900994641230e-15
+21   +1.4524457515948191e-15  +4.6918527457968404e-15
+22   -1.4404491519351142e-15  -4.4851061622808674e-15
+23   +1.4319805689892885e-15  +4.2418431278941703e-15
+24   -1.4288413257157362e-15  -4.0449140269564639e-15
+25   +1.4391172116055460e-15  +3.9003861387315150e-15
+26   -1.4274011025999724e-15  -3.7142938893839635e-15
+27   +1.4068322361319969e-15  +3.5988786068678728e-15
+28   -1.4509617019735177e-15  -3.4331213276369173e-15
+29   +1.3791180283758251e-15  +3.2639173385352739e-15
+30   -1.3740052599106772e-15  -3.1726250323789368e-15

