-30   -5.8269824327006079e-13  +1.7541703036450927e-12
-29   +5.7289353863553189e-13  -1.8205023778136988e-12
-28   -5.6201845984054242e-13  +1.8912360340296866e-12
-27   +5.4994264636820485e-13  -1.9668507157877669e-12
-26   -5.3642937394131869e-13  +2.0479122135451960e-12
-25   +5.2130270486758365e-13  -2.1350261808504230e-12
-24   -5.0426926776730520e-13  +2.2289483842026953e-12
-23   +4.8497605507243859e-13  -2.3305236924783911e-12
-22   -4.6303515973735635e-13  +2.4407506910397543e-12
-21   +4.3793561892101822e-13  -2.5608049135257558e-12
-20   -4.0902608146025482e-13  +2.6921198852626291e-12
-19   +3.7552746756228115e-13  -2.8363114569551491e-12
-18   -3.3640533558151089e-13  +2.9954602571631926e-12
-17   +2.9036641163490126e-13  -3.1720092854487883e-12
-16   -2.3592203806857523e-13  +3.3692598531819284e-12
-15   +1.7054211627297697e-13  -3.5906552261625180e-12
-14   -1.2340339463400238e-13  +3.8730565155286564e-12
-13   +5.1948634526115914e-14  -4.1842624813045279e-12
-12   -3.8152257460250931e-12  +8.3869131134472309e-12
-11   +5.4737155876291829e-12  -1.0575428002711191e-11
-10   -4.6572172911143511e-10  +4.7029439886888624e-10
 -9   +5.0955475313015683e-10  -5.1486585569183509e-10
 -8   -5.4367732531823216e-08  +5.4236896940680795e-08
 -7   +3.7919397275891046e-08  -3.7838745875434895e-08
 -6   -6.1487306935322454e-06  +6.1331227709151886e-06
 -5   +1.5799323624330468e-06  -1.5767111548245642e-06
 -4   -6.5421419693712402e-04  +6.5255915151506713e-04
 -3   -5.7453910516151971e-05  +5.7257334181857992e-05
 -2   -1.0804083960148279e-01  +1.0775799290509293e-01
 -1   +4.9635667635538259e-05  -6.4814493768672223e-05
 +0   +2.5160009099897268e-03  +0.0000000000000000e+00
 +1   +4.9635667635538259e-05  +6.4814493768672223e-05
 +2   -1.0804083960148279e-01  -1.0775799290509293e-01
 +3   -5.7453910516151971e-05  -5.7257334181857992e-05
 +4   -6.5421419693712402e-04  -6.5255915151506713e-04
 +5   +1.5799323624330468e-06  +1.5767111548245642e-06
 +6   -6.1487306935322454e-06  -6.1331227709151886e-06
 +7   +3.7919397275891046e-08  +3.7838745875434895e-08
 +8   -5.4367732531823216e-08  -5.4236896940680795e-08
 +9   +5.0955475313015683e-10  +5.1486585569183509e-10
+10   -4.6572172911143511e-10  -4.7029439886888624e-10
+11   +5.4737155876291829e-12  +1.0575428002711191e-11
+12   -3.8152257460250931e-12  -8.3869131134472309e-12
+13   +5.1948634526115914e-14  +4.1842624813045279e-12
+14   -1.2340339463400238e-13  -3.8730565155286564e-12
+15   +1.7054211627297697e-13  +3.5906552261625180e-12
+16   -2.3592203806857523e-13  -3.3692598531819284e-12
+17   +2.9036641163490126e-13  +3.1720092854487883e-12
+18   -3.3640533558151089e-13  -2.9954602571631926e-12
+19   +3.7552746756228115e-13  +2.8363114569551491e-12
+20   -4.0902608146025482e-13  -2.6921198852626291e-12
+21   +4.3793561892101822e-13  +2.5608049135257558e-12
+22   -4.6303515973735635e-13  -2.4407506910397543e-12
+23   +4.8497605507243859e-13  +2.3305236924783911e-12
+24   -5.0426926776730520e-13  -2.2289483842026953e-12
+25   +5.2130270486758365e-13  +2.1350261808504230e-12
+26   -5.3642937394131869e-13  -2.0479122135451960e-12
+27   +5.4994264636820485e-13  +1.9668507157877669e-12
+28   -5.6201845984054242e-13  -1.8912360340296866e-12
+29   +5.7289353863553189e-13  +1.8205023778136988e-12
+30   -5.8269824327006079e-13  -1.7541703036450927e-12

