-30   -6.4538109914965927e-14  +1.9818308591062969e-13
-29   +6.3295771787277923e-14  -2.0561585345977332e-13
-28   -6.2003705400250715e-14  +2.1361623840580644e-13
-27   +6.0480283945722732e-14  -2.2211696004113157e-13
-26   -5.8846803260012781e-14  +2.3123163823228456e-13
-25   +5.6947745999350561e-14  -2.4101357198484977e-13
-24   -5.4943581957042064e-14  +2.5154659551222598e-13
-23   +5.2525528285220033e-14  -2.6303028447359742e-13
-22   -4.9854962465283049e-14  +2.7532799544089611e-13
-21   +4.6781335252218083e-14  -2.8887190720202218e-13
-20   -4.3239510947861842e-14  +3.0350015567158155e-13
-19   +3.9151722923238705e-14  -3.1973895472134611e-13
-18   -3.4286619376699334e-14  +3.3747457088623966e-13
-17   +2.8696156606664831e-14  -3.5718504245215239e-13
-16   -2.2211482318775046e-14  +3.7884429154373046e-13
-15   +1.4553133726198792e-14  -4.0320698315688015e-13
-14   -3.0812294182473152e-14  +4.0478733656556501e-13
-13   +4.5078689084475345e-14  -4.0995029271933861e-13
-12   -3.6188758231729762e-12  -3.1520935727972457e-12
-11   +5.4235421097676768e-12  +4.9383948830098713e-12
-10   -5.1491992104850010e-10  -5.1572256951343150e-10
 -9   +5.4184517017619706e-10  +5.4261394812020483e-10
 -8   -7.5995865794268937e-08  -7.6191001640743090e-08
 -7   +4.9003429630862516e-08  +4.9117272052050409e-08
 -6   -1.1958894885734582e-05  -1.1989731924894511e-05
 -5   +3.3121176691047564e-06  +3.3187614630476473e-06
 -4   -2.0979402447363427e-03  -2.1033614005347349e-03
 -3   -1.7419835399437678e-04  -1.7501252793637980e-04
 -2   -4.5393900971639028e-01  -4.5511504085723342e-01
 -1   +2.1385247262811590e-04  +1.9976978931474660e-04
 +0   +3.8133929805170504e-03  +0.0000000000000000e+00
 +1   +2.1385247262811590e-04  -1.9976978931474660e-04
 +2   -4.5393900971639028e-01  +4.5511504085723342e-01
 +3   -1.7419835399437678e-04  +1.7501252793637980e-04
 +4   -2.0979402447363427e-03  +2.1033614005347349e-03
 +5   +3.3121176691047564e-06  -3.3187614630476473e-06
 +6   -1.1958894885734582e-05  +1.1989731924894511e-05
 +7   +4.9003429630862516e-08  -4.9117272052050409e-08
 +8   -7.5995865794268937e-08  +7.6191001640743090e-08
 +9   +5.4184517017619706e-10  -5.4261394812020483e-10
+10   -5.1491992104850010e-10  +5.1572256951343150e-10
+11   +5.4235421097676768e-12  -4.9383948830098713e-12
+12   -3.6188758231729762e-12  +3.1520935727972457e-12
+13   +4.5078689084475345e-14  +4.0995029271933861e-13
+14   -3.0812294182473152e-14  -4.0478733656556501e-13
+15   +1.4553133726198792e-14  +4.0320698315688015e-13
+16   -2.2211482318775046e-14  -3.7884429154373046e-13
+17   +2.8696156606664831e-14  +3.5718504245215239e-13
+18   -3.4286619376699334e-14  -3.3747457088623966e-13
+19   +3.9151722923238705e-14  +3.1973895472134611e-13
+20   -4.3239510947861842e-14  -3.0350015567158155e-13
+21   +4.6781335252218083e-14  +2.8887190720202218e-13
+22   -4.9854962465283049e-14  -2.7532799544089611e-13
+23   +5.2525528285220033e-14  +2.6303028447359742e-13
+24   -5.4943581957042064e-14  -2.5154659551222598e-13
+25   +5.6947745999350561e-14  +2.4101357198484977e-13
+26   -5.8846803260012781e-14  -2.3123163823228456e-13
+27   +6.0480283945722732e-14  +2.2211696004113157e-13
+28   -6.2003705400250715e-14  -2.1361623840580644e-13
+29   +6.3295771787277923e-14  +2.0561585345977332e-13
+30   -6.4538109914965927e-14  -1.9818308591062969e-13

