-30   -2.0638343651601993e-13  +6.2279417477870718e-13
-29   +2.0285176264695663e-13  -6.4633917960580837e-13
-28   -1.9896943917555567e-13  +6.7145631863886845e-13
-27   +1.9462535011726950e-13  -6.9829957927092426e-13
-26   -1.8979017538226687e-13  +7.2706824359290490e-13
-25   +1.8435575056598781e-13  -7.5799118338335177e-13
-24   -1.7825777045964938e-13  +7.9132625745305684e-13
-23   +1.7132938564342940e-13  -8.2739992441605627e-13
-22   -1.6347560741036480e-13  +8.6650405153159509e-13
-21   +1.5446382191207883e-13  -9.0913888596650505e-13
-20   -1.4410270734370918e-13  +9.5572001077494684e-13
-19   +1.3209220529704477e-13  -1.0069260736918577e-12
-18   -1.1806663704180073e-13  +1.0633993428124428e-12
-17   +1.0153529676849345e-13  -1.1260474723829904e-12
-16   -8.2562077846944988e-14  +1.1952783517373277e-12
-15   +5.8448957389198738e-14  -1.2743082273995516e-12
-14   -1.0394156431607338e-13  +1.2886492592862787e-12
-13   +9.1046519389727723e-16  -1.4576054156491790e-12
-12   -8.4572358268665303e-12  -6.9485543906648936e-12
-11   +3.4573429057037799e-13  -1.2629973775373861e-12
-10   -9.6893181815290230e-10  -9.6971805486402036e-10
 -9   +2.1665639423548877e-11  +1.9824248825735420e-11
 -8   -1.0918162587902033e-07  -1.0945909299782581e-07
 -7   -5.2919146242475630e-10  -5.4523078387237754e-10
 -6   -1.2030241521963314e-05  -1.2061005595936610e-05
 -5   -3.4303803519034694e-07  -3.4529359658862999e-07
 -4   -1.2531188790529094e-03  -1.2563190164355173e-03
 -3   -5.8352171129812503e-05  -5.8635972435406596e-05
 -2   -1.0247661726516939e-01  -1.0273559768225050e-01
 -1   +3.7838635951852884e-05  +3.3919212844088612e-05
 +0   +7.4599546929226515e-04  +0.0000000000000000e+00
 +1   +3.7838635951852884e-05  -3.3919212844088612e-05
 +2   -1.0247661726516939e-01  +1.0273559768225050e-01
 +3   -5.8352171129812503e-05  +5.8635972435406596e-05
 +4   -1.2531188790529094e-03  +1.2563190164355173e-03
 +5   -3.4303803519034694e-07  +3.4529359658862999e-07
 +6   -1.2030241521963314e-05  +1.2061005595936610e-05
 +7   -5.2919146242475630e-10  +5.4523078387237754e-10
 +8   -1.0918162587902033e-07  +1.0945909299782581e-07
 +9   +2.1665639423548877e-11  -1.9824248825735420e-11
+10   -9.6893181815290230e-10  +9.6971805486402036e-10
+11   +3.4573429057037799e-13  +1.2629973775373861e-12
+12   -8.4572358268665303e-12  +6.9485543906648936e-12
+13   +9.1046519389727723e-16  +1.4576054156491790e-12
+14   -1.0394156431607338e-13  -1.2886492592862787e-12
+15   +5.8448957389198738e-14  +1.2743082273995516e-12
+16   -8.2562077846944988e-14  -1.1952783517373277e-12
+17   +1.0153529676849345e-13  +1.1260474723829904e-12
+18   -1.1806663704180073e-13  -1.0633993428124428e-12
+19   +1.3209220529704477e-13  +1.0069260736918577e-12
+20   -1.4410270734370918e-13  -9.5572001077494684e-13
+21   +1.5446382191207883e-13  +9.0913888596650505e-13
+22   -1.6347560741036480e-13  -8.6650405153159509e-13
+23   +1.7132938564342940e-13  +8.2739992441605627e-13
+24   -1.7825777045964938e-13  -7.9132625745305684e-13
+25   +1.8435575056598781e-13  +7.5799118338335177e-13
+26   -1.8979017538226687e-13  -7.2706824359290490e-13
+27   +1.9462535011726950e-13  +6.9829957927092426e-13
+28   -1.9896943917555567e-13  -6.7145631863886845e-13
+29   +2.0285176264695663e-13  +6.4633917960580837e-13
+30   -2.0638343651601993e-13  -6.2279417477870718e-13

