-30   -1.3800667334615630e-13  +4.0938631296892293e-13
-29   +1.3585534171900116e-13  -4.2490203057887440e-13
-28   -1.3343343883700332e-13  +4.4138893258861253e-13
-27   +1.3081243323338639e-13  -4.5904807703181019e-13
-26   -1.2783223110808950e-13  +4.7798563926411520e-13
-25   +1.2451578496547993e-13  -4.9833209442382833e-13
-24   -1.2079720215104352e-13  +5.2028244049772766e-13
-23   +1.1656423065971258e-13  -5.4401455126016536e-13
-22   -1.1174129612654007e-13  +5.6975631564013662e-13
-21   +1.0625258122183124e-13  -5.9782036110915626e-13
-20   -9.9891784850359187e-14  +6.2854632675114881e-13
-19   +9.2527795290864650e-14  -6.6221963547795232e-13
-18   -8.3964012049108459e-14  +6.9941835267377936e-13
-17   +7.3877110523158453e-14  -7.4070735579874841e-13
-16   -6.2845475989253378e-14  +7.8778053516744338e-13
-15   +4.7864048965406714e-14  -8.3892390174262040e-13
-14   -1.4146423246185971e-13  +1.0081542935336868e-12
-13   +4.3295610785679837e-14  -9.9840286283624276e-13
-12   -1.3118947126576184e-11  +1.4144139545976283e-11
-11   +3.0976263384511498e-12  -4.2727606601641523e-12
-10   -1.5523096658192968e-09  +1.5496769739485100e-09
 -9   +2.5811812582684856e-10  -2.5915836319093017e-10
 -8   -1.8380767203041600e-07  +1.8334026804753220e-07
 -7   +1.6701151180939837e-08  -1.6682833459167486e-08
 -6   -2.1802923340124268e-05  +2.1747282552671392e-05
 -5   +2.9473119902405177e-07  -2.9661999868982232e-07
 -4   -2.5844515808106138e-03  +2.5778574792655043e-03
 -3   -1.5484741291473629e-04  +1.5414551002177287e-04
 -2   -2.9973087436615509e-01  +2.9896679093386563e-01
 -1   +1.1980289618567895e-04  -1.4202607260192752e-04
 +0   +5.2753037833908646e-03  +0.0000000000000000e+00
 +1   +1.1980289618567895e-04  +1.4202607260192752e-04
 +2   -2.9973087436615509e-01  -2.9896679093386563e-01
 +3   -1.5484741291473629e-04  -1.5414551002177287e-04
 +4   -2.5844515808106138e-03  -2.5778574792655043e-03
 +5   +2.9473119902405177e-07  +2.9661999868982232e-07
 +6   -2.1802923340124268e-05  -2.1747282552671392e-05
 +7   +1.6701151180939837e-08  +1.6682833459167486e-08
 +8   -1.8380767203041600e-07  -1.8334026804753220e-07
 +9   +2.5811812582684856e-10  +2.5915836319093017e-10
+10   -1.5523096658192968e-09  -1.5496769739485100e-09
+11   +3.0976263384511498e-12  +4.2727606601641523e-12
+12   -1.3118947126576184e-11  -1.4144139545976283e-11
+13   +4.3295610785679837e-14  +9.9840286283624276e-13
+14   -1.4146423246185971e-13  -1.0081542935336868e-12
+15   +4.7864048965406714e-14  +8.3892390174262040e-13
+16   -6.2845475989253378e-14  -7.8778053516744338e-13
+17   +7.3877110523158453e-14  +7.4070735579874841e-13
+18   -8.3964012049108459e-14  -6.9941835267377936e-13
+19   +9.2527795290864650e-14  +6.6221963547795232e-13
+20   -9.9891784850359187e-14  -6.2854632675114881e-13
+21   +1.0625258122183124e-13  +5.9782036110915626e-13
+22   -1.1174129612654007e-13  -5.6975631564013662e-13
+23   +1.1656423065971258e-13  +5.4401455126016536e-13
+24   -1.2079720215104352e-13  -5.2028244049772766e-13
+25   +1.2451578496547993e-13  +4.9833209442382833e-13
+26   -1.2783223110808950e-13  -4.7798563926411520e-13
+27   +1.3081243323338639e-13  +4.5904807703181019e-13
+28   -1.3343343883700332e-13  -4.4138893258861253e-13
+29   +1.3585534171900116e-13  +4.2490203057887440e-13
+30   -1.3800667334615630e-13  -4.0938631296892293e-13

