-30   -1.2785244324556125e-12  +2.1340286597556320e-12
-29   +1.3025689357330725e-12  -2.2119070791069327e-12
-28   -1.3291943765464231e-12  +2.2946482134664510e-12
-27   +1.3586825585954632e-12  -2.3826671987761863e-12
-26   -1.3915002703619143e-12  +2.4765637561948189e-12
-25   +1.4281990584377705e-12  -2.5769147941192448e-12
-24   -1.4693080480109493e-12  +2.6843918255675011e-12
-23   +1.5156424418869754e-12  -2.7998234131123257e-12
-22   -1.5680558518636584e-12  +2.9240642366620369e-12
-21   +1.6276533968227669e-12  -3.0581235545244250e-12
-20   -1.6958166824396726e-12  +3.2031691663440544e-12
-19   +1.7742230940446836e-12  -3.3605695291403045e-12
-18   -1.8649084530080317e-12  +3.5317349411751675e-12
-17   +1.9705678960703769e-12  -3.7184617490973724e-12
-16   -2.0945714728534656e-12  +3.9226417304969626e-12
-15   +2.2412076856083274e-12  -4.1464103623065142e-12
-14   -2.4162057696202256e-12  +4.3920521780616863e-12
-13   +2.6267190203470260e-12  -4.6617315037298933e-12
-12   -2.9039080338139475e-12  +4.9596517320847680e-12
-11   +3.2122045833105138e-12  -5.2587594975091203e-12
-10   -7.3143465085113737e-12  +5.8410728231265028e-12
 -9   +6.2324862815069732e-12  -2.9806747331969038e-12
 -8   -7.0303295144747561e-10  -5.3410458654506197e-12
 -7   +3.0270105254467378e-10  +4.3283547396378891e-10
 -6   -1.4055029277501926e-07  -2.7999628370935606e-08
 -5   +2.8130107705889781e-08  +7.7540077784975495e-08
 -4   -2.7676938599657676e-05  -1.8429228242280516e-05
 -3   -5.5382440007685157e-06  +1.0914649685986832e-05
 -2   -9.1720473545219700e-04  -8.2095709891765404e-03
 -1   -3.0035357306659774e-05  -5.6954728551806275e-04
 +0   +1.2317445062712236e+00  +0.0000000000000000e+00
 +1   -3.0035357306659774e-05  +5.6954728551806275e-04
 +2   -9.1720473545219700e-04  +8.2095709891765404e-03
 +3   -5.5382440007685157e-06  -1.0914649685986832e-05
 +4   -2.7676938599657676e-05  +1.8429228242280516e-05
 +5   +2.8130107705889781e-08  -7.7540077784975495e-08
 +6   -1.4055029277501926e-07  +2.7999628370935606e-08
 +7   +3.0270105254467378e-10  -4.3283547396378891e-10
 +8   -7.0303295144747561e-10  +5.3410458654506197e-12
 +9   +6.2324862815069732e-12  +2.9806747331969038e-12
+10   -7.3143465085113737e-12  -5.8410728231265028e-12
+11   +3.2122045833105138e-12  +5.2587594975091203e-12
+12   -2.9039080338139475e-12  -4.9596517320847680e-12
+13   +2.6267190203470260e-12  +4.6617315037298933e-12
+14   -2.4162057696202256e-12  -4.3920521780616863e-12
+15   +2.2412076856083274e-12  +4.1464103623065142e-12
+16   -2.0945714728534656e-12  -3.9226417304969626e-12
+17   +1.9705678960703769e-12  +3.7184617490973724e-12
+18   -1.8649084530080317e-12  -3.5317349411751675e-12
+19   +1.7742230940446836e-12  +3.3605695291403045e-12
+20   -1.6958166824396726e-12  -3.2031691663440544e-12
+21   +1.6276533968227669e-12  +3.0581235545244250e-12
+22   -1.5680558518636584e-12  -2.9240642366620369e-12
+23   +1.5156424418869754e-12  +2.7998234131123257e-12
+24   -1.4693080480109493e-12  -2.6843918255675011e-12
+25   +1.4281990584377705e-12  +2.5769147941192448e-12
+26   -1.3915002703619143e-12  -2.4765637561948189e-12
+27   +1.3586825585954632e-12  +2.3826671987761863e-12
+28   -1.3291943765464231e-12  -2.2946482134664510e-12
+29   +1.3025689357330725e-12  +2.2119070791069327e-12
+30   -1.2785244324556125e-12  -2.1340286597556320e-12

