-30   +1.6509004772050615e-13  -2.7493086329871933e-13
-29   -1.6820731637225011e-13  +2.8495941642828956e-13
-28   +1.7165829358270868e-13  -2.9560587319609956e-13
-27   -1.7549499882732696e-13  +3.0693716697358968e-13
-26   +1.7974214415712160e-13  -3.1902846870687107e-13
-25   -1.8450635209472522e-13  +3.3195268567850341e-13
-24   +1.8984393025957966e-13  -3.4577751574824577e-13
-23   -1.9584728298157921e-13  +3.6064301936183279e-13
-22   +2.0264398626461935e-13  -3.7662587473302905e-13
-21   -2.1038174621321523e-13  +3.9387473100498720e-13
-20   +2.1921452435020075e-13  -4.1253783860384874e-13
-19   -2.2938225603813490e-13  +4.3277821949825472e-13
-18   +2.4114550292595070e-13  -4.5479683758993664e-13
-17   -2.5482936898675811e-13  +4.7880998170791590e-13
-16   +2.7089997521354727e-13  -5.0504875707408034e-13
-15   -2.8990357910421988e-13  +5.3379777078318423e-13
-14   +3.1249817535211150e-13  -5.6529623263261560e-13
-13   -3.4001337630078681e-13  +5.9997709581467216e-13
-12   +3.6418317546748557e-13  -6.2999732304494298e-13
-11   -4.3579222138012625e-13  +6.7433593559196434e-13
-10   -1.0589639495624540e-12  +2.8109635031658076e-13
 -9   -3.0722897955986955e-12  -1.0961144609866578e-13
 -8   -2.7491156451324244e-10  +1.0794005275505638e-10
 -7   -2.7049492784800429e-10  -1.5852838557940366e-10
 -6   -5.2156538301654618e-08  +3.9942073322852456e-09
 -5   -1.8216453955235498e-08  -2.6428733906293740e-08
 -4   -9.4944243397182530e-06  -4.2585671376341150e-06
 -3   +8.2214383540752186e-07  -9.9468795415355131e-07
 -2   -2.9284780128961490e-04  -2.1804275003693995e-03
 -1   +8.4591574221601951e-07  -8.4888554905176013e-05
 +0   +1.5930495423218344e-01  +0.0000000000000000e+00
 +1   +8.4591574221601951e-07  +8.4888554905176013e-05
 +2   -2.9284780128961490e-04  +2.1804275003693995e-03
 +3   +8.2214383540752186e-07  +9.9468795415355131e-07
 +4   -9.4944243397182530e-06  +4.2585671376341150e-06
 +5   -1.8216453955235498e-08  +2.6428733906293740e-08
 +6   -5.2156538301654618e-08  -3.9942073322852456e-09
 +7   -2.7049492784800429e-10  +1.5852838557940366e-10
 +8   -2.7491156451324244e-10  -1.0794005275505638e-10
 +9   -3.0722897955986955e-12  +1.0961144609866578e-13
+10   -1.0589639495624540e-12  -2.8109635031658076e-13
+11   -4.3579222138012625e-13  -6.7433593559196434e-13
+12   +3.6418317546748557e-13  +6.2999732304494298e-13
+13   -3.4001337630078681e-13  -5.9997709581467216e-13
+14   +3.1249817535211150e-13  +5.6529623263261560e-13
+15   -2.8990357910421988e-13  -5.3379777078318423e-13
+16   +2.7089997521354727e-13  +5.0504875707408034e-13
+17   -2.5482936898675811e-13  -4.7880998170791590e-13
+18   +2.4114550292595070e-13  +4.5479683758993664e-13
+19   -2.2938225603813490e-13  -4.3277821949825472e-13
+20   +2.1921452435020075e-13  +4.1253783860384874e-13
+21   -2.1038174621321523e-13  -3.9387473100498720e-13
+22   +2.0264398626461935e-13  +3.7662587473302905e-13
+23   -1.9584728298157921e-13  -3.6064301936183279e-13
+24   +1.8984393025957966e-13  +3.4577751574824577e-13
+25   -1.8450635209472522e-13  -3.3195268567850341e-13
+26   +1.7974214415712160e-13  +3.1902846870687107e-13
+27   -1.7549499882732696e-13  -3.0693716697358968e-13
+28   +1.7165829358270868e-13  +2.9560587319609956e-13
+29   -1.6820731637225011e-13  -2.8495941642828956e-13
+30   +1.6509004772050615e-13  +2.7493086329871933e-13

