-30   +4.5875088753453050e-13  -7.6544344597602793e-13
-29   -4.6738941933835610e-13  +7.9338816074558220e-13
-28   +4.7695024935684167e-13  -8.2305315699017379e-13
-27   -4.8755190674615283e-13  +8.5462798037759518e-13
-26   +4.9933256985646436e-13  -8.8831116952816132e-13
-25   -5.1250775471311490e-13  +9.2430438560915834e-13
-24   +5.2728180914514667e-13  -9.6286367732425302e-13
-23   -5.4392101784490947e-13  +1.0042675957959199e-12
-22   +5.6275867660659888e-13  -1.0488337128276893e-12
-21   -5.8417807305724036e-13  +1.0969392829179780e-12
-20   +6.0867109280583371e-13  -1.1489663652390879e-12
-19   -6.3683638320061585e-13  +1.2054127025716990e-12
-18   +6.6943627917287668e-13  -1.2668304997887190e-12
-17   -7.0738941544260218e-13  +1.3338060122405293e-12
-16   +7.5195590797407130e-13  -1.4070308247535000e-12
-15   -8.0465381530111536e-13  +1.4872931686217101e-12
-14   +8.6764513960387377e-13  -1.5754043956236849e-12
-13   -9.4314522747395317e-13  +1.6722281484748522e-12
-12   +1.0458701172348209e-12  -1.7785559999631769e-12
-11   -1.1371123887366257e-12  +1.8974358915315273e-12
-10   +2.2180230011859221e-12  -2.2075778728358457e-12
 -9   -8.1744237630038834e-14  +2.6334676180225537e-12
 -8   +5.6677677858499837e-11  -6.7450213759088511e-11
 -7   +1.5751746059902336e-10  +8.8910541792921999e-11
 -6   -2.9866566099096236e-09  -1.9403684843242698e-08
 -5   +1.5114161450943692e-08  +1.4906215757817300e-08
 -4   -1.5424314180257370e-06  -6.0472637217940575e-06
 -3   +2.9588369700219656e-07  +1.8772527924771649e-06
 -2   +3.8299219860641758e-04  -1.9225233201217592e-03
 -1   +1.7169433061408532e-05  -1.8681755092771204e-04
 +0   +4.4191156623308719e-01  +0.0000000000000000e+00
 +1   +1.7169433061408532e-05  +1.8681755092771204e-04
 +2   +3.8299219860641758e-04  +1.9225233201217592e-03
 +3   +2.9588369700219656e-07  -1.8772527924771649e-06
 +4   -1.5424314180257370e-06  +6.0472637217940575e-06
 +5   +1.5114161450943692e-08  -1.4906215757817300e-08
 +6   -2.9866566099096236e-09  +1.9403684843242698e-08
 +7   +1.5751746059902336e-10  -8.8910541792921999e-11
 +8   +5.6677677858499837e-11  +6.7450213759088511e-11
 +9   -8.1744237630038834e-14  -2.6334676180225537e-12
+10   +2.2180230011859221e-12  +2.2075778728358457e-12
+11   -1.1371123887366257e-12  -1.8974358915315273e-12
+12   +1.0458701172348209e-12  +1.7785559999631769e-12
+13   -9.4314522747395317e-13  -1.6722281484748522e-12
+14   +8.6764513960387377e-13  +1.5754043956236849e-12
+15   -8.0465381530111536e-13  -1.4872931686217101e-12
+16   +7.5195590797407130e-13  +1.4070308247535000e-12
+17   -7.0738941544260218e-13  -1.3338060122405293e-12
+18   +6.6943627917287668e-13  +1.2668304997887190e-12
+19   -6.3683638320061585e-13  -1.2054127025716990e-12
+20   +6.0867109280583371e-13  +1.1489663652390879e-12
+21   -5.8417807305724036e-13  -1.0969392829179780e-12
+22   +5.6275867660659888e-13  +1.0488337128276893e-12
+23   -5.4392101784490947e-13  -1.0042675957959199e-12
+24   +5.2728180914514667e-13  +9.6286367732425302e-13
+25   -5.1250775471311490e-13  -9.2430438560915834e-13
+26   +4.9933256985646436e-13  +8.8831116952816132e-13
+27   -4.8755190674615283e-13  -8.5462798037759518e-13
+28   +4.7695024935684167e-13  +8.2305315699017379e-13
+29   -4.6738941933835610e-13  -7.9338816074558220e-13
+30   +4.5875088753453050e-13  +7.6544344597602793e-13

