-30   -2.9160083220649252e-13  +4.8686482978510713e-13
-29   +2.9708502304876450e-13  -5.0463254070749278e-13
-28   -3.0315323639294060e-13  +5.2351032124663015e-13
-27   +3.0987652025747083e-13  -5.4359550379652420e-13
-26   -3.1735939811306211e-13  +5.6502428911655669e-13
-25   +3.2572818364998243e-13  -5.8792088107771337e-13
-24   -3.3509943778405867e-13  +6.1244353761250745e-13
-23   +3.4566854065143857e-13  -6.3878743465291308e-13
-22   -3.5761495558750306e-13  +6.6713664615643320e-13
-21   +3.7120675246612250e-13  -6.9772507178371759e-13
-20   -3.8675740055444661e-13  +7.3083036533821969e-13
-19   +4.0463711231476438e-13  -7.6674892861984195e-13
-18   -4.2532525750257885e-13  +8.0580933317560497e-13
-17   +4.4942339129031772e-13  -8.4843343309436438e-13
-16   -4.7770572798266773e-13  +8.9503708789769942e-13
-15   +5.1116135122342182e-13  -9.4610593203536010e-13
-14   -5.5104850555504298e-13  +1.0019028533650818e-12
-13   +5.9905099015556150e-13  -1.0636729325147752e-12
-12   -6.5771969101809807e-13  +1.0970921865867726e-12
-11   +7.2455604592163884e-13  -1.1949919702842196e-12
-10   -8.8784489572919913e-13  -3.0463199692861104e-12
 -9   +3.1224452371184071e-13  -3.7235583110020963e-13
 -8   -1.1912122236705503e-11  -5.6445696140951704e-10
 -7   -8.0201851078203446e-11  +7.9694544534756496e-11
 -6   +2.4223398386406938e-10  -7.8378663395513430e-08
 -5   -1.0139879675946086e-08  +3.3435092476025121e-09
 -4   +1.2580042712399403e-06  -1.1884278477020996e-05
 -3   -8.1445097795772241e-07  -6.2012143646098947e-07
 -2   +9.2844055418199532e-04  -1.8387896995078973e-03
 -1   +3.4232813717600422e-05  -1.2272335736764243e-04
 +0   +2.7807198338017514e-01  +0.0000000000000000e+00
 +1   +3.4232813717600422e-05  +1.2272335736764243e-04
 +2   +9.2844055418199532e-04  +1.8387896995078973e-03
 +3   -8.1445097795772241e-07  +6.2012143646098947e-07
 +4   +1.2580042712399403e-06  +1.1884278477020996e-05
 +5   -1.0139879675946086e-08  -3.3435092476025121e-09
 +6   +2.4223398386406938e-10  +7.8378663395513430e-08
 +7   -8.0201851078203446e-11  -7.9694544534756496e-11
 +8   -1.1912122236705503e-11  +5.6445696140951704e-10
 +9   +3.1224452371184071e-13  +3.7235583110020963e-13
+10   -8.8784489572919913e-13  +3.0463199692861104e-12
+11   +7.2455604592163884e-13  +1.1949919702842196e-12
+12   -6.5771969101809807e-13  -1.0970921865867726e-12
+13   +5.9905099015556150e-13  +1.0636729325147752e-12
+14   -5.5104850555504298e-13  -1.0019028533650818e-12
+15   +5.1116135122342182e-13  +9.4610593203536010e-13
+16   -4.7770572798266773e-13  -8.9503708789769942e-13
+17   +4.4942339129031772e-13  +8.4843343309436438e-13
+18   -4.2532525750257885e-13  -8.0580933317560497e-13
+19   +4.0463711231476438e-13  +7.6674892861984195e-13
+20   -3.8675740055444661e-13  -7.3083036533821969e-13
+21   +3.7120675246612250e-13  +6.9772507178371759e-13
+22   -3.5761495558750306e-13  -6.6713664615643320e-13
+23   +3.4566854065143857e-13  +6.3878743465291308e-13
+24   -3.3509943778405867e-13  -6.1244353761250745e-13
+25   +3.2572818364998243e-13  +5.8792088107771337e-13
+26   -3.1735939811306211e-13  -5.6502428911655669e-13
+27   +3.0987652025747083e-13  +5.4359550379652420e-13
+28   -3.0315323639294060e-13  -5.2351032124663015e-13
+29   +2.9708502304876450e-13  +5.0463254070749278e-13
+30   -2.9160083220649252e-13  -4.8686482978510713e-13

