-30   -1.3725572497731065e-15  +3.1800583975696341e-15
-29   +1.3778817024662511e-15  -3.2590023287698297e-15
-28   -1.4369676454835463e-15  +3.4184139027234756e-15
-27   +1.4013600073116916e-15  -3.5906242428994354e-15
-26   -1.4314613827397687e-15  +3.7149219760191015e-15
-25   +1.4350644796892652e-15  -3.9001922920732633e-15
-24   -1.4303118251014907e-15  +4.0462496740017169e-15
-23   +1.4360001642050787e-15  -4.2422634078271093e-15
-22   -1.4413821463907637e-15  +4.5043624676829041e-15
-21   +1.4417465510282412e-15  -4.7005603805251028e-15
-20   -1.5085855632760988e-15  +4.8984232750898227e-15
-19   +1.5599096277760873e-15  -5.2560948895308444e-15
-18   -1.5502012187837928e-15  +5.6097835320530432e-15
-17   +1.5692354971390717e-15  -5.9820968046406168e-15
-16   -1.4593763345660328e-15  +6.1979843566199675e-15
-15   +1.4103233209049767e-15  -6.5886685622671414e-15
-14   +1.4693083579307862e-14  -8.8986258938915344e-15
-13   -2.3591911700308789e-14  +1.7343350044329188e-14
-12   +2.2707174795520500e-12  -2.2636571549625768e-12
-11   -2.6329467988550917e-12  +2.6248997667298778e-12
-10   +3.2877873976434467e-10  -3.2872883227999341e-10
 -9   -2.5849430459122544e-10  +2.5843871398484073e-10
 -8   +5.0047412725991274e-08  -5.0041194870939063e-08
 -7   -2.2010281605972800e-08  +2.2005785661004170e-08
 -6   +8.2700005029175424e-06  -8.2689955294491241e-06
 -5   -1.0928412111362394e-06  +1.0924672096210919e-06
 -4   +1.5985033979274653e-03  -1.5983155928027475e-03
 -3   +1.6377515512818776e-04  -1.6379390152149344e-04
 -2   +4.7263623263759391e-01  -4.7258526426490438e-01
 -1   -1.9977122352920552e-04  +1.8839786902872130e-04
 +0   -3.0516430252564685e-03  +0.0000000000000000e+00
 +1   -1.9977122352920552e-04  -1.8839786902872130e-04
 +2   +4.7263623263759391e-01  +4.7258526426490438e-01
 +3   +1.6377515512818776e-04  +1.6379390152149344e-04
 +4   +1.5985033979274653e-03  +1.5983155928027475e-03
 +5   -1.0928412111362394e-06  -1.0924672096210919e-06
 +6   +8.2700005029175424e-06  +8.2689955294491241e-06
 +7   -2.2010281605972800e-08  -2.2005785661004170e-08
 +8   +5.0047412725991274e-08  +5.0041194870939063e-08
 +9   -2.5849430459122544e-10  -2.5843871398484073e-10
+10   +3.2877873976434467e-10  +3.2872883227999341e-10
+11   -2.6329467988550917e-12  -2.6248997667298778e-12
+12   +2.2707174795520500e-12  +2.2636571549625768e-12
+13   -2.3591911700308789e-14  -1.7343350044329188e-14
+14   +1.4693083579307862e-14  +8.8986258938915344e-15
+15   +1.4103233209049767e-15  +6.5886685622671414e-15
+16   -1.4593763345660328e-15  -6.1979843566199675e-15
+17   +1.5692354971390717e-15  +5.9820968046406168e-15
+18   -1.5502012187837928e-15  -5.6097835320530432e-15
+19   +1.5599096277760873e-15  +5.2560948895308444e-15
+20   -1.5085855632760988e-15  -4.8984232750898227e-15
+21   +1.4417465510282412e-15  +4.7005603805251028e-15
+22   -1.4413821463907637e-15  -4.5043624676829041e-15
+23   +1.4360001642050787e-15  +4.2422634078271093e-15
+24   -1.4303118251014907e-15  -4.0462496740017169e-15
+25   +1.4350644796892652e-15  +3.9001922920732633e-15
+26   -1.4314613827397687e-15  -3.7149219760191015e-15
+27   +1.4013600073116916e-15  +3.5906242428994354e-15
+28   -1.4369676454835463e-15  -3.4184139027234756e-15
+29   +1.3778817024662511e-15  +3.2590023287698297e-15
+30   -1.3725572497731065e-15  -3.1800583975696341e-15

