-30   -5.5419942730093230e-17  +4.1926755277827961e-16
-29   +2.3807439973333328e-17  -4.1402595212777897e-16
-28   -3.9326752259715897e-17  +4.3965429707040930e-16
-27   +9.8162258485313813e-18  -4.7053809734085372e-16
-26   -2.4677965204154516e-18  +4.8693297872784165e-16
-25   -4.1770232155219639e-17  -4.9962563797751140e-16
-24   +3.3178747822022858e-18  +5.0621574924214354e-16
-23   -4.5558720830754698e-17  -5.7827581853836377e-16
-22   +5.9982816710887757e-17  +5.5180240320694073e-16
-21   -9.5432123722423239e-17  -6.3787030268003817e-16
-20   +1.1586325699343421e-16  +6.1625680462734473e-16
-19   -1.4004818357064275e-16  -7.0739919687300572e-16
-18   +2.1971774855116957e-16  +7.3037361025779404e-16
-17   -2.5370068027941491e-16  -7.6184959338821993e-16
-16   -1.4791698085920227e-16  +3.4401130567843956e-16
-15   -1.4408769146968249e-16  -7.0223431738861638e-16
-14   -5.3345608396788159e-14  -5.2835468923330527e-14
-13   +1.7665901434124682e-14  +1.7145510766127245e-14
-12   -6.6802568108526082e-12  -6.6807801766461817e-12
-11   +1.6985774756403097e-12  +1.6986794013122466e-12
-10   -8.3835749599563501e-10  -8.3848260299070251e-10
 -9   +1.4285851336201459e-10  +1.4291369899173827e-10
 -8   -1.0665436061316455e-07  -1.0667035825112617e-07
 -7   +9.2142387930323821e-09  +9.2200277185902057e-09
 -6   -1.3843935647386445e-05  -1.3846020136206919e-05
 -5   +5.9781689100832518e-08  +6.0379209447115174e-08
 -4   -1.8561974162696589e-03  -1.8564787911908671e-03
 -3   -1.2283299696907332e-04  -1.2276886063819584e-04
 -2   -2.6445545660192116e-01  -2.6449610969104637e-01
 -1   +1.0200459407829644e-04  +1.1405677454120353e-04
 +0   +3.7938241164877993e-03  +0.0000000000000000e+00
 +1   +1.0200459407829644e-04  -1.1405677454120353e-04
 +2   -2.6445545660192116e-01  +2.6449610969104637e-01
 +3   -1.2283299696907332e-04  +1.2276886063819584e-04
 +4   -1.8561974162696589e-03  +1.8564787911908671e-03
 +5   +5.9781689100832518e-08  -6.0379209447115174e-08
 +6   -1.3843935647386445e-05  +1.3846020136206919e-05
 +7   +9.2142387930323821e-09  -9.2200277185902057e-09
 +8   -1.0665436061316455e-07  +1.0667035825112617e-07
 +9   +1.4285851336201459e-10  -1.4291369899173827e-10
+10   -8.3835749599563501e-10  +8.3848260299070251e-10
+11   +1.6985774756403097e-12  -1.6986794013122466e-12
+12   -6.6802568108526082e-12  +6.6807801766461817e-12
+13   +1.7665901434124682e-14  -1.7145510766127245e-14
+14   -5.3345608396788159e-14  +5.2835468923330527e-14
+15   -1.4408769146968249e-16  +7.0223431738861638e-16
+16   -1.4791698085920227e-16  -3.4401130567843956e-16
+17   -2.5370068027941491e-16  +7.6184959338821993e-16
+18   +2.1971774855116957e-16  -7.3037361025779404e-16
+19   -1.4004818357064275e-16  +7.0739919687300572e-16
+20   +1.1586325699343421e-16  -6.1625680462734473e-16
+21   -9.5432123722423239e-17  +6.3787030268003817e-16
+22   +5.9982816710887757e-17  -5.5180240320694073e-16
+23   -4.5558720830754698e-17  +5.7827581853836377e-16
+24   +3.3178747822022858e-18  -5.0621574924214354e-16
+25   -4.1770232155219639e-17  +4.9962563797751140e-16
+26   -2.4677965204154516e-18  -4.8693297872784165e-16
+27   +9.8162258485313813e-18  +4.7053809734085372e-16
+28   -3.9326752259715897e-17  -4.3965429707040930e-16
+29   +2.3807439973333328e-17  +4.1402595212777897e-16
+30   -5.5419942730093230e-17  -4.1926755277827961e-16

