-30   -2.4818375683343113e-12  +7.5379344992538158e-12
-29   +2.4381621918472415e-12  -7.8227180628747388e-12
-28   -2.3897688424371191e-12  +8.1264243656169560e-12
-27   +2.3359315469301682e-12  -8.4510766437165891e-12
-26   -2.2758545453725441e-12  +8.7990027026459770e-12
-25   +2.2084443764700146e-12  -9.1729279519546240e-12
-24   -2.1325913860713160e-12  +9.5759719375890277e-12
-23   +2.0467349545686257e-12  -1.0011808232817969e-11
-22   -1.9490750921241452e-12  +1.0484660937142753e-11
-21   +1.8373443763937141e-12  -1.0999641124371468e-11
-20   -1.7087668580343920e-12  +1.1562658473716855e-11
-19   +1.5597469667124772e-12  -1.2180932190032611e-11
-18   -1.3857339471275659e-12  +1.2862997497971528e-11
-17   +1.1809415175578236e-12  -1.3619335983282987e-11
-16   -9.3791209561610975e-13  +1.4462451969393519e-11
-15   +6.4623910026749232e-13  -1.5408390092903481e-11
-14   -3.2438025844341517e-13  +1.6444651250900197e-11
-13   -8.4767858846106303e-14  -1.7634142417992304e-11
-12   -3.2572387723714531e-12  +1.5153236166780082e-11
-11   +4.3813339211359127e-12  -1.4957680568922037e-11
-10   -4.6393835505823710e-10  -4.4243218538878167e-10
 -9   +5.0685807187115806e-10  +4.8425415183834133e-10
 -8   -5.4363796986005799e-08  -5.4203006656825374e-08
 -7   +3.7913730255684258e-08  +3.7800912470056309e-08
 -6   -6.1487225212763910e-06  -6.1330801764782762e-06
 -5   +1.5799204214158059e-06  +1.5766628741113599e-06
 -4   -6.5421417910400503e-04  -6.5255909664350519e-04
 -3   -5.7453937863428541e-05  -5.7257394925491124e-05
 -2   -1.0804083956039037e-01  -1.0775799282166651e-01
 -1   +4.9635603575605032e-05  +6.4814447748739039e-05
 +0   +2.5160009851859567e-03  +0.0000000000000000e+00
 +1   +4.9635603575605032e-05  -6.4814447748739039e-05
 +2   -1.0804083956039037e-01  +1.0775799282166651e-01
 +3   -5.7453937863428541e-05  +5.7257394925491124e-05
 +4   -6.5421417910400503e-04  +6.5255909664350519e-04
 +5   +1.5799204214158059e-06  -1.5766628741113599e-06
 +6   -6.1487225212763910e-06  +6.1330801764782762e-06
 +7   +3.7913730255684258e-08  -3.7800912470056309e-08
 +8   -5.4363796986005799e-08  +5.4203006656825374e-08
 +9   +5.0685807187115806e-10  -4.8425415183834133e-10
+10   -4.6393835505823710e-10  +4.4243218538878167e-10
+11   +4.3813339211359127e-12  +1.4957680568922037e-11
+12   -3.2572387723714531e-12  -1.5153236166780082e-11
+13   -8.4767858846106303e-14  +1.7634142417992304e-11
+14   -3.2438025844341517e-13  -1.6444651250900197e-11
+15   +6.4623910026749232e-13  +1.5408390092903481e-11
+16   -9.3791209561610975e-13  -1.4462451969393519e-11
+17   +1.1809415175578236e-12  +1.3619335983282987e-11
+18   -1.3857339471275659e-12  -1.2862997497971528e-11
+19   +1.5597469667124772e-12  +1.2180932190032611e-11
+20   -1.7087668580343920e-12  -1.1562658473716855e-11
+21   +1.8373443763937141e-12  +1.0999641124371468e-11
+22   -1.9490750921241452e-12  -1.0484660937142753e-11
+23   +2.0467349545686257e-12  +1.0011808232817969e-11
+24   -2.1325913860713160e-12  -9.5759719375890277e-12
+25   +2.2084443764700146e-12  +9.1729279519546240e-12
+26   -2.2758545453725441e-12  -8.7990027026459770e-12
+27   +2.3359315469301682e-12  +8.4510766437165891e-12
+28   -2.3897688424371191e-12  -8.1264243656169560e-12
+29   +2.4381621918472415e-12  +7.8227180628747388e-12
+30   -2.4818375683343113e-12  -7.5379344992538158e-12

