-30   -2.7118875382378790e-13  +8.7332147230161093e-13
-29   +2.6500703847287699e-13  -9.0618872457983564e-13
-28   -2.5822170302042467e-13  +9.4130843102226649e-13
-27   +2.5054901965036092e-13  -9.7880875855982455e-13
-26   -2.4206209295298823e-13  +1.0189371441601298e-12
-25   +2.3252496013689735e-13  -1.0621139614571283e-12
-24   -2.2175213135746288e-13  +1.1085622132101228e-12
-23   +2.0959979998337136e-13  -1.1587995875316225e-12
-22   -1.9577157875038006e-13  +1.2132921464932542e-12
-21   +1.7992963561334253e-13  -1.2725417325379721e-12
-20   -1.6174511254627110e-13  +1.3372323539552442e-12
-19   +1.4066628732145864e-13  -1.4083078435129310e-12
-18   -1.1596720563661191e-13  +1.4866185807730173e-12
-17   +8.6882206888654623e-14  -1.5732866873701572e-12
-16   -5.2120576501107375e-14  +1.6695004895758867e-12
-15   +1.0370634701018794e-14  -1.7772570598908653e-12
-14   +6.6167263964906163e-14  +1.8728357412844162e-12
-13   -1.5436183133666141e-13  -1.9845333859553737e-12
-12   +3.8205157579739685e-12  -1.4558294326000096e-12
-11   -5.7425409409926550e-12  +3.1019873467370809e-12
-10   +5.1539104351373926e-10  -5.1372380153385490e-10
 -9   -5.4251768152984388e-10  +5.4042554236230453e-10
 -8   +7.5996812483256181e-08  -7.6188590793594952e-08
 -7   -4.9004761748331620e-08  +4.9114600865326098e-08
 -6   +1.1958896778136640e-05  -1.1989728953955486e-05
 -5   -3.3121204245288221e-06  +3.3187581683620072e-06
 -4   +2.0979402484690439e-03  -2.1033613969995489e-03
 -3   +1.7419834726799301e-04  -1.7501253133060264e-04
 -2   +4.5393900963593103e-01  -4.5511504086112264e-01
 -1   -2.1385248430613729e-04  +1.9976978497637435e-04
 +0   -3.8133929652981926e-03  +0.0000000000000000e+00
 +1   -2.1385248430613729e-04  -1.9976978497637435e-04
 +2   +4.5393900963593103e-01  +4.5511504086112264e-01
 +3   +1.7419834726799301e-04  +1.7501253133060264e-04
 +4   +2.0979402484690439e-03  +2.1033613969995489e-03
 +5   -3.3121204245288221e-06  -3.3187581683620072e-06
 +6   +1.1958896778136640e-05  +1.1989728953955486e-05
 +7   -4.9004761748331620e-08  -4.9114600865326098e-08
 +8   +7.5996812483256181e-08  +7.6188590793594952e-08
 +9   -5.4251768152984388e-10  -5.4042554236230453e-10
+10   +5.1539104351373926e-10  +5.1372380153385490e-10
+11   -5.7425409409926550e-12  -3.1019873467370809e-12
+12   +3.8205157579739685e-12  +1.4558294326000096e-12
+13   -1.5436183133666141e-13  +1.9845333859553737e-12
+14   +6.6167263964906163e-14  -1.8728357412844162e-12
+15   +1.0370634701018794e-14  +1.7772570598908653e-12
+16   -5.2120576501107375e-14  -1.6695004895758867e-12
+17   +8.6882206888654623e-14  +1.5732866873701572e-12
+18   -1.1596720563661191e-13  -1.4866185807730173e-12
+19   +1.4066628732145864e-13  +1.4083078435129310e-12
+20   -1.6174511254627110e-13  -1.3372323539552442e-12
+21   +1.7992963561334253e-13  +1.2725417325379721e-12
+22   -1.9577157875038006e-13  -1.2132921464932542e-12
+23   +2.0959979998337136e-13  +1.1587995875316225e-12
+24   -2.2175213135746288e-13  -1.1085622132101228e-12
+25   +2.3252496013689735e-13  +1.0621139614571283e-12
+26   -2.4206209295298823e-13  -1.0189371441601298e-12
+27   +2.5054901965036092e-13  +9.7880875855982455e-13
+28   -2.5822170302042467e-13  -9.4130843102226649e-13
+29   +2.6500703847287699e-13  +9.0618872457983564e-13
+30   -2.7118875382378790e-13  -8.7332147230161093e-13

