-30   -8.8552560824092402e-13  +2.6977142034236717e-12
-29   +8.6971600698447900e-13  -2.7996272622498375e-12
-28   -8.5220952496167382e-13  +2.9083289636327166e-12
-27   +8.3271213274963979e-13  -3.0245170080361380e-12
-26   -8.1095429295182437e-13  +3.1490366396069386e-12
-25   +7.8656468196531495e-13  -3.2828641334360705e-12
-24   -7.5908426860300204e-13  +3.4270990978224358e-12
-23   +7.2799806296745138e-13  -3.5830749797833638e-12
-22   -6.9263996706538120e-13  +3.7523108087480540e-12
-21   +6.5217855288395806e-13  -3.9366092464744582e-12
-20   -6.0561551302794139e-13  +4.1380979382471532e-12
-19   +5.5165078287506954e-13  -4.3593738822931469e-12
-18   -4.8861163843471804e-13  +4.6034847834136442e-12
-17   +4.1442673964370921e-13  -4.8741731714366160e-12
-16   -3.2561676171702557e-13  +5.1753537836596657e-12
-15   +2.2036878785497441e-13  -5.5145753498810308e-12
-14   -1.7766561460761702e-14  +5.8227630804699575e-12
-13   -7.2404441392917141e-14  -6.3259874063982213e-12
-12   +8.7698880348268087e-12  -1.6968518261093320e-12
-11   -9.6449690682423986e-13  -6.9581803734863103e-12
-10   +9.6994675262513020e-10  -9.6350502975503739e-10
 -9   -2.3204862987481989e-11  +1.3000572089864050e-11
 -8   +1.0918387742873578e-07  -1.0945154228705494e-07
 -7   +5.2594183978034443e-10  -5.5365377669536644e-10
 -6   +1.2030246218600787e-05  -1.2060996124404848e-05
 -5   +3.4303114225750080e-07  -3.4530431126551711e-07
 -4   +1.2531188891644748e-03  -1.2563190043528240e-03
 -3   +5.8352155035989980e-05  -5.8635985733650836e-05
 -2   +1.0247661726991346e-01  -1.0273559767042273e-01
 -1   -3.7838672735871099e-05  +3.3919202612203618e-05
 +0   -7.4599542562201165e-04  +0.0000000000000000e+00
 +1   -3.7838672735871099e-05  -3.3919202612203618e-05
 +2   +1.0247661726991346e-01  +1.0273559767042273e-01
 +3   +5.8352155035989980e-05  +5.8635985733650836e-05
 +4   +1.2531188891644748e-03  +1.2563190043528240e-03
 +5   +3.4303114225750080e-07  +3.4530431126551711e-07
 +6   +1.2030246218600787e-05  +1.2060996124404848e-05
 +7   +5.2594183978034443e-10  +5.5365377669536644e-10
 +8   +1.0918387742873578e-07  +1.0945154228705494e-07
 +9   -2.3204862987481989e-11  -1.3000572089864050e-11
+10   +9.6994675262513020e-10  +9.6350502975503739e-10
+11   -9.6449690682423986e-13  +6.9581803734863103e-12
+12   +8.7698880348268087e-12  +1.6968518261093320e-12
+13   -7.2404441392917141e-14  +6.3259874063982213e-12
+14   -1.7766561460761702e-14  -5.8227630804699575e-12
+15   +2.2036878785497441e-13  +5.5145753498810308e-12
+16   -3.2561676171702557e-13  -5.1753537836596657e-12
+17   +4.1442673964370921e-13  +4.8741731714366160e-12
+18   -4.8861163843471804e-13  -4.6034847834136442e-12
+19   +5.5165078287506954e-13  +4.3593738822931469e-12
+20   -6.0561551302794139e-13  -4.1380979382471532e-12
+21   +6.5217855288395806e-13  +3.9366092464744582e-12
+22   -6.9263996706538120e-13  -3.7523108087480540e-12
+23   +7.2799806296745138e-13  +3.5830749797833638e-12
+24   -7.5908426860300204e-13  -3.4270990978224358e-12
+25   +7.8656468196531495e-13  +3.2828641334360705e-12
+26   -8.1095429295182437e-13  -3.1490366396069386e-12
+27   +8.3271213274963979e-13  +3.0245170080361380e-12
+28   -8.5220952496167382e-13  -2.9083289636327166e-12
+29   +8.6971600698447900e-13  +2.7996272622498375e-12
+30   -8.8552560824092402e-13  -2.6977142034236717e-12

