-30   -5.4652868850010200e-13  +1.6598327855486632e-12
-29   +5.3686452172434557e-13  -1.7224754462792476e-12
-28   -5.2622169875196613e-13  +1.7893134837661364e-12
-27   +5.1432529589302615e-13  -1.8607467127590948e-12
-26   -5.0109771153193953e-13  +1.9372855641477224e-12
-25   +4.8619411741694859e-13  -2.0195398118474377e-12
-24   -4.6954344289289862e-13  +2.1081616237433482e-12
-23   +4.5058765530013605e-13  -2.2040477429719419e-12
-22   -4.2908159466004230e-13  +2.3080077243036249e-12
-21   +4.0443782275282921e-13  -2.4212548156061641e-12
-20   -3.7611549682119206e-13  +2.5449721557059200e-12
-19   +3.4328101274175606e-13  -2.6808867906993073e-12
-18   -3.0491526235598461e-13  +2.8307109524090952e-12
-17   +2.5980859037078027e-13  -2.9968066042931321e-12
-16   -2.0717293518865594e-13  +3.1809513765617304e-12
-15   +1.4235697121985362e-13  -3.3892032967470646e-12
-14   -1.7529275470336812e-13  +3.5128595572264394e-12
-13   +2.7344095717040246e-15  -3.8557635810320116e-12
-12   -1.2985657675961329e-11  -8.9079381803420934e-12
-11   +2.8466837212767501e-12  -1.4051723097810423e-12
-10   -1.5519066990383635e-09  -1.5434833482105767e-09
 -9   +2.5751460935090159e-10  +2.5235706076843221e-10
 -8   -1.8380679683711107e-07  -1.8333274398523994e-07
 -7   +1.6699897417396420e-08  +1.6674443866584049e-08
 -6   -2.1802921541783095e-05  -2.1747273122181840e-05
 -5   +2.9472858989799454e-07  +2.9660935540355752e-07
 -4   -2.5844515769984856e-03  -2.5778574667834142e-03
 -3   -1.5484741860284439e-04  -1.5414552292575170e-04
 -2   -2.9973087436173151e-01  -2.9896679086126038e-01
 -1   +1.1980288069053351e-04  +1.4202606170549701e-04
 +0   +5.2753038012605287e-03  +0.0000000000000000e+00
 +1   +1.1980288069053351e-04  -1.4202606170549701e-04
 +2   -2.9973087436173151e-01  +2.9896679086126038e-01
 +3   -1.5484741860284439e-04  +1.5414552292575170e-04
 +4   -2.5844515769984856e-03  +2.5778574667834142e-03
 +5   +2.9472858989799454e-07  -2.9660935540355752e-07
 +6   -2.1802921541783095e-05  +2.1747273122181840e-05
 +7   +1.6699897417396420e-08  -1.6674443866584049e-08
 +8   -1.8380679683711107e-07  +1.8333274398523994e-07
 +9   +2.5751460935090159e-10  -2.5235706076843221e-10
+10   -1.5519066990383635e-09  +1.5434833482105767e-09
+11   +2.8466837212767501e-12  +1.4051723097810423e-12
+12   -1.2985657675961329e-11  +8.9079381803420934e-12
+13   +2.7344095717040246e-15  +3.8557635810320116e-12
+14   -1.7529275470336812e-13  -3.5128595572264394e-12
+15   +1.4235697121985362e-13  +3.3892032967470646e-12
+16   -2.0717293518865594e-13  -3.1809513765617304e-12
+17   +2.5980859037078027e-13  +2.9968066042931321e-12
+18   -3.0491526235598461e-13  -2.8307109524090952e-12
+19   +3.4328101274175606e-13  +2.6808867906993073e-12
+20   -3.7611549682119206e-13  -2.5449721557059200e-12
+21   +4.0443782275282921e-13  +2.4212548156061641e-12
+22   -4.2908159466004230e-13  -2.3080077243036249e-12
+23   +4.5058765530013605e-13  +2.2040477429719419e-12
+24   -4.6954344289289862e-13  -2.1081616237433482e-12
+25   +4.8619411741694859e-13  +2.0195398118474377e-12
+26   -5.0109771153193953e-13  -1.9372855641477224e-12
+27   +5.1432529589302615e-13  +1.8607467127590948e-12
+28   -5.2622169875196613e-13  -1.7893134837661364e-12
+29   +5.3686452172434557e-13  +1.7224754462792476e-12
+30   -5.4652868850010200e-13  -1.6598327855486632e-12

