-30   +1.1084979876668426e-13  -6.0228292458535492e-13
-29   -1.0132939233006899e-13  +6.2462828044536859e-13
-28   +9.0744887341394814e-14  -6.4839649733969096e-13
-27   -7.8974700942410108e-14  +6.7370707231677603e-13
-26   +6.5770598074975637e-14  -7.0077199718586703e-13
-25   -5.0963267512019072e-14  +7.2976421060561223e-13
-24   +3.4227048843776571e-14  -7.6087826920801026e-13
-23   -1.5282216261490317e-14  +7.9435429858750913e-13
-22   -6.3584831546760513e-15  -8.3049184643405880e-13
-21   +3.1196919168688200e-14  +8.6957318772052080e-13
-20   -5.9817163562453500e-14  -9.1199075654928132e-13
-19   +9.3195705440682586e-14  +9.5813880366113401e-13
-18   -1.3230694375070071e-13  -1.0084453262784809e-12
-17   +1.7858955149962944e-13  +1.0634716975660892e-12
-16   -2.3382986535580203e-13  -1.1237120700102471e-12
-15   +3.0058164871678908e-13  +1.1897997794065665e-12
-14   -3.8209545672568420e-13  -1.2621505319858466e-12
-13   +4.8326987497258596e-13  +1.3413232175960984e-12
-12   -5.8940579499958617e-13  -1.4252468155543369e-12
-11   +7.5872366320798796e-13  +1.5412462329633117e-12
-10   +2.7399152346292745e-12  -1.4036786983895129e-12
 -9   -8.8373455622855199e-13  +4.7264027769434921e-12
 -8   +6.9667573133022711e-10  -1.3497502078286020e-11
 -7   -2.9501357186938613e-10  +4.4135858186130268e-10
 -6   +1.4054084568410641e-07  -2.8008279624968561e-08
 -5   -2.8118391173231935e-08  +7.7548285512603113e-08
 -4   +2.7676924406901965e-05  -1.8429234733221880e-05
 -3   +5.5382600114315013e-06  +1.0914652675139819e-05
 -2   +9.1720473836642109e-04  -8.2095709782622536e-03
 -1   +3.0035368318810773e-05  -5.6954728756580916e-04
 +0   -1.2317445062811125e+00  +0.0000000000000000e+00
 +1   +3.0035368318810773e-05  +5.6954728756580916e-04
 +2   +9.1720473836642109e-04  +8.2095709782622536e-03
 +3   +5.5382600114315013e-06  -1.0914652675139819e-05
 +4   +2.7676924406901965e-05  +1.8429234733221880e-05
 +5   -2.8118391173231935e-08  -7.7548285512603113e-08
 +6   +1.4054084568410641e-07  +2.8008279624968561e-08
 +7   -2.9501357186938613e-10  -4.4135858186130268e-10
 +8   +6.9667573133022711e-10  +1.3497502078286020e-11
 +9   -8.8373455622855199e-13  -4.7264027769434921e-12
+10   +2.7399152346292745e-12  +1.4036786983895129e-12
+11   +7.5872366320798796e-13  -1.5412462329633117e-12
+12   -5.8940579499958617e-13  +1.4252468155543369e-12
+13   +4.8326987497258596e-13  -1.3413232175960984e-12
+14   -3.8209545672568420e-13  +1.2621505319858466e-12
+15   +3.0058164871678908e-13  -1.1897997794065665e-12
+16   -2.3382986535580203e-13  +1.1237120700102471e-12
+17   +1.7858955149962944e-13  -1.0634716975660892e-12
+18   -1.3230694375070071e-13  +1.0084453262784809e-12
+19   +9.3195705440682586e-14  -9.5813880366113401e-13
+20   -5.9817163562453500e-14  +9.1199075654928132e-13
+21   +3.1196919168688200e-14  -8.6957318772052080e-13
+22   -6.3584831546760513e-15  +8.3049184643405880e-13
+23   -1.5282216261490317e-14  -7.9435429858750913e-13
+24   +3.4227048843776571e-14  +7.6087826920801026e-13
+25   -5.0963267512019072e-14  -7.2976421060561223e-13
+26   +6.5770598074975637e-14  +7.0077199718586703e-13
+27   -7.8974700942410108e-14  -6.7370707231677603e-13
+28   +9.0744887341394814e-14  +6.4839649733969096e-13
+29   -1.0132939233006899e-13  -6.2462828044536859e-13
+30   +1.1084979876668426e-13  +6.0228292458535492e-13

