-30   +2.5722174849183324e-12  -6.9056448414457093e-12
-29   -2.5534098627123617e-12  +7.1722065124467274e-12
-28   +2.5324454769101878e-12  -7.4571636765676569e-12
-27   -2.5089762058373792e-12  +7.7626013787956063e-12
-26   +2.4825918168875631e-12  -8.0909347334778020e-12
-25   -2.4527855382957695e-12  +8.4449810928258965e-12
-24   +2.4189264278483629e-12  -8.8280527236217342e-12
-23   -2.3802541524368503e-12  +9.2440167753156629e-12
-22   +2.3357793755464857e-12  -9.6975156637171458e-12
-21   -2.2842715003221440e-12  +1.0194054743705221e-11
-20   +2.2241748031104008e-12  -1.0740315424590806e-11
-19   -2.1533915501620439e-12  +1.1344422144321171e-11
-18   +2.0692378169603454e-12  -1.2016366709265656e-11
-17   -1.9680717030857329e-12  +1.2768581248961787e-11
-16   +1.8449029930645345e-12  -1.3616737111702280e-11
-15   -1.6928143281926478e-12  +1.4580820874565688e-11
-14   +1.5018038034825226e-12  -1.5686835663481348e-11
-13   -1.2576345693193050e-12  +1.6968782960817979e-11
-12   +9.2874117628800706e-13  -1.8480554974095011e-11
-11   -5.2961624613171973e-13  +2.0265957309411432e-11
-10   -1.6123828595388326e-12  -2.3426187932461062e-11
 -9   -1.5954359520878515e-12  +2.5957290211825997e-11
 -8   -2.7776661084116995e-10  -1.3716175655173345e-10
 -7   -2.6546888839708505e-10  +1.9203425392843065e-10
 -6   -5.2165205020599325e-08  -4.0331879241480399e-09
 -5   -1.8201294826174357e-08  +2.6474498368853000e-08
 -4   -9.4944516519899583e-06  +4.2585146713451612e-06
 -3   +8.2219117966484931e-07  +9.9474288656930261e-07
 -2   -2.9284791268896992e-04  +2.1804275315327119e-03
 -1   +8.4599631806599436e-07  +8.4888574292541857e-05
 +0   +1.5930495415112325e-01  +0.0000000000000000e+00
 +1   +8.4599631806599436e-07  -8.4888574292541857e-05
 +2   -2.9284791268896992e-04  -2.1804275315327119e-03
 +3   +8.2219117966484931e-07  -9.9474288656930261e-07
 +4   -9.4944516519899583e-06  -4.2585146713451612e-06
 +5   -1.8201294826174357e-08  -2.6474498368853000e-08
 +6   -5.2165205020599325e-08  +4.0331879241480399e-09
 +7   -2.6546888839708505e-10  -1.9203425392843065e-10
 +8   -2.7776661084116995e-10  +1.3716175655173345e-10
 +9   -1.5954359520878515e-12  -2.5957290211825997e-11
+10   -1.6123828595388326e-12  +2.3426187932461062e-11
+11   -5.2961624613171973e-13  -2.0265957309411432e-11
+12   +9.2874117628800706e-13  +1.8480554974095011e-11
+13   -1.2576345693193050e-12  -1.6968782960817979e-11
+14   +1.5018038034825226e-12  +1.5686835663481348e-11
+15   -1.6928143281926478e-12  -1.4580820874565688e-11
+16   +1.8449029930645345e-12  +1.3616737111702280e-11
+17   -1.9680717030857329e-12  -1.2768581248961787e-11
+18   +2.0692378169603454e-12  +1.2016366709265656e-11
+19   -2.1533915501620439e-12  -1.1344422144321171e-11
+20   +2.2241748031104008e-12  +1.0740315424590806e-11
+21   -2.2842715003221440e-12  -1.0194054743705221e-11
+22   +2.3357793755464857e-12  +9.6975156637171458e-12
+23   -2.3802541524368503e-12  -9.2440167753156629e-12
+24   +2.4189264278483629e-12  +8.8280527236217342e-12
+25   -2.4527855382957695e-12  -8.4449810928258965e-12
+26   +2.4825918168875631e-12  +8.0909347334778020e-12
+27   -2.5089762058373792e-12  -7.7626013787956063e-12
+28   +2.5324454769101878e-12  +7.4571636765676569e-12
+29   -2.5534098627123617e-12  -7.1722065124467274e-12
+30   +2.5722174849183324e-12  +6.9056448414457093e-12

