-30   +5.5379979557857817e-13  -1.4429823003426566e-12
-29   -5.5101472958848303e-13  +1.4989654785324708e-12
-28   +5.4790436739434429e-13  -1.5588547023653848e-12
-27   -5.4439430537096270e-13  +1.6230943240309090e-12
-26   +5.4043363023480768e-13  -1.6921885200365157e-12
-25   -5.3592806026660751e-13  +1.7667632875403536e-12
-24   +5.3078660364898051e-13  -1.8474980251817661e-12
-23   -5.2486436715819223e-13  +1.9352706518730157e-12
-22   +5.1800010138187738e-13  -2.0310605030379411e-12
-21   -5.0998707177505964e-13  +2.1360639944392646e-12
-20   +5.0056960709889969e-13  -2.2517512668535678e-12
-19   -4.8929901124401498e-13  +2.3798849326594883e-12
-18   +4.7577450471538082e-13  -2.5226608152813332e-12
-17   -4.5930485762455824e-13  +2.6828095926869735e-12
-16   +4.3893462196103251e-13  -2.8638040553532685e-12
-15   -4.1338970274089547e-13  +3.0700837086107546e-12
-14   +3.8082249663574565e-13  -3.3074468639784688e-12
-13   -3.3793786356355424e-13  +3.5835473048418675e-12
-12   +2.9145190067134802e-13  -3.9087624545698996e-12
-11   -1.9082221534644062e-13  +4.2948690915751389e-12
-10   +1.0188822342885806e-12  -4.5831402248918820e-12
 -9   +1.4606485617115452e-12  +4.8764894165702085e-12
 -8   +5.4651588467092367e-11  +5.9063082474429566e-11
 -7   +1.6025754733658324e-10  -7.9439872649342432e-11
 -6   -2.9905129900153687e-09  +1.9392876177940305e-08
 -5   +1.5119865465780995e-08  -1.4893814104415086e-08
 -4   -1.5424404092788170e-06  +6.0472499726038573e-06
 -3   +2.9589766575749902e-07  -1.8772385470368184e-06
 -2   +3.8299216964252347e-04  +1.9225233257011624e-03
 -1   +1.7169455496843905e-05  +1.8681755614039324e-04
 +0   +4.4191156621036021e-01  +0.0000000000000000e+00
 +1   +1.7169455496843905e-05  -1.8681755614039324e-04
 +2   +3.8299216964252347e-04  -1.9225233257011624e-03
 +3   +2.9589766575749902e-07  +1.8772385470368184e-06
 +4   -1.5424404092788170e-06  -6.0472499726038573e-06
 +5   +1.5119865465780995e-08  +1.4893814104415086e-08
 +6   -2.9905129900153687e-09  -1.9392876177940305e-08
 +7   +1.6025754733658324e-10  +7.9439872649342432e-11
 +8   +5.4651588467092367e-11  -5.9063082474429566e-11
 +9   +1.4606485617115452e-12  -4.8764894165702085e-12
+10   +1.0188822342885806e-12  +4.5831402248918820e-12
+11   -1.9082221534644062e-13  -4.2948690915751389e-12
+12   +2.9145190067134802e-13  +3.9087624545698996e-12
+13   -3.3793786356355424e-13  -3.5835473048418675e-12
+14   +3.8082249663574565e-13  +3.3074468639784688e-12
+15   -4.1338970274089547e-13  -3.0700837086107546e-12
+16   +4.3893462196103251e-13  +2.8638040553532685e-12
+17   -4.5930485762455824e-13  -2.6828095926869735e-12
+18   +4.7577450471538082e-13  +2.5226608152813332e-12
+19   -4.8929901124401498e-13  -2.3798849326594883e-12
+20   +5.0056960709889969e-13  +2.2517512668535678e-12
+21   -5.0998707177505964e-13  -2.1360639944392646e-12
+22   +5.1800010138187738e-13  +2.0310605030379411e-12
+23   -5.2486436715819223e-13  -1.9352706518730157e-12
+24   +5.3078660364898051e-13  +1.8474980251817661e-12
+25   -5.3592806026660751e-13  -1.7667632875403536e-12
+26   +5.4043363023480768e-13  +1.6921885200365157e-12
+27   -5.4439430537096270e-13  -1.6230943240309090e-12
+28   +5.4790436739434429e-13  +1.5588547023653848e-12
+29   -5.5101472958848303e-13  -1.4989654785324708e-12
+30   +5.5379979557857817e-13  +1.4429823003426566e-12

