-30   +5.6849225160558505e-13  -2.7050289886708544e-12
-29   -5.3050089128919970e-13  +2.8047642305052802e-12
-28   +4.8837637799703259e-13  -2.9108064421321676e-12
-27   -4.4151901819928245e-13  +3.0237865448531708e-12
-26   +3.8917410647544200e-13  -3.1444184728722976e-12
-25   -3.3048585790373621e-13  +3.2735236554296164e-12
-24   +2.6435183174794816e-13  -3.4120108565426434e-12
-23   -1.8950217996994673e-13  +3.5609374696361737e-12
-22   +1.0431780615289712e-13  -3.7215052363076123e-12
-21   -6.8195509779155802e-15  +3.8950659159657118e-12
-20   -1.0544208234166834e-13  -4.0832008331579984e-12
-19   +2.3563337640339800e-13  +4.2876814994810409e-12
-18   -3.8772465359851501e-13  -4.5105088642963318e-12
-17   +5.6688369114527784e-13  +4.7539433904081006e-12
-16   -7.7985519014340087e-13  -5.0204565430679779e-12
-15   +1.0356117707357251e-12  +5.3126552214924813e-12
-14   -1.3462767353765726e-12  -5.6333621409273980e-12
-13   +1.7284378116632860e-12  +5.9838988318582160e-12
-12   -2.2049752074267598e-12  -6.3997468949194344e-12
-11   +2.8142876394342253e-12  +6.7856261619222303e-12
-10   -3.5198609880403449e-12  -1.1534827067198813e-11
 -9   +5.2325145679586138e-12  +8.6205469019247369e-12
 -8   +4.8517053578557241e-12  -5.7388492181988739e-10
 -7   +8.9313014668843336e-11  +8.9337264544283430e-11
 -6   -2.5411836768072176e-10  -7.8387955127034808e-08
 -5   +1.0155359498669417e-08  +3.3511308415887172e-09
 -4   -1.2580231002308343e-06  -1.1884281405242650e-05
 -3   +8.1447096086639824e-07  -6.2012693294096961e-07
 -2   -9.2844051749217638e-04  -1.8387896583126368e-03
 -1   -3.4232815127528870e-05  -1.2272336909525017e-04
 +0   -2.7807198337405314e-01  +0.0000000000000000e+00
 +1   -3.4232815127528870e-05  +1.2272336909525017e-04
 +2   -9.2844051749217638e-04  +1.8387896583126368e-03
 +3   +8.1447096086639824e-07  +6.2012693294096961e-07
 +4   -1.2580231002308343e-06  +1.1884281405242650e-05
 +5   +1.0155359498669417e-08  -3.3511308415887172e-09
 +6   -2.5411836768072176e-10  +7.8387955127034808e-08
 +7   +8.9313014668843336e-11  -8.9337264544283430e-11
 +8   +4.8517053578557241e-12  +5.7388492181988739e-10
 +9   +5.2325145679586138e-12  -8.6205469019247369e-12
+10   -3.5198609880403449e-12  +1.1534827067198813e-11
+11   +2.8142876394342253e-12  -6.7856261619222303e-12
+12   -2.2049752074267598e-12  +6.3997468949194344e-12
+13   +1.7284378116632860e-12  -5.9838988318582160e-12
+14   -1.3462767353765726e-12  +5.6333621409273980e-12
+15   +1.0356117707357251e-12  -5.3126552214924813e-12
+16   -7.7985519014340087e-13  +5.0204565430679779e-12
+17   +5.6688369114527784e-13  -4.7539433904081006e-12
+18   -3.8772465359851501e-13  +4.5105088642963318e-12
+19   +2.3563337640339800e-13  -4.2876814994810409e-12
+20   -1.0544208234166834e-13  +4.0832008331579984e-12
+21   -6.8195509779155802e-15  -3.8950659159657118e-12
+22   +1.0431780615289712e-13  +3.7215052363076123e-12
+23   -1.8950217996994673e-13  -3.5609374696361737e-12
+24   +2.6435183174794816e-13  +3.4120108565426434e-12
+25   -3.3048585790373621e-13  -3.2735236554296164e-12
+26   +3.8917410647544200e-13  +3.1444184728722976e-12
+27   -4.4151901819928245e-13  -3.0237865448531708e-12
+28   +4.8837637799703259e-13  +2.9108064421321676e-12
+29   -5.3050089128919970e-13  -2.8047642305052802e-12
+30   +5.6849225160558505e-13  +2.7050289886708544e-12

