-30   +1.5409411503361805e-15  -3.9392036204740067e-15
-29   -1.4899460032366758e-15  +4.0535412025288180e-15
-28   +1.5227693391131342e-15  -4.2153438632358606e-15
-27   -1.4761556572731856e-15  +4.4059538120158708e-15
-26   +1.4885803529831757e-15  -4.5877965725832204e-15
-25   -1.4225381878186100e-15  +4.7855864653307903e-15
-24   +1.5018851534842668e-15  -4.9755534971893497e-15
-23   -1.4469583785048852e-15  +5.2801358078300935e-15
-22   +1.4239331771105736e-15  -5.4849057691488256e-15
-21   -1.4084186309314049e-15  +5.8299436999217509e-15
-20   +1.3938998606443793e-15  -6.0661577353082754e-15
-19   -1.3728543641571777e-15  +6.5079723557553646e-15
-18   +1.2656754313250703e-15  -6.8727621656828834e-15
-17   -1.2517237843401004e-15  +7.3003252358068155e-15
-16   +1.3557879413253755e-15  -7.5888647400291152e-15
-15   -1.4678987587236953e-15  +8.1135525703552625e-15
-14   +1.7370609206244156e-14  +7.2615799146951565e-15
-13   -2.6325826921438965e-14  -1.5480614181590543e-14
-12   +2.2734793563282626e-12  +2.2615832040301483e-12
-11   -2.6356940447594049e-12  -2.6227021422666183e-12
-10   +3.2878138183128774e-10  +3.2872633204858372e-10
 -9   -2.5849697148798691e-10  -2.5843594690658143e-10
 -8   +5.0047415336315148e-08  +5.0041191764008296e-08
 -7   -2.2010284090329497e-08  -2.2005781940481769e-08
 -6   +8.2700005052290208e-06  +8.2689955249729734e-06
 -5   -1.0928412130817936e-06  -1.0924672039541321e-06
 -4   +1.5985033979278784e-03  +1.5983155927950371e-03
 -3   +1.6377515513063033e-04  +1.6379390153421192e-04
 -2   +4.7263623263743909e-01  +4.7258526426490299e-01
 -1   -1.9977122354904392e-04  -1.8839786903640965e-04
 +0   -3.0516430252401539e-03  +0.0000000000000000e+00
 +1   -1.9977122354904392e-04  +1.8839786903640965e-04
 +2   +4.7263623263743909e-01  -4.7258526426490299e-01
 +3   +1.6377515513063033e-04  -1.6379390153421192e-04
 +4   +1.5985033979278784e-03  -1.5983155927950371e-03
 +5   -1.0928412130817936e-06  +1.0924672039541321e-06
 +6   +8.2700005052290208e-06  -8.2689955249729734e-06
 +7   -2.2010284090329497e-08  +2.2005781940481769e-08
 +8   +5.0047415336315148e-08  -5.0041191764008296e-08
 +9   -2.5849697148798691e-10  +2.5843594690658143e-10
+10   +3.2878138183128774e-10  -3.2872633204858372e-10
+11   -2.6356940447594049e-12  +2.6227021422666183e-12
+12   +2.2734793563282626e-12  -2.2615832040301483e-12
+13   -2.6325826921438965e-14  +1.5480614181590543e-14
+14   +1.7370609206244156e-14  -7.2615799146951565e-15
+15   -1.4678987587236953e-15  -8.1135525703552625e-15
+16   +1.3557879413253755e-15  +7.5888647400291152e-15
+17   -1.2517237843401004e-15  -7.3003252358068155e-15
+18   +1.2656754313250703e-15  +6.8727621656828834e-15
+19   -1.3728543641571777e-15  -6.5079723557553646e-15
+20   +1.3938998606443793e-15  +6.0661577353082754e-15
+21   -1.4084186309314049e-15  -5.8299436999217509e-15
+22   +1.4239331771105736e-15  +5.4849057691488256e-15
+23   -1.4469583785048852e-15  -5.2801358078300935e-15
+24   +1.5018851534842668e-15  +4.9755534971893497e-15
+25   -1.4225381878186100e-15  -4.7855864653307903e-15
+26   +1.4885803529831757e-15  +4.5877965725832204e-15
+27   -1.4761556572731856e-15  -4.4059538120158708e-15
+28   +1.5227693391131342e-15  +4.2153438632358606e-15
+29   -1.4899460032366758e-15  -4.0535412025288180e-15
+30   +1.5409411503361805e-15  +3.9392036204740067e-15

