-30   -4.9518713561215812e-16  +8.3125898154168350e-16
-29   +4.9818938283219419e-16  -8.3304283547330126e-16
-28   -5.5780123135368481e-16  +8.8923549545467266e-16
-27   +5.3468493584896919e-16  -9.4171624932408734e-16
-26   -5.6374140409876981e-16  +9.6200784483909803e-16
-25   +5.6604920182249524e-16  -1.0185817353652435e-15
-24   -5.8348787749710106e-16  +1.0450029659763924e-15
-23   +6.0614412005238832e-16  -1.0999313734923035e-15
-22   -6.2271690796789160e-16  +1.1554511903694041e-15
-21   +6.4655619845247479e-16  -1.2238475937398505e-15
-20   -7.0667755477511333e-16  +1.2551027459428141e-15
-19   +7.6396941159229984e-16  -1.3583928232601312e-15
-18   -8.0219129440079535e-16  +1.4668684609820344e-15
-17   +8.3664645415702012e-16  -1.5676545409927551e-15
-16   -4.5002997758857482e-16  +1.1947474397634125e-15
-15   +7.8776482745690702e-16  -1.5956935837397831e-15
-14   +5.2764457590273199e-14  -5.1875022333230683e-14
-13   -1.7029809219186938e-14  +1.6142631864293417e-14
-12   +6.6795930794544007e-12  -6.6797327642559690e-12
-11   -1.6978633218376605e-12  +1.6974740566231689e-12
-10   +8.3835678406756628e-10  -8.3848132371108396e-10
 -9   -1.4285769081273688e-10  +1.4291225093687303e-10
 -8   +1.0665435968582708e-07  -1.0667035657979896e-07
 -7   -9.2142377343026675e-09  +9.2200258029949141e-09
 -6   +1.3843935646094640e-05  -1.3846020133948056e-05
 -5   -5.9781687374429143e-08  +6.0379206643106159e-08
 -4   +1.8561974162671370e-03  -1.8564787911865336e-03
 -3   +1.2283299697398410e-04  -1.2276886064427589e-04
 -2   +2.6445545660192288e-01  -2.6449610969095444e-01
 -1   -1.0200459408573600e-04  +1.1405677454608362e-04
 +0   -3.7938241164829148e-03  +0.0000000000000000e+00
 +1   -1.0200459408573600e-04  -1.1405677454608362e-04
 +2   +2.6445545660192288e-01  +2.6449610969095444e-01
 +3   +1.2283299697398410e-04  +1.2276886064427589e-04
 +4   +1.8561974162671370e-03  +1.8564787911865336e-03
 +5   -5.9781687374429143e-08  -6.0379206643106159e-08
 +6   +1.3843935646094640e-05  +1.3846020133948056e-05
 +7   -9.2142377343026675e-09  -9.2200258029949141e-09
 +8   +1.0665435968582708e-07  +1.0667035657979896e-07
 +9   -1.4285769081273688e-10  -1.4291225093687303e-10
+10   +8.3835678406756628e-10  +8.3848132371108396e-10
+11   -1.6978633218376605e-12  -1.6974740566231689e-12
+12   +6.6795930794544007e-12  +6.6797327642559690e-12
+13   -1.7029809219186938e-14  -1.6142631864293417e-14
+14   +5.2764457590273199e-14  +5.1875022333230683e-14
+15   +7.8776482745690702e-16  +1.5956935837397831e-15
+16   -4.5002997758857482e-16  -1.1947474397634125e-15
+17   +8.3664645415702012e-16  +1.5676545409927551e-15
+18   -8.0219129440079535e-16  -1.4668684609820344e-15
+19   +7.6396941159229984e-16  +1.3583928232601312e-15
+20   -7.0667755477511333e-16  -1.2551027459428141e-15
+21   +6.4655619845247479e-16  +1.2238475937398505e-15
+22   -6.2271690796789160e-16  -1.1554511903694041e-15
+23   +6.0614412005238832e-16  +1.0999313734923035e-15
+24   -5.8348787749710106e-16  -1.0450029659763924e-15
+25   +5.6604920182249524e-16  +1.0185817353652435e-15
+26   -5.6374140409876981e-16  -9.6200784483909803e-16
+27   +5.3468493584896919e-16  +9.4171624932408734e-16
+28   -5.5780123135368481e-16  -8.8923549545467266e-16
+29   +4.9818938283219419e-16  +8.3304283547330126e-16
+30   -4.9518713561215812e-16  -8.3125898154168350e-16

