-30   -3.4685524830215342e-17  -1.6747652892626926e-16
-29   +5.2229603299391259e-17  +1.3355178452514527e-16
-28   -6.1488049119070505e-17  -8.0525985488478481e-17
-27   +7.7060537122606111e-17  +9.1121276161502903e-17
-26   -7.0056804010787759e-17  -1.0671197913533655e-16
-25   +9.4089828583934473e-17  +1.7321887119220333e-16
-24   -1.1915491308196185e-16  -1.2362514003865590e-16
-23   +1.1418089041363397e-16  +1.2650632987368619e-16
-22   -1.3126816949793660e-16  -1.3427412790514817e-16
-21   +1.4793168276374518e-16  +1.2051410717210842e-16
-20   -2.8019369388048183e-16  -1.6176990458713175e-16
-19   +2.0558947427114959e-16  +1.4867032635490622e-16
-18   -2.0066669527336446e-16  -1.7476287741899419e-16
-17   +2.2929204659207671e-16  +1.5222699769035121e-16
-16   -2.6674471014038471e-16  -1.9284581983272715e-16
-15   +3.4556048436794926e-16  +2.1806060980002120e-16
-14   -3.7646830233664706e-16  -2.0641003096565231e-16
-13   +1.9701345433158680e-16  +2.3561123290066839e-16
-12   -4.6092788611651563e-16  -2.3313924183567900e-16
-11   -2.2440517319682807e-14  +2.3178035487100081e-16
-10   +3.2722641715330578e-15  -1.6566760149569019e-16
 -9   -2.6257875004646566e-12  +2.7030202122106907e-16
 -8   +3.4210282176319803e-13  -3.1497077408458537e-16
 -7   -2.9643235041931910e-10  +3.7134927112150702e-16
 -6   +2.5611384517361025e-11  -4.0383752672965472e-16
 -5   -3.2635536137393329e-08  +4.5528685030659772e-16
 -4   +9.2167009201064681e-10  -5.5883167562875877e-16
 -3   -3.3019180671198320e-06  +5.7825671283267049e-16
 -2   -5.8546961212208586e-07  -5.7819563911019547e-16
 -1   -4.2996782013358362e-07  +4.2492537453265812e-16
 +0   -6.9583133011988734e+00  +0.0000000000000000e+00
 +1   -4.2996782013358362e-07  -4.2492537453265812e-16
 +2   -5.8546961212208586e-07  +5.7819563911019547e-16
 +3   -3.3019180671198320e-06  -5.7825671283267049e-16
 +4   +9.2167009201064681e-10  +5.5883167562875877e-16
 +5   -3.2635536137393329e-08  -4.5528685030659772e-16
 +6   +2.5611384517361025e-11  +4.0383752672965472e-16
 +7   -2.9643235041931910e-10  -3.7134927112150702e-16
 +8   +3.4210282176319803e-13  +3.1497077408458537e-16
 +9   -2.6257875004646566e-12  -2.7030202122106907e-16
+10   +3.2722641715330578e-15  +1.6566760149569019e-16
+11   -2.2440517319682807e-14  -2.3178035487100081e-16
+12   -4.6092788611651563e-16  +2.3313924183567900e-16
+13   +1.9701345433158680e-16  -2.3561123290066839e-16
+14   -3.7646830233664706e-16  +2.0641003096565231e-16
+15   +3.4556048436794926e-16  -2.1806060980002120e-16
+16   -2.6674471014038471e-16  +1.9284581983272715e-16
+17   +2.2929204659207671e-16  -1.5222699769035121e-16
+18   -2.0066669527336446e-16  +1.7476287741899419e-16
+19   +2.0558947427114959e-16  -1.4867032635490622e-16
+20   -2.8019369388048183e-16  +1.6176990458713175e-16
+21   +1.4793168276374518e-16  -1.2051410717210842e-16
+22   -1.3126816949793660e-16  +1.3427412790514817e-16
+23   +1.1418089041363397e-16  -1.2650632987368619e-16
+24   -1.1915491308196185e-16  +1.2362514003865590e-16
+25   +9.4089828583934473e-17  -1.7321887119220333e-16
+26   -7.0056804010787759e-17  +1.0671197913533655e-16
+27   +7.7060537122606111e-17  -9.1121276161502903e-17
+28   -6.1488049119070505e-17  +8.0525985488478481e-17
+29   +5.2229603299391259e-17  -1.3355178452514527e-16
+30   -3.4685524830215342e-17  +1.6747652892626926e-16

