-30   +2.6379880189201823e-16  -6.4566128741735567e-16
-29   -2.6343631073922235e-16  +6.7010423991552484e-16
-28   +2.6297879686745184e-16  -6.9606727622273104e-16
-27   -2.6278309601450617e-16  +7.2377816634987180e-16
-26   +2.6279820911341523e-16  -7.5344864297688416e-16
-25   -2.6195112805008236e-16  +7.8542492726732996e-16
-24   +2.6141503331582750e-16  -8.1993966986794570e-16
-23   -2.6054964760176585e-16  +8.5773867229937596e-16
-22   +2.5958067993142304e-16  -8.9830346552595762e-16
-21   -2.5886080567605205e-16  +9.4171441147706855e-16
-20   +2.5800849048842939e-16  -9.9039834858799635e-16
-19   -2.5664022326676730e-16  +1.0431638133657870e-15
-18   +2.5466670097348158e-16  -1.1030250163741636e-15
-17   -2.5424856216756657e-16  +1.1680818703648532e-15
-16   +2.5180585807510972e-16  -1.2384885577216815e-15
-15   -2.4854879356097861e-16  +1.3231543304683905e-15
-14   +2.4510629120654272e-16  -1.4104629126377646e-15
-13   -2.4300343294723081e-16  +1.8124819611653805e-15
-12   +2.3916435515324533e-16  -1.7153458451659764e-15
-11   -2.3330191650056709e-16  +3.6827638358492015e-14
-10   +2.2716713706100997e-16  -8.8954189525351180e-15
 -9   -2.1686141283213791e-16  +4.1315119361114452e-12
 -8   +1.9979078432351427e-16  -5.1733245493716378e-13
 -7   -1.8469928433128303e-16  +4.8538912604689865e-10
 -6   +1.6071305878198983e-16  -2.0907689113465676e-11
 -5   -1.1084792308380362e-16  +5.6437697240239963e-08
 -4   +6.0150498635594816e-17  +3.3794103818980954e-09
 -3   +6.2997930861431915e-18  +6.1657849085580348e-06
 -2   -8.6535024991536021e-17  +1.7327054902283331e-06
 -1   +2.2429516121981902e-16  -2.8836970456903922e-06
 +0   -3.2695568819874531e-16  +0.0000000000000000e+00
 +1   +2.2429516121981902e-16  +2.8836970456903922e-06
 +2   -8.6535024991536021e-17  -1.7327054902283331e-06
 +3   +6.2997930861431915e-18  -6.1657849085580348e-06
 +4   +6.0150498635594816e-17  -3.3794103818980954e-09
 +5   -1.1084792308380362e-16  -5.6437697240239963e-08
 +6   +1.6071305878198983e-16  +2.0907689113465676e-11
 +7   -1.8469928433128303e-16  -4.8538912604689865e-10
 +8   +1.9979078432351427e-16  +5.1733245493716378e-13
 +9   -2.1686141283213791e-16  -4.1315119361114452e-12
+10   +2.2716713706100997e-16  +8.8954189525351180e-15
+11   -2.3330191650056709e-16  -3.6827638358492015e-14
+12   +2.3916435515324533e-16  +1.7153458451659764e-15
+13   -2.4300343294723081e-16  -1.8124819611653805e-15
+14   +2.4510629120654272e-16  +1.4104629126377646e-15
+15   -2.4854879356097861e-16  -1.3231543304683905e-15
+16   +2.5180585807510972e-16  +1.2384885577216815e-15
+17   -2.5424856216756657e-16  -1.1680818703648532e-15
+18   +2.5466670097348158e-16  +1.1030250163741636e-15
+19   -2.5664022326676730e-16  -1.0431638133657870e-15
+20   +2.5800849048842939e-16  +9.9039834858799635e-16
+21   -2.5886080567605205e-16  -9.4171441147706855e-16
+22   +2.5958067993142304e-16  +8.9830346552595762e-16
+23   -2.6054964760176585e-16  -8.5773867229937596e-16
+24   +2.6141503331582750e-16  +8.1993966986794570e-16
+25   -2.6195112805008236e-16  -7.8542492726732996e-16
+26   +2.6279820911341523e-16  +7.5344864297688416e-16
+27   -2.6278309601450617e-16  -7.2377816634987180e-16
+28   +2.6297879686745184e-16  +6.9606727622273104e-16
+29   -2.6343631073922235e-16  -6.7010423991552484e-16
+30   +2.6379880189201823e-16  +6.4566128741735567e-16

