-30   -1.9626155733547192e-18  -2.5045768988268307e-18
-29   +6.2517393150444793e-19  +2.0172847025159077e-18
-28   -7.6519217882184074e-20  -1.3318593415279989e-18
-27   +1.9814005211745284e-18  +1.5188609941873208e-18
-26   -1.6949980580740367e-18  -1.9290292387240444e-18
-25   +9.5374288300826173e-19  +2.9774245993537793e-18
-24   -2.6606696871749308e-18  -2.8894406669738565e-18
-23   +1.2160965613318178e-18  +2.1343854796004427e-18
-22   -2.7594868804991416e-18  -3.0185613700137027e-18
-21   +2.8154912940246568e-18  +2.3645513955391598e-18
-20   -2.5276547591739340e-18  -2.5276547591739337e-18
-19   +4.1936833456450857e-18  +3.8540989513867524e-18
-18   -3.6314772382247652e-18  -2.8558851442687863e-18
-17   +5.1140379316259940e-18  +4.0406884002603636e-18
-16   -4.3849123781418616e-18  -4.4607666628834354e-18
-15   +6.9381999930397591e-18  +2.8649537251478751e-18
-14   -7.6062869275863494e-18  -4.6380732417723722e-18
-13   +4.7527086879256178e-18  +5.2754171505966744e-18
-12   -8.6271544357991081e-18  -4.3661669072261818e-18
-11   -4.6259242447450558e-16  +4.2686310742643456e-18
-10   +9.1880376751823001e-17  -4.6468587568165540e-18
 -9   -5.4229037453115143e-14  +6.3197425697675915e-18
 -8   +8.7354095848156682e-15  -6.9733985321531217e-18
 -7   -6.1218940782166592e-12  +7.9073285979249652e-18
 -6   +6.1736384329300463e-13  -8.6094739975768649e-18
 -5   -6.7399238240775073e-10  +1.0048767577020705e-17
 -4   +1.8997331849450201e-11  -1.0673343446482164e-17
 -3   -6.8195924325185517e-08  +1.1444754220827211e-17
 -2   -1.2091877924945756e-08  -1.2171898229503348e-17
 -1   -8.8803112923190001e-09  +9.4000668482796306e-18
 +0   +1.4371298858117809e-01  +0.0000000000000000e+00
 +1   -8.8803112923190001e-09  -9.4000668482796306e-18
 +2   -1.2091877924945756e-08  +1.2171898229503348e-17
 +3   -6.8195924325185517e-08  -1.1444754220827211e-17
 +4   +1.8997331849450201e-11  +1.0673343446482164e-17
 +5   -6.7399238240775073e-10  -1.0048767577020705e-17
 +6   +6.1736384329300463e-13  +8.6094739975768649e-18
 +7   -6.1218940782166592e-12  -7.9073285979249652e-18
 +8   +8.7354095848156682e-15  +6.9733985321531217e-18
 +9   -5.4229037453115143e-14  -6.3197425697675915e-18
+10   +9.1880376751823001e-17  +4.6468587568165540e-18
+11   -4.6259242447450558e-16  -4.2686310742643456e-18
+12   -8.6271544357991081e-18  +4.3661669072261818e-18
+13   +4.7527086879256178e-18  -5.2754171505966744e-18
+14   -7.6062869275863494e-18  +4.6380732417723722e-18
+15   +6.9381999930397591e-18  -2.8649537251478751e-18
+16   -4.3849123781418616e-18  +4.4607666628834354e-18
+17   +5.1140379316259940e-18  -4.0406884002603636e-18
+18   -3.6314772382247652e-18  +2.8558851442687863e-18
+19   +4.1936833456450857e-18  -3.8540989513867524e-18
+20   -2.5276547591739340e-18  +2.5276547591739337e-18
+21   +2.8154912940246568e-18  -2.3645513955391598e-18
+22   -2.7594868804991416e-18  +3.0185613700137027e-18
+23   +1.2160965613318178e-18  -2.1343854796004427e-18
+24   -2.6606696871749308e-18  +2.8894406669738565e-18
+25   +9.5374288300826173e-19  -2.9774245993537793e-18
+26   -1.6949980580740367e-18  +1.9290292387240444e-18
+27   +1.9814005211745284e-18  -1.5188609941873208e-18
+28   -7.6519217882184074e-20  +1.3318593415279989e-18
+29   +6.2517393150444793e-19  -2.0172847025159077e-18
+30   -1.9626155733547192e-18  +2.5045768988268307e-18

