-30   -5.6672105893236085e-17  -7.4540875781962269e-17
-29   +5.8975897588597102e-17  +9.5096133658341895e-17
-28   -6.7626160551150838e-17  -1.0086535485052299e-16
-27   +7.3981797399605154e-17  +9.9675912043758532e-17
-26   -7.8683327445669950e-17  -1.0560082391361013e-16
-25   +8.5841533598474883e-17  +1.1721834304323685e-16
-24   -9.5269744801687298e-17  -1.1730068101343898e-16
-23   +1.1223685180272760e-16  +1.2134111017591760e-16
-22   -1.1922160409139597e-16  -1.1819133312671810e-16
-21   +1.4380186648487355e-16  +1.3464369273968055e-16
-20   -1.5093337576368634e-16  -1.5093337576368634e-16
-19   +1.7892577776617927e-16  +1.4687249103551767e-16
-18   -2.0208648919792588e-16  -1.5488468196627196e-16
-17   +2.2483269558466900e-16  +1.6575802360108839e-16
-16   -2.6425353939991066e-16  -1.6871580756382950e-16
-15   +2.9385616948044098e-16  +1.8430043127112930e-16
-14   -3.4925663699278546e-16  -1.9237294765175058e-16
-13   +1.9945897945896076e-16  +2.1385291959732053e-16
-12   -4.4124761617569074e-16  -2.2581927740918310e-16
-11   -2.2440403423588087e-14  +2.4660036843832331e-16
-10   +3.2610142062120167e-15  -2.7198036235081641e-16
 -9   -2.6257605794730016e-12  +2.9489693619232404e-16
 -8   +3.4209114741728602e-13  -3.3161123759142632e-16
 -7   -2.9643234834650173e-10  +3.7301048111893331e-16
 -6   +2.5611365644111548e-11  -4.1936015328358604e-16
 -5   -3.2635536081985794e-08  +4.7847915536377462e-16
 -4   +9.2167008644130075e-10  -5.3520890623183862e-16
 -3   -3.3019180671419234e-06  +5.7337680208317314e-16
 -2   -5.8546961211948896e-07  -5.5609220452752845e-16
 -1   -4.2996782010459132e-07  +3.9925148345211780e-16
 +0   -9.9999998740131824e-01  +0.0000000000000000e+00
 +1   -4.2996782010459132e-07  -3.9925148345211780e-16
 +2   -5.8546961211948896e-07  +5.5609220452752845e-16
 +3   -3.3019180671419234e-06  -5.7337680208317314e-16
 +4   +9.2167008644130075e-10  +5.3520890623183862e-16
 +5   -3.2635536081985794e-08  -4.7847915536377462e-16
 +6   +2.5611365644111548e-11  +4.1936015328358604e-16
 +7   -2.9643234834650173e-10  -3.7301048111893331e-16
 +8   +3.4209114741728602e-13  +3.3161123759142632e-16
 +9   -2.6257605794730016e-12  -2.9489693619232404e-16
+10   +3.2610142062120167e-15  +2.7198036235081641e-16
+11   -2.2440403423588087e-14  -2.4660036843832331e-16
+12   -4.4124761617569074e-16  +2.2581927740918310e-16
+13   +1.9945897945896076e-16  -2.1385291959732053e-16
+14   -3.4925663699278546e-16  +1.9237294765175058e-16
+15   +2.9385616948044098e-16  -1.8430043127112930e-16
+16   -2.6425353939991066e-16  +1.6871580756382950e-16
+17   +2.2483269558466900e-16  -1.6575802360108839e-16
+18   -2.0208648919792588e-16  +1.5488468196627196e-16
+19   +1.7892577776617927e-16  -1.4687249103551767e-16
+20   -1.5093337576368634e-16  +1.5093337576368634e-16
+21   +1.4380186648487355e-16  -1.3464369273968055e-16
+22   -1.1922160409139597e-16  +1.1819133312671810e-16
+23   +1.1223685180272760e-16  -1.2134111017591760e-16
+24   -9.5269744801687298e-17  +1.1730068101343898e-16
+25   +8.5841533598474883e-17  -1.1721834304323685e-16
+26   -7.8683327445669950e-17  +1.0560082391361013e-16
+27   +7.3981797399605154e-17  -9.9675912043758532e-17
+28   -6.7626160551150838e-17  +1.0086535485052299e-16
+29   +5.8975897588597102e-17  -9.5096133658341895e-17
+30   -5.6672105893236085e-17  +7.4540875781962269e-17

