-30   -5.3606309666178510e-17  -7.4540875781962060e-17
-29   +5.9650739474992516e-17  +9.6970353428662822e-17
-28   -7.5700966226509745e-17  -9.6350322636528028e-17
-27   +6.9986856428398789e-17  +1.0286597459549430e-16
-26   -7.8832409680668601e-17  -1.1250218686397484e-16
-25   +9.2585623421630143e-17  +1.0096501945638926e-16
-24   -8.2436180646069439e-17  -1.1658881235630152e-16
-23   +1.3285411217022151e-16  +1.2498853867142692e-16
-22   -1.1505508666422045e-16  -1.2473856873184535e-16
-21   +1.4229725012107653e-16  +1.3304035588014113e-16
-20   -1.3811362452112926e-16  -1.4353188893285196e-16
-19   +1.7677562065156702e-16  +1.4259647746869189e-16
-18   -1.9504842741655244e-16  -1.5298836184228169e-16
-17   +2.1396456810474380e-16  +1.6669393366619268e-16
-16   -2.7491948615309981e-16  -1.7009852591173914e-16
-15   +3.1483490009688823e-16  +1.7456382596690747e-16
-14   -3.4673482685647576e-16  -1.9489975073572784e-16
-13   +2.0320774215154169e-16  +2.1204500961740416e-16
-12   -3.4180556874785059e-16  -2.2439156984337664e-16
-11   -2.2450628681104969e-14  +2.4317834167548982e-16
-10   +1.0897495519786513e-14  -2.5799695876028473e-16
 -9   -2.6249621350314412e-12  +2.9267420550729827e-16
 -8   +9.0424830723350325e-13  -3.3215288904512002e-16
 -7   -2.9628146591448378e-10  +3.6856186740698618e-16
 -6   +5.5394278799499579e-11  -4.1605423096280129e-16
 -5   -3.2620998402444422e-08  +4.7313448268397384e-16
 -4   +9.0876294344339401e-10  -5.3310364480164493e-16
 -3   -3.3019226939723864e-06  +5.7379997621431743e-16
 -2   -5.8544480382465956e-07  -5.6199441480729122e-16
 -1   -4.2996917522437368e-07  +3.9763246467673596e-16
 +0   +1.0000000125722068e+00  +0.0000000000000000e+00
 +1   -4.2996917522437368e-07  -3.9763246467673596e-16
 +2   -5.8544480382465956e-07  +5.6199441480729122e-16
 +3   -3.3019226939723864e-06  -5.7379997621431743e-16
 +4   +9.0876294344339401e-10  +5.3310364480164493e-16
 +5   -3.2620998402444422e-08  -4.7313448268397384e-16
 +6   +5.5394278799499579e-11  +4.1605423096280129e-16
 +7   -2.9628146591448378e-10  -3.6856186740698618e-16
 +8   +9.0424830723350325e-13  +3.3215288904512002e-16
 +9   -2.6249621350314412e-12  -2.9267420550729827e-16
+10   +1.0897495519786513e-14  +2.5799695876028473e-16
+11   -2.2450628681104969e-14  -2.4317834167548982e-16
+12   -3.4180556874785059e-16  +2.2439156984337664e-16
+13   +2.0320774215154169e-16  -2.1204500961740416e-16
+14   -3.4673482685647576e-16  +1.9489975073572784e-16
+15   +3.1483490009688823e-16  -1.7456382596690747e-16
+16   -2.7491948615309981e-16  +1.7009852591173914e-16
+17   +2.1396456810474380e-16  -1.6669393366619268e-16
+18   -1.9504842741655244e-16  +1.5298836184228169e-16
+19   +1.7677562065156702e-16  -1.4259647746869189e-16
+20   -1.3811362452112926e-16  +1.4353188893285196e-16
+21   +1.4229725012107653e-16  -1.3304035588014113e-16
+22   -1.1505508666422045e-16  +1.2473856873184535e-16
+23   +1.3285411217022151e-16  -1.2498853867142692e-16
+24   -8.2436180646069439e-17  +1.1658881235630152e-16
+25   +9.2585623421630143e-17  -1.0096501945638926e-16
+26   -7.8832409680668601e-17  +1.1250218686397484e-16
+27   +6.9986856428398789e-17  -1.0286597459549430e-16
+28   -7.5700966226509745e-17  +9.6350322636528028e-17
+29   +5.9650739474992516e-17  -9.6970353428662822e-17
+30   -5.3606309666178510e-17  +7.4540875781962060e-17

