-30   -3.5738983755145913e-14  -8.7801926467463967e-15
-29   -5.5771932388067197e-15  -2.6555253889861454e-14
-28   -5.3418152598575481e-15  +2.6985816743329771e-16
-27   +1.6742503063181713e-14  +1.2884423492437058e-14
-26   -1.0428815984563652e-14  -9.3520115487775654e-15
-25   +1.1399552063818968e-14  -1.4506170429129740e-15
-24   +1.7863621858259069e-14  +2.3314955646570503e-14
-23   -2.0446106554478132e-14  -2.1477242083328830e-14
-22   +3.3678562115626815e-14  -3.5734574404280308e-14
-21   +8.2622592248349196e-14  -9.4082742186351012e-15
-20   -5.9971010263118711e-15  -1.0783846374977054e-14
-19   +2.3331477616174879e-14  +1.1015532073295450e-14
-18   -3.1854524153396493e-14  +2.3498447033192753e-15
-17   +7.1418634597352191e-14  -2.5366653963709647e-14
-16   -5.7558310552431830e-14  +7.9212079266088497e-14
-15   -4.2275085481277251e-12  -1.8655700182819408e-14
-14   +1.1711356916653459e-12  -4.1018782367214098e-14
-13   -4.8394558538639162e-10  -1.0347316024625155e-14
-12   +1.0558286633202044e-10  +1.3749966448769552e-14
-11   -5.6222925375428765e-08  +4.5995159841309705e-14
-10   +9.0398700543884274e-09  +4.4005550267080897e-15
 -9   -6.5256470340830117e-06  -7.9815602417651353e-14
 -8   +6.7892936219007384e-07  -2.6450852748399625e-14
 -7   -7.5638893715239365e-04  +1.4159612623230748e-14
 -6   +3.6477849882216743e-05  +1.3299553185532208e-14
 -5   -8.7478811617934582e-02  +2.4481805471765482e-14
 -4   -4.6916786062874621e-04  +2.0198189787296117e-14
 -3   -1.0078216403313036e+01  +1.3125176207552456e-14
 -2   -5.1745334491857420e-01  +3.4772839398629063e-15
 -1   -1.1575926174605261e+03  +6.9438143507780026e-14
 +0   -6.5097042812449013e+00  +0.0000000000000000e+00
 +1   -1.1575926174605261e+03  -6.9438143507780026e-14
 +2   -5.1745334491857420e-01  -3.4772839398629063e-15
 +3   -1.0078216403313036e+01  -1.3125176207552456e-14
 +4   -4.6916786062874621e-04  -2.0198189787296117e-14
 +5   -8.7478811617934582e-02  -2.4481805471765482e-14
 +6   +3.6477849882216743e-05  -1.3299553185532208e-14
 +7   -7.5638893715239365e-04  -1.4159612623230748e-14
 +8   +6.7892936219007384e-07  +2.6450852748399625e-14
 +9   -6.5256470340830117e-06  +7.9815602417651353e-14
+10   +9.0398700543884274e-09  -4.4005550267080897e-15
+11   -5.6222925375428765e-08  -4.5995159841309705e-14
+12   +1.0558286633202044e-10  -1.3749966448769552e-14
+13   -4.8394558538639162e-10  +1.0347316024625155e-14
+14   +1.1711356916653459e-12  +4.1018782367214098e-14
+15   -4.2275085481277251e-12  +1.8655700182819408e-14
+16   -5.7558310552431830e-14  -7.9212079266088497e-14
+17   +7.1418634597352191e-14  +2.5366653963709647e-14
+18   -3.1854524153396493e-14  -2.3498447033192753e-15
+19   +2.3331477616174879e-14  -1.1015532073295450e-14
+20   -5.9971010263118711e-15  +1.0783846374977054e-14
+21   +8.2622592248349196e-14  +9.4082742186351012e-15
+22   +3.3678562115626815e-14  +3.5734574404280308e-14
+23   -2.0446106554478132e-14  +2.1477242083328830e-14
+24   +1.7863621858259069e-14  -2.3314955646570503e-14
+25   +1.1399552063818968e-14  +1.4506170429129740e-15
+26   -1.0428815984563652e-14  +9.3520115487775654e-15
+27   +1.6742503063181713e-14  -1.2884423492437058e-14
+28   -5.3418152598575481e-15  -2.6985816743329771e-16
+29   -5.5771932388067197e-15  +2.6555253889861454e-14
+30   -3.5738983755145913e-14  +8.7801926467463967e-15

