-30   +9.5894571177847854e-15  -1.3997494318973224e-14
-29   +4.2293497444939882e-14  -2.0299260208709823e-15
-28   +1.3528334257464931e-14  -1.2040864709421947e-14
-27   +8.9789993237492542e-15  -1.6764316889490468e-14
-26   +3.8618362589715103e-15  +8.7569342037773659e-15
-25   +1.7141140969593896e-14  -7.7680932879889859e-15
-24   +1.3955172215014862e-14  -6.6493088984601823e-15
-23   -4.2090735567639740e-15  +2.6119817773263330e-15
-22   +1.9483529682383150e-14  +7.7267289627401677e-15
-21   -2.7979790627050972e-14  -1.9775616796317233e-14
-20   -1.6323443693665543e-14  -3.3116560239786007e-14
-19   +2.8985220552855205e-14  +1.7747040513134682e-14
-18   -2.3109718815651996e-14  +1.4737390119755840e-14
-17   -3.5369255586439072e-15  -3.5582053592506296e-14
-16   +4.5080267591655692e-14  +3.1583731596518731e-14
-15   -4.6060296734440545e-14  +4.1367500977627666e-12
-14   +5.9346908487598973e-14  -1.1449728490958526e-12
-13   -8.2484160183688977e-14  +4.8399390411978256e-10
-12   +3.1635701280782199e-14  -1.0558225245025344e-10
-11   +1.0400727995982718e-14  +5.6230579313866772e-08
-10   +4.9600260232818894e-14  -9.0425128849884658e-09
 -9   -2.2633843590309317e-16  +6.5268380797304241e-06
 -8   +3.3368639960164865e-14  -6.7925398401193993e-07
 -7   -4.7438585188692834e-14  +7.5658618558702140e-04
 -6   +2.0009911548785899e-14  -3.6520051953614102e-05
 -5   -1.2766639597335445e-14  +8.7515246163365229e-02
 -4   -1.9699478763656518e-14  +4.6352638045134542e-04
 -3   +2.9793482304659504e-14  +1.0086526392201405e+01
 -2   -1.6601812708571935e-14  +5.1667066500701286e-01
 -1   +1.0651229917198638e-13  +1.1611076117928751e+03
 +0   -1.0954200509634878e-15  +0.0000000000000000e+00
 +1   +1.0651229917198638e-13  -1.1611076117928751e+03
 +2   -1.6601812708571935e-14  -5.1667066500701286e-01
 +3   +2.9793482304659504e-14  -1.0086526392201405e+01
 +4   -1.9699478763656518e-14  -4.6352638045134542e-04
 +5   -1.2766639597335445e-14  -8.7515246163365229e-02
 +6   +2.0009911548785899e-14  +3.6520051953614102e-05
 +7   -4.7438585188692834e-14  -7.5658618558702140e-04
 +8   +3.3368639960164865e-14  +6.7925398401193993e-07
 +9   -2.2633843590309317e-16  -6.5268380797304241e-06
+10   +4.9600260232818894e-14  +9.0425128849884658e-09
+11   +1.0400727995982718e-14  -5.6230579313866772e-08
+12   +3.1635701280782199e-14  +1.0558225245025344e-10
+13   -8.2484160183688977e-14  -4.8399390411978256e-10
+14   +5.9346908487598973e-14  +1.1449728490958526e-12
+15   -4.6060296734440545e-14  -4.1367500977627666e-12
+16   +4.5080267591655692e-14  -3.1583731596518731e-14
+17   -3.5369255586439072e-15  +3.5582053592506296e-14
+18   -2.3109718815651996e-14  -1.4737390119755840e-14
+19   +2.8985220552855205e-14  -1.7747040513134682e-14
+20   -1.6323443693665543e-14  +3.3116560239786007e-14
+21   -2.7979790627050972e-14  +1.9775616796317233e-14
+22   +1.9483529682383150e-14  -7.7267289627401677e-15
+23   -4.2090735567639740e-15  -2.6119817773263330e-15
+24   +1.3955172215014862e-14  +6.6493088984601823e-15
+25   +1.7141140969593896e-14  +7.7680932879889859e-15
+26   +3.8618362589715103e-15  -8.7569342037773659e-15
+27   +8.9789993237492542e-15  +1.6764316889490468e-14
+28   +1.3528334257464931e-14  +1.2040864709421947e-14
+29   +4.2293497444939882e-14  +2.0299260208709823e-15
+30   +9.5894571177847854e-15  +1.3997494318973224e-14

