-30   -6.1694962694295853e-21  -2.5554890278138489e-21
-29   -3.2114392559297383e-21  -2.6828562343685118e-21
-28   -4.2495139747675808e-21  +4.0913235175065443e-21
-27   +3.3338123147670846e-21  +1.2058754701265052e-21
-26   +3.1928790319896624e-22  +4.3410526077181017e-21
-25   -6.7867855634924558e-21  -4.0173118561176694e-21
-24   +2.5794952006790729e-21  -3.7245355978934372e-24
-23   +5.0824761480614579e-21  +1.6106387347420768e-21
-22   +5.1145257129247722e-21  +4.4685659890965087e-22
-21   -3.7529986418793187e-21  -1.1590696577691164e-21
-20   +6.2596441614048303e-21  -3.6140072416183488e-21
-19   -1.3561358414330664e-22  -1.6055783559616968e-21
-18   +4.5903458372629127e-21  +3.0867129485452697e-21
-17   -2.8047568689163305e-21  -1.2411759657120989e-21
-16   +9.5552624273889333e-21  +1.9372003418586777e-22
-15   +3.2273994066032712e-23  +1.2207692569846284e-21
-14   -3.1786129191936770e-20  +2.0719262313691450e-21
-13   +2.3804685936622715e-20  +7.2160678650571812e-22
-12   -4.1803483855912921e-18  -2.0701399254777415e-21
-11   +2.9892235603880884e-18  -1.4987049618249796e-21
-10   -6.4643756637009486e-16  -9.3537390324262349e-22
 -9   +4.2909294505680242e-16  -4.5337219205508507e-23
 -8   -1.0658433973975932e-13  -1.5135471070034841e-21
 -7   +6.5770525562152145e-14  -1.3917541455684720e-22
 -6   -1.9496156991293086e-11  +1.9262532306302481e-22
 -5   +1.1201049689062479e-11  -4.7391891479547891e-22
 -4   -4.3219177856329208e-09  -2.0571154653581246e-21
 -3   +2.2625751379428226e-09  -4.7078295246278441e-22
 -2   -1.5469695078121792e-06  +3.4940109074239887e-22
 -1   -6.9393697400280888e-07  +7.5968267456870060e-22
 +0   +4.3127760211534081e-04  +0.0000000000000000e+00
 +1   -6.9393697400280888e-07  -7.5968267456870060e-22
 +2   -1.5469695078121792e-06  -3.4940109074239887e-22
 +3   +2.2625751379428226e-09  +4.7078295246278441e-22
 +4   -4.3219177856329208e-09  +2.0571154653581246e-21
 +5   +1.1201049689062479e-11  +4.7391891479547891e-22
 +6   -1.9496156991293086e-11  -1.9262532306302481e-22
 +7   +6.5770525562152145e-14  +1.3917541455684720e-22
 +8   -1.0658433973975932e-13  +1.5135471070034841e-21
 +9   +4.2909294505680242e-16  +4.5337219205508507e-23
+10   -6.4643756637009486e-16  +9.3537390324262349e-22
+11   +2.9892235603880884e-18  +1.4987049618249796e-21
+12   -4.1803483855912921e-18  +2.0701399254777415e-21
+13   +2.3804685936622715e-20  -7.2160678650571812e-22
+14   -3.1786129191936770e-20  -2.0719262313691450e-21
+15   +3.2273994066032712e-23  -1.2207692569846284e-21
+16   +9.5552624273889333e-21  -1.9372003418586777e-22
+17   -2.8047568689163305e-21  +1.2411759657120989e-21
+18   +4.5903458372629127e-21  -3.0867129485452697e-21
+19   -1.3561358414330664e-22  +1.6055783559616968e-21
+20   +6.2596441614048303e-21  +3.6140072416183488e-21
+21   -3.7529986418793187e-21  +1.1590696577691164e-21
+22   +5.1145257129247722e-21  -4.4685659890965087e-22
+23   +5.0824761480614579e-21  -1.6106387347420768e-21
+24   +2.5794952006790729e-21  +3.7245355978934372e-24
+25   -6.7867855634924558e-21  +4.0173118561176694e-21
+26   +3.1928790319896624e-22  -4.3410526077181017e-21
+27   +3.3338123147670846e-21  -1.2058754701265052e-21
+28   -4.2495139747675808e-21  -4.0913235175065443e-21
+29   -3.2114392559297383e-21  +2.6828562343685118e-21
+30   -6.1694962694295853e-21  +2.5554890278138489e-21

