-30   -4.8954839394092418e-14  -5.0719046293037949e-15
-29   +1.4875197553800000e-14  -4.3366112218460798e-14
-28   +1.7450389384161064e-15  +1.4014273983343139e-14
-27   +1.5203068445587035e-14  +2.8363896110513592e-14
-26   -5.3944375248269480e-14  -1.9663486607856659e-14
-25   +3.1249584305527352e-15  +4.6741254699763414e-15
-24   -2.7097511337728765e-14  +2.1274897250913896e-14
-23   -2.0762438292648022e-14  -9.1748446921106310e-15
-22   +2.8256980866505974e-14  -3.2584150210644418e-14
-21   +7.0052438449351062e-15  +7.6772755181209065e-15
-20   +6.7711068794835417e-15  -1.0737388148625074e-14
-19   +2.3803090034386037e-15  +4.4937395502878813e-14
-18   -3.7245595758472251e-14  -2.4366012052659585e-15
-17   +6.2181564386953025e-14  -2.9278298746898307e-14
-16   -3.2627819665318488e-14  +7.8841788084190380e-14
-15   -4.2127642909650806e-12  -1.8122531104212165e-14
-14   +1.1767346563524909e-12  -1.7815467776370115e-14
-13   -4.8393764335234343e-10  -1.6544511023002490e-14
-12   +1.0557956927613287e-10  +7.3619821145452708e-15
-11   -5.6222898723000636e-08  +6.3640135213247633e-14
-10   +9.0398645616496239e-09  +4.3217563696541445e-15
 -9   -6.5256444191604764e-06  -7.0811819119403612e-14
 -8   +6.7892902487155107e-07  -1.6823613319838114e-14
 -7   -7.5638864073089909e-04  +1.9490084472739439e-14
 -6   +3.6477824285364814e-05  +9.8707096614070390e-15
 -5   -8.7478778982392522e-02  +2.3112530408061124e-14
 -4   -4.6916878231318429e-04  +1.2980542083832003e-14
 -3   -1.0078213101394965e+01  +1.5811915927145335e-14
 -2   -5.1745275944897151e-01  -1.2544159491331957e-14
 -1   -1.1575926170305581e+03  +7.2280314450820429e-14
 +0   -6.5097042938435923e+00  +0.0000000000000000e+00
 +1   -1.1575926170305581e+03  -7.2280314450820429e-14
 +2   -5.1745275944897151e-01  +1.2544159491331957e-14
 +3   -1.0078213101394965e+01  -1.5811915927145335e-14
 +4   -4.6916878231318429e-04  -1.2980542083832003e-14
 +5   -8.7478778982392522e-02  -2.3112530408061124e-14
 +6   +3.6477824285364814e-05  -9.8707096614070390e-15
 +7   -7.5638864073089909e-04  -1.9490084472739439e-14
 +8   +6.7892902487155107e-07  +1.6823613319838114e-14
 +9   -6.5256444191604764e-06  +7.0811819119403612e-14
+10   +9.0398645616496239e-09  -4.3217563696541445e-15
+11   -5.6222898723000636e-08  -6.3640135213247633e-14
+12   +1.0557956927613287e-10  -7.3619821145452708e-15
+13   -4.8393764335234343e-10  +1.6544511023002490e-14
+14   +1.1767346563524909e-12  +1.7815467776370115e-14
+15   -4.2127642909650806e-12  +1.8122531104212165e-14
+16   -3.2627819665318488e-14  -7.8841788084190380e-14
+17   +6.2181564386953025e-14  +2.9278298746898307e-14
+18   -3.7245595758472251e-14  +2.4366012052659585e-15
+19   +2.3803090034386037e-15  -4.4937395502878813e-14
+20   +6.7711068794835417e-15  +1.0737388148625074e-14
+21   +7.0052438449351062e-15  -7.6772755181209065e-15
+22   +2.8256980866505974e-14  +3.2584150210644418e-14
+23   -2.0762438292648022e-14  +9.1748446921106310e-15
+24   -2.7097511337728765e-14  -2.1274897250913896e-14
+25   +3.1249584305527352e-15  -4.6741254699763414e-15
+26   -5.3944375248269480e-14  +1.9663486607856659e-14
+27   +1.5203068445587035e-14  -2.8363896110513592e-14
+28   +1.7450389384161064e-15  -1.4014273983343139e-14
+29   +1.4875197553800000e-14  +4.3366112218460798e-14
+30   -4.8954839394092418e-14  +5.0719046293037949e-15

