-30   +7.4662450300410392e-15  -1.6756648986371623e-14
-29   +3.7694873657420600e-14  +3.7914106967604069e-14
-28   +3.7767991256828075e-15  -2.8084259723845251e-14
-27   +1.8984467981869476e-14  -1.8282138887737010e-15
-26   -2.4058700971541067e-15  -3.5445533869000659e-14
-25   +1.6448128886185289e-14  -1.0651449677425423e-14
-24   +3.3215912309383239e-14  +8.9725241640491616e-15
-23   +1.6199949481543221e-15  +4.4812185171866752e-15
-22   +1.9856757830878884e-14  -1.8191209823335244e-15
-21   -6.7714091270244359e-15  -2.7230479880981154e-14
-20   -1.5531446449758531e-14  -3.5058368650684933e-14
-19   +2.3574785621377557e-14  +2.4773727239209570e-14
-18   -1.6691746154469101e-14  +2.3514118816736046e-14
-17   +5.5061422421283305e-15  -3.6701194287748082e-14
-16   +4.6857812936744972e-14  +2.9292068083893509e-14
-15   -4.5118922590815197e-14  +4.1182983111259001e-12
-14   +5.3140871613535069e-14  -1.1186692094049622e-12
-13   -8.4804683637996203e-14  +4.8401587683112277e-10
-12   +3.4638367918335253e-14  -1.0556940508349878e-10
-11   -2.0454065441845588e-14  +5.6230546167127055e-08
-10   +5.1844672573295835e-14  -9.0425136043531033e-09
 -9   -2.1017530780425096e-14  +6.5268339063654040e-06
 -8   +2.2117835832743382e-14  -6.7925347123840175e-07
 -7   -4.9951510133501888e-14  +7.5658570018932974e-04
 -6   +7.0807061114264681e-14  -3.6520031055450267e-05
 -5   -8.2091740812491779e-15  +8.7515189725673473e-02
 -4   -3.9895445696612147e-14  +4.6352300106297845e-04
 -3   +3.8038738634208998e-14  +1.0086520226416500e+01
 -2   -8.7312566498334293e-15  +5.1666893230150224e-01
 -1   +1.1882837325849479e-13  +1.1611076146765722e+03
 +0   +2.3980817331903383e-15  +0.0000000000000000e+00
 +1   +1.1882837325849479e-13  -1.1611076146765722e+03
 +2   -8.7312566498334293e-15  -5.1666893230150224e-01
 +3   +3.8038738634208998e-14  -1.0086520226416500e+01
 +4   -3.9895445696612147e-14  -4.6352300106297845e-04
 +5   -8.2091740812491779e-15  -8.7515189725673473e-02
 +6   +7.0807061114264681e-14  +3.6520031055450267e-05
 +7   -4.9951510133501888e-14  -7.5658570018932974e-04
 +8   +2.2117835832743382e-14  +6.7925347123840175e-07
 +9   -2.1017530780425096e-14  -6.5268339063654040e-06
+10   +5.1844672573295835e-14  +9.0425136043531033e-09
+11   -2.0454065441845588e-14  -5.6230546167127055e-08
+12   +3.4638367918335253e-14  +1.0556940508349878e-10
+13   -8.4804683637996203e-14  -4.8401587683112277e-10
+14   +5.3140871613535069e-14  +1.1186692094049622e-12
+15   -4.5118922590815197e-14  -4.1182983111259001e-12
+16   +4.6857812936744972e-14  -2.9292068083893509e-14
+17   +5.5061422421283305e-15  +3.6701194287748082e-14
+18   -1.6691746154469101e-14  -2.3514118816736046e-14
+19   +2.3574785621377557e-14  -2.4773727239209570e-14
+20   -1.5531446449758531e-14  +3.5058368650684933e-14
+21   -6.7714091270244359e-15  +2.7230479880981154e-14
+22   +1.9856757830878884e-14  +1.8191209823335244e-15
+23   +1.6199949481543221e-15  -4.4812185171866752e-15
+24   +3.3215912309383239e-14  -8.9725241640491616e-15
+25   +1.6448128886185289e-14  +1.0651449677425423e-14
+26   -2.4058700971541067e-15  +3.5445533869000659e-14
+27   +1.8984467981869476e-14  +1.8282138887737010e-15
+28   +3.7767991256828075e-15  +2.8084259723845251e-14
+29   +3.7694873657420600e-14  -3.7914106967604069e-14
+30   +7.4662450300410392e-15  +1.6756648986371623e-14

