-30   -5.1109780556213512e-21  -1.8426353550834493e-32
-29   -4.8894732237528362e-21  -1.0859591933015748e-21
-28   +2.1182905067834154e-21  +7.6950187178838976e-22
-27   +1.6704066262597428e-21  -2.8720599738695701e-21
-26   +1.1017731868623240e-21  +2.7953639228039626e-21
-25   -6.6709929095392730e-22  +2.6649452229188005e-21
-24   -1.2775402578090173e-21  +1.4157708705606132e-22
-23   +3.3255419000513338e-21  +2.7040683995469602e-21
-22   -1.1320828451041247e-21  +2.4928024276850657e-21
-21   -9.8697333800931755e-22  -4.0492348788473472e-21
-20   +0.0000000000000000e+00  +0.0000000000000000e+00
-19   +2.0250719810385121e-22  +1.2163615482013259e-21
-18   +1.9337378080186560e-21  +1.7614248376886387e-22
-17   -5.8367368578408301e-21  +1.6938500295302547e-21
-16   +6.4701005262968573e-21  +1.6114048116582681e-21
-15   -6.7804315435721677e-21  +6.9151031667934050e-22
-14   -2.8482857351580045e-20  -4.6269540552705885e-23
-13   +2.4093123078305691e-20  +2.7865240118232425e-22
-12   -4.1822778510615023e-18  -1.7481785352072076e-21
-11   +2.9882431690608147e-18  +6.2097159568475904e-22
-10   -6.4650250365844766e-16  -3.1298220806813928e-21
 -9   +4.2917381962961505e-16  +2.6552962849264748e-21
 -8   -1.0659488071587336e-13  -3.2795994389817135e-22
 -7   +6.5780737855802908e-14  -1.1058663426769769e-21
 -6   -1.9497833976624736e-11  +4.1497929654429710e-21
 -5   +1.1202057028258030e-11  -1.3290501541171294e-21
 -4   -4.3221867898231586e-09  -3.2427134373303789e-21
 -3   +2.2624634073584787e-09  -8.9383758358125919e-23
 -2   -1.5469683128245252e-06  -5.8233515123733148e-22
 -1   -6.9393676174083511e-07  +5.5410071966218814e-22
 +0   +4.3127760164583128e-04  +0.0000000000000000e+00
 +1   -6.9393676174083511e-07  -5.5410071966218814e-22
 +2   -1.5469683128245252e-06  +5.8233515123733148e-22
 +3   +2.2624634073584787e-09  +8.9383758358125919e-23
 +4   -4.3221867898231586e-09  +3.2427134373303789e-21
 +5   +1.1202057028258030e-11  +1.3290501541171294e-21
 +6   -1.9497833976624736e-11  -4.1497929654429710e-21
 +7   +6.5780737855802908e-14  +1.1058663426769769e-21
 +8   -1.0659488071587336e-13  +3.2795994389817135e-22
 +9   +4.2917381962961505e-16  -2.6552962849264748e-21
+10   -6.4650250365844766e-16  +3.1298220806813928e-21
+11   +2.9882431690608147e-18  -6.2097159568475904e-22
+12   -4.1822778510615023e-18  +1.7481785352072076e-21
+13   +2.4093123078305691e-20  -2.7865240118232425e-22
+14   -2.8482857351580045e-20  +4.6269540552705885e-23
+15   -6.7804315435721677e-21  -6.9151031667934050e-22
+16   +6.4701005262968573e-21  -1.6114048116582681e-21
+17   -5.8367368578408301e-21  -1.6938500295302547e-21
+18   +1.9337378080186560e-21  -1.7614248376886387e-22
+19   +2.0250719810385121e-22  -1.2163615482013259e-21
+20   +0.0000000000000000e+00  -0.0000000000000000e+00
+21   -9.8697333800931755e-22  +4.0492348788473472e-21
+22   -1.1320828451041247e-21  -2.4928024276850657e-21
+23   +3.3255419000513338e-21  -2.7040683995469602e-21
+24   -1.2775402578090173e-21  -1.4157708705606132e-22
+25   -6.6709929095392730e-22  -2.6649452229188005e-21
+26   +1.1017731868623240e-21  -2.7953639228039626e-21
+27   +1.6704066262597428e-21  +2.8720599738695701e-21
+28   +2.1182905067834154e-21  -7.6950187178838976e-22
+29   -4.8894732237528362e-21  +1.0859591933015748e-21
+30   -5.1109780556213512e-21  +1.8426353550834493e-32

