-30   +0.0000000000000000e+00  +2.1941960310786478e-19
-29   +0.0000000000000000e+00  +1.1410993692535421e-18
-28   -0.0000000000000000e+00  -2.4328445954196457e-19
-27   -0.0000000000000000e+00  -7.4247338894055963e-20
-26   -0.0000000000000000e+00  -4.9505079591987567e-19
-25   +0.0000000000000000e+00  +8.0161128049370172e-19
-24   -0.0000000000000000e+00  -3.5384408926966954e-19
-23   +0.0000000000000000e+00  +9.6264697178259637e-20
-22   -0.0000000000000000e+00  -1.2703196699722445e-18
-21   +0.0000000000000000e+00  +2.9163682240959649e-19
-20   +0.0000000000000000e+00  +7.4040776768977679e-19
-19   +0.0000000000000000e+00  +3.9819386257724580e-19
-18   +0.0000000000000000e+00  +9.6205338829308173e-20
-17   +0.0000000000000000e+00  +4.7810478373243434e-19
-16   -0.0000000000000000e+00  -7.7474085858645877e-19
-15   -0.0000000000000000e+00  -3.8113467854183134e-19
-14   +0.0000000000000000e+00  +8.5617609068076908e-19
-13   +0.0000000000000000e+00  +4.0278925459411453e-19
-12   +0.0000000000000000e+00  +7.4327348994824668e-19
-11   -0.0000000000000000e+00  -1.5957173943532414e-19
-10   +0.0000000000000000e+00  +7.0790113307373390e-19
 -9   -0.0000000000000000e+00  -8.9781761773156294e-19
 -8   +0.0000000000000000e+00  +1.4192533852392982e-16
 -7   -0.0000000000000000e+00  -1.4474089812311763e-16
 -6   +0.0000000000000000e+00  +3.4466650146556978e-14
 -5   -0.0000000000000000e+00  -3.5101320495548750e-14
 -4   +0.0000000000000000e+00  +1.1233125223737451e-11
 -3   -0.0000000000000000e+00  -1.2279298499147003e-11
 -2   +0.0000000000000000e+00  +7.5756637686284174e-09
 -1   -0.0000000000000000e+00  -4.0626122227352546e-11
 +0   +0.0000000000000000e+00  +0.0000000000000000e+00
 +1   +0.0000000000000000e+00  +4.0626122227352546e-11
 +2   -0.0000000000000000e+00  -7.5756637686284174e-09
 +3   +0.0000000000000000e+00  +1.2279298499147003e-11
 +4   -0.0000000000000000e+00  -1.1233125223737451e-11
 +5   +0.0000000000000000e+00  +3.5101320495548750e-14
 +6   -0.0000000000000000e+00  -3.4466650146556978e-14
 +7   +0.0000000000000000e+00  +1.4474089812311763e-16
 +8   -0.0000000000000000e+00  -1.4192533852392982e-16
 +9   +0.0000000000000000e+00  +8.9781761773156294e-19
+10   -0.0000000000000000e+00  -7.0790113307373390e-19
+11   +0.0000000000000000e+00  +1.5957173943532414e-19
+12   -0.0000000000000000e+00  -7.4327348994824668e-19
+13   -0.0000000000000000e+00  -4.0278925459411453e-19
+14   -0.0000000000000000e+00  -8.5617609068076908e-19
+15   +0.0000000000000000e+00  +3.8113467854183134e-19
+16   +0.0000000000000000e+00  +7.7474085858645877e-19
+17   -0.0000000000000000e+00  -4.7810478373243434e-19
+18   -0.0000000000000000e+00  -9.6205338829308173e-20
+19   -0.0000000000000000e+00  -3.9819386257724580e-19
+20   -0.0000000000000000e+00  -7.4040776768977679e-19
+21   -0.0000000000000000e+00  -2.9163682240959649e-19
+22   +0.0000000000000000e+00  +1.2703196699722445e-18
+23   -0.0000000000000000e+00  -9.6264697178259637e-20
+24   +0.0000000000000000e+00  +3.5384408926966954e-19
+25   -0.0000000000000000e+00  -8.0161128049370172e-19
+26   +0.0000000000000000e+00  +4.9505079591987567e-19
+27   +0.0000000000000000e+00  +7.4247338894055963e-20
+28   +0.0000000000000000e+00  +2.4328445954196457e-19
+29   -0.0000000000000000e+00  -1.1410993692535421e-18
+30   -0.0000000000000000e+00  -2.1941960310786478e-19

