-30   -0.0000000000000000e+00  -2.1685736161494864e-17
-29   -0.0000000000000000e+00  -1.6091246518590979e-17
-28   -0.0000000000000000e+00  -2.9546449989561366e-17
-27   -0.0000000000000000e+00  -1.3953904586163061e-17
-26   +0.0000000000000000e+00  +2.5053870536439672e-17
-25   +0.0000000000000000e+00  +4.2355226232187363e-17
-24   -0.0000000000000000e+00  -1.1498718782999916e-17
-23   -0.0000000000000000e+00  -2.0081767401629452e-17
-22   +0.0000000000000000e+00  +3.4969262923335680e-17
-21   +0.0000000000000000e+00  +1.0446861663898233e-18
-20   -0.0000000000000000e+00  -2.1776458370579330e-17
-19   +0.0000000000000000e+00  +1.1449982700752691e-17
-18   -0.0000000000000000e+00  -7.5194041062260110e-18
-17   +0.0000000000000000e+00  +3.6825661911492290e-17
-16   +0.0000000000000000e+00  +3.8338665191113527e-17
-15   +0.0000000000000000e+00  +3.0370115545892429e-17
-14   +0.0000000000000000e+00  +6.5321089071865605e-18
-13   +0.0000000000000000e+00  +3.8340266951483256e-17
-12   -0.0000000000000000e+00  -3.0989684979308012e-17
-11   -0.0000000000000000e+00  -1.2016518755446832e-17
-10   -0.0000000000000000e+00  -2.7757265003147402e-15
 -9   +0.0000000000000000e+00  +2.9179590590670658e-15
 -8   -0.0000000000000000e+00  -4.5989995349352629e-13
 -7   +0.0000000000000000e+00  +4.5344822313145275e-13
 -6   -0.0000000000000000e+00  -8.2929310354019674e-11
 -5   +0.0000000000000000e+00  +7.9273467291725592e-11
 -4   -0.0000000000000000e+00  -1.7866127602408231e-08
 -3   +0.0000000000000000e+00  +1.6515073712914283e-08
 -2   -0.0000000000000000e+00  -5.8775248031775198e-06
 -1   +0.0000000000000000e+00  +8.6834449095544062e-09
 +0   +0.0000000000000000e+00  +0.0000000000000000e+00
 +1   -0.0000000000000000e+00  -8.6834449095544062e-09
 +2   +0.0000000000000000e+00  +5.8775248031775198e-06
 +3   -0.0000000000000000e+00  -1.6515073712914283e-08
 +4   +0.0000000000000000e+00  +1.7866127602408231e-08
 +5   -0.0000000000000000e+00  -7.9273467291725592e-11
 +6   +0.0000000000000000e+00  +8.2929310354019674e-11
 +7   -0.0000000000000000e+00  -4.5344822313145275e-13
 +8   +0.0000000000000000e+00  +4.5989995349352629e-13
 +9   -0.0000000000000000e+00  -2.9179590590670658e-15
+10   +0.0000000000000000e+00  +2.7757265003147402e-15
+11   +0.0000000000000000e+00  +1.2016518755446832e-17
+12   +0.0000000000000000e+00  +3.0989684979308012e-17
+13   -0.0000000000000000e+00  -3.8340266951483256e-17
+14   -0.0000000000000000e+00  -6.5321089071865605e-18
+15   -0.0000000000000000e+00  -3.0370115545892429e-17
+16   -0.0000000000000000e+00  -3.8338665191113527e-17
+17   -0.0000000000000000e+00  -3.6825661911492290e-17
+18   +0.0000000000000000e+00  +7.5194041062260110e-18
+19   -0.0000000000000000e+00  -1.1449982700752691e-17
+20   +0.0000000000000000e+00  +2.1776458370579330e-17
+21   -0.0000000000000000e+00  -1.0446861663898233e-18
+22   -0.0000000000000000e+00  -3.4969262923335680e-17
+23   +0.0000000000000000e+00  +2.0081767401629452e-17
+24   +0.0000000000000000e+00  +1.1498718782999916e-17
+25   -0.0000000000000000e+00  -4.2355226232187363e-17
+26   -0.0000000000000000e+00  -2.5053870536439672e-17
+27   +0.0000000000000000e+00  +1.3953904586163061e-17
+28   +0.0000000000000000e+00  +2.9546449989561366e-17
+29   +0.0000000000000000e+00  +1.6091246518590979e-17
+30   +0.0000000000000000e+00  +2.1685736161494864e-17

