+0 +1.0000000000000000e+00
+1 -4.6093771531554616e-10
+2 +1.7655976268103651e-07
+3 -4.3629357819151106e-10
+4 +5.4022157911752994e-10
+5 -2.1165537227556147e-12
+6 +2.5106721366091793e-12
+7 -1.2199820965724429e-14
+8 +1.3994182442389599e-14
+9 -8.4635986419039458e-17
+10 +7.6243001963102288e-17
+11 -9.7864901389596648e-18
+12 +2.4128988185697350e-17
+13 -6.5709138161839393e-18
+14 +1.6095706116336248e-17
+15 -1.0776933717928164e-17
+16 -4.9262630437837566e-17
+17 -9.1699437676572792e-18
+18 -5.4824381758562882e-18
+19 -3.7400149229370746e-18
+20 +3.5763476723343084e-17
+21 -1.4293886343218094e-17
+22 -1.9853746593618136e-17
+23 -1.0205982296799536e-17
+24 +2.0473389956912434e-18
+25 -1.2511252538696874e-17
+26 +2.9257472143426593e-17
+27 +1.1045828165143838e-18
+28 +1.7791662237491103e-17
+29 -5.5379455379321098e-18
+30 +2.8511556330206986e-17
