-30   -1.8777321131971170e-18  +0.0000000000000000e+00
-29   -6.0475871050681812e-21  +0.0000000000000000e+00
-28   +6.5005812177025009e-19  +0.0000000000000000e+00
-27   +4.3099514824405329e-19  +0.0000000000000000e+00
-26   -8.4271151653152371e-19  +0.0000000000000000e+00
-25   +5.0197627259555134e-19  +0.0000000000000000e+00
-24   -2.4058513689572639e-18  +0.0000000000000000e+00
-23   +9.2056439517733882e-20  +0.0000000000000000e+00
-22   -2.5288447902172438e-18  +0.0000000000000000e+00
-21   +8.6369218154776265e-19  +0.0000000000000000e+00
-20   -9.1407230670147325e-19  +0.0000000000000000e+00
-19   -1.1653025658015808e-18  +0.0000000000000000e+00
-18   +4.6396541572891353e-19  +0.0000000000000000e+00
-17   +3.6165911863317315e-19  +0.0000000000000000e+00
-16   +9.8240355323096271e-19  +0.0000000000000000e+00
-15   -1.0741993048288848e-18  +0.0000000000000000e+00
-14   -3.3858875800494030e-19  +0.0000000000000000e+00
-13   -8.6608365455601480e-19  +0.0000000000000000e+00
-12   +2.4356014297113339e-18  +0.0000000000000000e+00
-11   +1.8023790325277399e-17  +0.0000000000000000e+00
-10   -1.7357064621675274e-18  +0.0000000000000000e+00
 -9   +2.7400811575870361e-15  +0.0000000000000000e+00
 -8   -2.7688153866994841e-16  +0.0000000000000000e+00
 -7   +4.6923060328244538e-13  +0.0000000000000000e+00
 -6   -1.8833807924249205e-14  +0.0000000000000000e+00
 -5   +9.1834910603651219e-11  +0.0000000000000000e+00
 -4   +2.3764248989033129e-12  +0.0000000000000000e+00
 -3   +2.3666987191915797e-08  +0.0000000000000000e+00
 -2   +2.6267867219322402e-09  +0.0000000000000000e+00
 -1   +1.5475366290606157e-05  +0.0000000000000000e+00
 +0   -9.9999697358872353e-01  +0.0000000000000000e+00
 +1   +1.5475366290606157e-05  +0.0000000000000000e+00
 +2   +2.6267867219322402e-09  +0.0000000000000000e+00
 +3   +2.3666987191915797e-08  +0.0000000000000000e+00
 +4   +2.3764248989033129e-12  +0.0000000000000000e+00
 +5   +9.1834910603651219e-11  +0.0000000000000000e+00
 +6   -1.8833807924249205e-14  +0.0000000000000000e+00
 +7   +4.6923060328244538e-13  +0.0000000000000000e+00
 +8   -2.7688153866994841e-16  +0.0000000000000000e+00
 +9   +2.7400811575870361e-15  +0.0000000000000000e+00
+10   -1.7357064621675274e-18  +0.0000000000000000e+00
+11   +1.8023790325277399e-17  +0.0000000000000000e+00
+12   +2.4356014297113339e-18  +0.0000000000000000e+00
+13   -8.6608365455601480e-19  +0.0000000000000000e+00
+14   -3.3858875800494030e-19  +0.0000000000000000e+00
+15   -1.0741993048288848e-18  +0.0000000000000000e+00
+16   +9.8240355323096271e-19  +0.0000000000000000e+00
+17   +3.6165911863317315e-19  +0.0000000000000000e+00
+18   +4.6396541572891353e-19  +0.0000000000000000e+00
+19   -1.1653025658015808e-18  +0.0000000000000000e+00
+20   -9.1407230670147325e-19  +0.0000000000000000e+00
+21   +8.6369218154776265e-19  +0.0000000000000000e+00
+22   -2.5288447902172438e-18  +0.0000000000000000e+00
+23   +9.2056439517733882e-20  +0.0000000000000000e+00
+24   -2.4058513689572639e-18  +0.0000000000000000e+00
+25   +5.0197627259555134e-19  +0.0000000000000000e+00
+26   -8.4271151653152371e-19  +0.0000000000000000e+00
+27   +4.3099514824405329e-19  +0.0000000000000000e+00
+28   +6.5005812177025009e-19  +0.0000000000000000e+00
+29   -6.0475871050681812e-21  +0.0000000000000000e+00
+30   -1.8777321131971170e-18  +0.0000000000000000e+00

