-30   +2.5219779905552801e-18  +0.0000000000000000e+00
-29   -2.1085250455676813e-18  +0.0000000000000000e+00
-28   -7.7598534204563513e-19  +0.0000000000000000e+00
-27   +1.9111839870166356e-18  +0.0000000000000000e+00
-26   +5.3139994682902821e-18  +0.0000000000000000e+00
-25   -2.8381258796829463e-18  +0.0000000000000000e+00
-24   -5.3147444776716872e-19  +0.0000000000000000e+00
-23   -1.4854643051468265e-18  +0.0000000000000000e+00
-22   -4.0390220374685787e-18  +0.0000000000000000e+00
-21   -3.8160716933648372e-18  +0.0000000000000000e+00
-20   +7.3654350384195221e-18  +0.0000000000000000e+00
-19   -1.8006036115878796e-18  +0.0000000000000000e+00
-18   -2.6943789763342175e-18  +0.0000000000000000e+00
-17   -2.0455340108379735e-18  +0.0000000000000000e+00
-16   -6.0686830929802112e-18  +0.0000000000000000e+00
-15   -1.7754269819451842e-18  +0.0000000000000000e+00
-14   +7.0377741341491706e-19  +0.0000000000000000e+00
-13   -2.9280758686601628e-20  +0.0000000000000000e+00
-12   +2.9706315310799782e-18  +0.0000000000000000e+00
-11   -2.1134744895171588e-18  +0.0000000000000000e+00
-10   -4.3264621114876912e-18  +0.0000000000000000e+00
 -9   -7.5731612802196631e-20  +0.0000000000000000e+00
 -8   -2.0789609507795856e-17  +0.0000000000000000e+00
 -7   +5.5952825423793740e-17  +0.0000000000000000e+00
 -6   -1.1760670837020541e-14  +0.0000000000000000e+00
 -5   +1.3533123557654167e-14  +0.0000000000000000e+00
 -4   -3.8788829765907485e-12  +0.0000000000000000e+00
 -3   +4.8318199428979192e-12  +0.0000000000000000e+00
 -2   -2.7089734847436755e-09  +0.0000000000000000e+00
 -1   +1.0384250799861955e-11  +0.0000000000000000e+00
 +0   +1.0000000000000000e+00  +0.0000000000000000e+00
 +1   +1.0384250799861955e-11  +0.0000000000000000e+00
 +2   -2.7089734847436755e-09  +0.0000000000000000e+00
 +3   +4.8318199428979192e-12  +0.0000000000000000e+00
 +4   -3.8788829765907485e-12  +0.0000000000000000e+00
 +5   +1.3533123557654167e-14  +0.0000000000000000e+00
 +6   -1.1760670837020541e-14  +0.0000000000000000e+00
 +7   +5.5952825423793740e-17  +0.0000000000000000e+00
 +8   -2.0789609507795856e-17  +0.0000000000000000e+00
 +9   -7.5731612802196631e-20  +0.0000000000000000e+00
+10   -4.3264621114876912e-18  +0.0000000000000000e+00
+11   -2.1134744895171588e-18  +0.0000000000000000e+00
+12   +2.9706315310799782e-18  +0.0000000000000000e+00
+13   -2.9280758686601628e-20  +0.0000000000000000e+00
+14   +7.0377741341491706e-19  +0.0000000000000000e+00
+15   -1.7754269819451842e-18  +0.0000000000000000e+00
+16   -6.0686830929802112e-18  +0.0000000000000000e+00
+17   -2.0455340108379735e-18  +0.0000000000000000e+00
+18   -2.6943789763342175e-18  +0.0000000000000000e+00
+19   -1.8006036115878796e-18  +0.0000000000000000e+00
+20   +7.3654350384195221e-18  +0.0000000000000000e+00
+21   -3.8160716933648372e-18  +0.0000000000000000e+00
+22   -4.0390220374685787e-18  +0.0000000000000000e+00
+23   -1.4854643051468265e-18  +0.0000000000000000e+00
+24   -5.3147444776716872e-19  +0.0000000000000000e+00
+25   -2.8381258796829463e-18  +0.0000000000000000e+00
+26   +5.3139994682902821e-18  +0.0000000000000000e+00
+27   +1.9111839870166356e-18  +0.0000000000000000e+00
+28   -7.7598534204563513e-19  +0.0000000000000000e+00
+29   -2.1085250455676813e-18  +0.0000000000000000e+00
+30   +2.5219779905552801e-18  +0.0000000000000000e+00

