-30   +0.0000000000000000e+00  +4.6062519381101101e-21
-29   +0.0000000000000000e+00  +6.6550487109542157e-21
-28   -0.0000000000000000e+00  -3.3789769389020199e-21
-27   +0.0000000000000000e+00  +5.8037721534670469e-21
-26   +0.0000000000000000e+00  +8.0742938085178417e-21
-25   +0.0000000000000000e+00  +2.7994451173034398e-21
-24   -0.0000000000000000e+00  -3.9970098191902508e-21
-23   +0.0000000000000000e+00  +4.1259784151115536e-21
-22   +0.0000000000000000e+00  +5.2217829056406186e-21
-21   -0.0000000000000000e+00  -3.9512626590570380e-21
-20   -0.0000000000000000e+00  -3.8330064397543210e-21
-19   +0.0000000000000000e+00  +3.1826314237776779e-21
-18   -0.0000000000000000e+00  -4.0455860230573351e-22
-17   +0.0000000000000000e+00  +3.6896064082044385e-20
-16   +0.0000000000000000e+00  +9.6891363570413720e-21
-15   -0.0000000000000000e+00  -8.2840890572637997e-20
-14   +0.0000000000000000e+00  +1.7798770516481033e-20
-13   -0.0000000000000000e+00  -9.3281954352646683e-18
-12   +0.0000000000000000e+00  +2.0726760801752186e-18
-11   -0.0000000000000000e+00  -1.4052271194382759e-15
-10   +0.0000000000000000e+00  +2.2814976871530423e-16
 -9   -0.0000000000000000e+00  -2.2251558552092133e-13
 -8   +0.0000000000000000e+00  +2.2734507391569864e-14
 -7   -0.0000000000000000e+00  -3.8117499289983658e-11
 -6   +0.0000000000000000e+00  +1.5482190055307958e-12
 -5   -0.0000000000000000e+00  -7.4600213450662859e-09
 -4   -0.0000000000000000e+00  -1.8150530790845668e-10
 -3   -0.0000000000000000e+00  -1.9237471892723921e-06
 -2   -0.0000000000000000e+00  -1.9485850024628737e-07
 -1   -0.0000000000000000e+00  -1.2802314031640947e-03
 +0   +0.0000000000000000e+00  +0.0000000000000000e+00
 +1   +0.0000000000000000e+00  +1.2802314031640947e-03
 +2   +0.0000000000000000e+00  +1.9485850024628737e-07
 +3   +0.0000000000000000e+00  +1.9237471892723921e-06
 +4   +0.0000000000000000e+00  +1.8150530790845668e-10
 +5   +0.0000000000000000e+00  +7.4600213450662859e-09
 +6   -0.0000000000000000e+00  -1.5482190055307958e-12
 +7   +0.0000000000000000e+00  +3.8117499289983658e-11
 +8   -0.0000000000000000e+00  -2.2734507391569864e-14
 +9   +0.0000000000000000e+00  +2.2251558552092133e-13
+10   -0.0000000000000000e+00  -2.2814976871530423e-16
+11   +0.0000000000000000e+00  +1.4052271194382759e-15
+12   -0.0000000000000000e+00  -2.0726760801752186e-18
+13   +0.0000000000000000e+00  +9.3281954352646683e-18
+14   -0.0000000000000000e+00  -1.7798770516481033e-20
+15   +0.0000000000000000e+00  +8.2840890572637997e-20
+16   -0.0000000000000000e+00  -9.6891363570413720e-21
+17   -0.0000000000000000e+00  -3.6896064082044385e-20
+18   +0.0000000000000000e+00  +4.0455860230573351e-22
+19   -0.0000000000000000e+00  -3.1826314237776779e-21
+20   +0.0000000000000000e+00  +3.8330064397543210e-21
+21   +0.0000000000000000e+00  +3.9512626590570380e-21
+22   -0.0000000000000000e+00  -5.2217829056406186e-21
+23   -0.0000000000000000e+00  -4.1259784151115536e-21
+24   +0.0000000000000000e+00  +3.9970098191902508e-21
+25   -0.0000000000000000e+00  -2.7994451173034398e-21
+26   -0.0000000000000000e+00  -8.0742938085178417e-21
+27   -0.0000000000000000e+00  -5.8037721534670469e-21
+28   +0.0000000000000000e+00  +3.3789769389020199e-21
+29   -0.0000000000000000e+00  -6.6550487109542157e-21
+30   -0.0000000000000000e+00  -4.6062519381101101e-21

