+0 +9.8890046270809961e+01
+1 -4.6231800481986724e-08
+2 +1.7520574054924918e-05
+3 -4.3210544383000389e-08
+4 +5.3467451792941377e-08
+5 -2.0941820672217381e-10
+6 +2.4836863165633156e-10
+7 -1.2071308887462595e-12
+8 +1.3849678149147137e-12
+9 -8.4089075185070019e-15
+10 +7.2222178983874559e-15
+11 -1.4076665872571648e-15
+12 +1.9192373507730550e-15
+13 -5.0539128790119876e-17
+14 +3.3627650716448970e-15
+15 -5.4016366761988972e-17
+16 -6.7916098771065647e-15
+17 -6.2767358580767558e-16
+18 +3.8466437647672275e-15
+19 -6.2033264506052745e-17
+20 +3.1294830966595838e-15
+21 -5.9388120954489616e-16
+22 -6.4374265802045950e-15
+23 -5.7330939084877070e-16
+24 -3.4100378617644881e-16
+25 -2.0742636146683811e-17
+26 +2.8474043559160644e-15
+27 +2.5831841211203916e-16
+28 +1.0383412308736465e-15
+29 -1.4365389829423356e-16
+30 +1.4889820250918025e-15
