+0 +0.0000000000000000e+00
+1 +1.7366889819108812e-08
+2 -1.1755049606355040e-05
+3 +3.3030147425828565e-08
+4 -3.5732255204816462e-08
+5 +1.5854693458345118e-10
+6 -1.6585862070803935e-10
+7 +9.0689644626290550e-13
+8 -9.1979990698705259e-13
+9 +5.8359181181341317e-15
+10 -5.5514530006294804e-15
+11 -2.4033037510893665e-17
+12 -6.1979369958616025e-17
+13 +7.6680533902966513e-17
+14 +1.3064217814373121e-17
+15 +6.0740231091784858e-17
+16 +7.6677330382227054e-17
+17 +7.3651323822984580e-17
+18 -1.5038808212452022e-17
+19 +2.2899965401505382e-17
+20 -4.3552916741158659e-17
+21 +2.0893723327796467e-18
+22 +6.9938525846671359e-17
+23 -4.0163534803258904e-17
+24 -2.2997437565999832e-17
+25 +8.4710452464374726e-17
+26 +5.0107741072879343e-17
+27 -2.7907809172326121e-17
+28 -5.9092899979122732e-17
+29 -3.2182493037181959e-17
+30 -4.3371472322989729e-17
