-30   +0.0000000000000000e+00  +2.1929170307845927e-19
-29   +0.0000000000000000e+00  +1.6271844845006788e-19
-28   +0.0000000000000000e+00  +2.9878055324333628e-19
-27   +0.0000000000000000e+00  +1.4110480855258743e-19
-26   -0.0000000000000000e+00  -2.5335104649004809e-19
-25   -0.0000000000000000e+00  -4.2830626094678579e-19
-24   +0.0000000000000000e+00  +1.1627789179191380e-19
-23   +0.0000000000000000e+00  +2.0307192626915959e-19
-22   -0.0000000000000000e+00  -3.5361831731495467e-19
-21   -0.0000000000000000e+00  -1.0564021363714191e-20
-20   +0.0000000000000000e+00  +2.2020825274826439e-19
-19   -0.0000000000000000e+00  -1.1578468034083003e-19
-18   +0.0000000000000000e+00  +7.6039010486489308e-20
-17   -0.0000000000000000e+00  -3.7239038951113079e-19
-16   -0.0000000000000000e+00  -3.8768912677641170e-19
-15   -0.0000000000000000e+00  -3.0711011202255099e-19
-14   -0.0000000000000000e+00  -6.6054158180581783e-20
-13   -0.0000000000000000e+00  -3.8770542282215212e-19
-12   +0.0000000000000000e+00  +3.1337574827921096e-19
-11   +0.0000000000000000e+00  +1.2151402951793525e-19
-10   +0.0000000000000000e+00  +2.8068812912352094e-17
 -9   -0.0000000000000000e+00  -2.9507103851366243e-17
 -8   +0.0000000000000000e+00  +4.6506189296715570e-15
 -7   -0.0000000000000000e+00  -4.5853774234367783e-15
 -6   +0.0000000000000000e+00  +8.3860111982199166e-13
 -5   -0.0000000000000000e+00  -8.0163235044609898e-13
 -4   +0.0000000000000000e+00  +1.8066657339188492e-10
 -3   -0.0000000000000000e+00  -1.6700440856954275e-10
 -2   +0.0000000000000000e+00  +5.9434948458591339e-08
 -1   -0.0000000000000000e+00  -8.7809089157601755e-11
 +0   +0.0000000000000000e+00  +0.0000000000000000e+00
 +1   +0.0000000000000000e+00  +8.7809089157601755e-11
 +2   -0.0000000000000000e+00  -5.9434948458591339e-08
 +3   +0.0000000000000000e+00  +1.6700440856954275e-10
 +4   -0.0000000000000000e+00  -1.8066657339188492e-10
 +5   +0.0000000000000000e+00  +8.0163235044609898e-13
 +6   -0.0000000000000000e+00  -8.3860111982199166e-13
 +7   +0.0000000000000000e+00  +4.5853774234367783e-15
 +8   -0.0000000000000000e+00  -4.6506189296715570e-15
 +9   +0.0000000000000000e+00  +2.9507103851366243e-17
+10   -0.0000000000000000e+00  -2.8068812912352094e-17
+11   -0.0000000000000000e+00  -1.2151402951793525e-19
+12   -0.0000000000000000e+00  -3.1337574827921096e-19
+13   +0.0000000000000000e+00  +3.8770542282215212e-19
+14   +0.0000000000000000e+00  +6.6054158180581783e-20
+15   +0.0000000000000000e+00  +3.0711011202255099e-19
+16   +0.0000000000000000e+00  +3.8768912677641170e-19
+17   +0.0000000000000000e+00  +3.7239038951113079e-19
+18   -0.0000000000000000e+00  -7.6039010486489308e-20
+19   +0.0000000000000000e+00  +1.1578468034083003e-19
+20   -0.0000000000000000e+00  -2.2020825274826439e-19
+21   +0.0000000000000000e+00  +1.0564021363714191e-20
+22   +0.0000000000000000e+00  +3.5361831731495467e-19
+23   -0.0000000000000000e+00  -2.0307192626915959e-19
+24   -0.0000000000000000e+00  -1.1627789179191380e-19
+25   +0.0000000000000000e+00  +4.2830626094678579e-19
+26   +0.0000000000000000e+00  +2.5335104649004809e-19
+27   -0.0000000000000000e+00  -1.4110480855258743e-19
+28   -0.0000000000000000e+00  -2.9878055324333628e-19
+29   -0.0000000000000000e+00  -1.6271844845006788e-19
+30   -0.0000000000000000e+00  -2.1929170307845927e-19

