-30   +7.4449101254590126e-16  +0.0000000000000000e+00
-29   -7.1826949147116778e-17  +0.0000000000000000e+00
-28   +5.1917061543682325e-16  +0.0000000000000000e+00
-27   +1.2915920605601958e-16  +0.0000000000000000e+00
-26   +1.4237021779580322e-15  +0.0000000000000000e+00
-25   -1.0371318073341905e-17  +0.0000000000000000e+00
-24   -1.7050189308822440e-16  +0.0000000000000000e+00
-23   -2.8665469542438535e-16  +0.0000000000000000e+00
-22   -3.2187132901022975e-15  +0.0000000000000000e+00
-21   -2.9694060477244808e-16  +0.0000000000000000e+00
-20   +1.5647415483297919e-15  +0.0000000000000000e+00
-19   -3.1016632253026373e-17  +0.0000000000000000e+00
-18   +1.9233218823836137e-15  +0.0000000000000000e+00
-17   -3.1383679290383779e-16  +0.0000000000000000e+00
-16   -3.3958049385532823e-15  +0.0000000000000000e+00
-15   -2.7008183380994486e-17  +0.0000000000000000e+00
-14   +1.6813825358224485e-15  +0.0000000000000000e+00
-13   -2.5269564395059938e-17  +0.0000000000000000e+00
-12   +9.5961867538652749e-16  +0.0000000000000000e+00
-11   -7.0383329362858241e-16  +0.0000000000000000e+00
-10   +3.6111089491937280e-15  +0.0000000000000000e+00
 -9   -4.2044537592535010e-15  +0.0000000000000000e+00
 -8   +6.9248390745735687e-13  +0.0000000000000000e+00
 -7   -6.0356544437312975e-13  +0.0000000000000000e+00
 -6   +1.2418431582816578e-10  +0.0000000000000000e+00
 -5   -1.0470910336108690e-10  +0.0000000000000000e+00
 -4   +2.6733725896470688e-08  +0.0000000000000000e+00
 -3   -2.1605272191500194e-08  +0.0000000000000000e+00
 -2   +8.7602870274624591e-06  +0.0000000000000000e+00
 -1   -2.3115900240993362e-08  +0.0000000000000000e+00
 +0   +9.8890046270809961e+01  +0.0000000000000000e+00
 +1   -2.3115900240993362e-08  +0.0000000000000000e+00
 +2   +8.7602870274624591e-06  +0.0000000000000000e+00
 +3   -2.1605272191500194e-08  +0.0000000000000000e+00
 +4   +2.6733725896470688e-08  +0.0000000000000000e+00
 +5   -1.0470910336108690e-10  +0.0000000000000000e+00
 +6   +1.2418431582816578e-10  +0.0000000000000000e+00
 +7   -6.0356544437312975e-13  +0.0000000000000000e+00
 +8   +6.9248390745735687e-13  +0.0000000000000000e+00
 +9   -4.2044537592535010e-15  +0.0000000000000000e+00
+10   +3.6111089491937280e-15  +0.0000000000000000e+00
+11   -7.0383329362858241e-16  +0.0000000000000000e+00
+12   +9.5961867538652749e-16  +0.0000000000000000e+00
+13   -2.5269564395059938e-17  +0.0000000000000000e+00
+14   +1.6813825358224485e-15  +0.0000000000000000e+00
+15   -2.7008183380994486e-17  +0.0000000000000000e+00
+16   -3.3958049385532823e-15  +0.0000000000000000e+00
+17   -3.1383679290383779e-16  +0.0000000000000000e+00
+18   +1.9233218823836137e-15  +0.0000000000000000e+00
+19   -3.1016632253026373e-17  +0.0000000000000000e+00
+20   +1.5647415483297919e-15  +0.0000000000000000e+00
+21   -2.9694060477244808e-16  +0.0000000000000000e+00
+22   -3.2187132901022975e-15  +0.0000000000000000e+00
+23   -2.8665469542438535e-16  +0.0000000000000000e+00
+24   -1.7050189308822440e-16  +0.0000000000000000e+00
+25   -1.0371318073341905e-17  +0.0000000000000000e+00
+26   +1.4237021779580322e-15  +0.0000000000000000e+00
+27   +1.2915920605601958e-16  +0.0000000000000000e+00
+28   +5.1917061543682325e-16  +0.0000000000000000e+00
+29   -7.1826949147116778e-17  +0.0000000000000000e+00
+30   +7.4449101254590126e-16  +0.0000000000000000e+00

