+0 +1.0000000000000000e+00
+1 +2.0768501599723910e-11
+2 -5.4179469694873509e-09
+3 +9.6636398857958384e-12
+4 -7.7577659531814970e-12
+5 +2.7066247115308334e-14
+6 -2.3521341674041082e-14
+7 +1.1190565084758748e-16
+8 -4.1579219015591712e-17
+9 -1.5146322560439326e-19
+10 -8.6529242229753823e-18
+11 -4.2269489790343176e-18
+12 +5.9412630621599564e-18
+13 -5.8561517373203257e-20
+14 +1.4075548268298341e-18
+15 -3.5508539638903684e-18
+16 -1.2137366185960422e-17
+17 -4.0910680216759471e-18
+18 -5.3887579526684349e-18
+19 -3.6012072231757591e-18
+20 +1.4730870076839044e-17
+21 -7.6321433867296743e-18
+22 -8.0780440749371574e-18
+23 -2.9709286102936531e-18
+24 -1.0629488955343374e-18
+25 -5.6762517593658925e-18
+26 +1.0627998936580564e-17
+27 +3.8223679740332713e-18
+28 -1.5519706840912703e-18
+29 -4.2170500911353626e-18
+30 +5.0439559811105602e-18
