+0 +9.9999996243712741e-01
+1 +6.5694030909468257e-12
+2 -6.1250809066328538e-10
+3 +6.6187344562545307e-13
+4 -4.5413501935815064e-13
+5 +1.1357018307494659e-15
+6 -9.1969425076958291e-16
+7 +8.6974494506764112e-18
+8 +1.2383088440040866e-17
+9 +2.3439739786827585e-18
+10 -2.6404938140499348e-17
+11 +6.9638632100663081e-18
+12 +4.0206191315998862e-18
+13 -3.7186220023161477e-18
+14 +7.4246936535679618e-18
+15 -8.0423626835294698e-18
+16 -1.4850869376968582e-17
+17 +1.0243914655326934e-18
+18 +7.9336986658475641e-19
+19 +1.3890913943831486e-18
+20 +1.5862669080125140e-18
+21 -4.3817322459160136e-18
+22 -4.7973681918998505e-18
+23 -2.5740177011114822e-18
+24 +5.8442961334113376e-18
+25 -9.4700548875132257e-18
+26 -2.5565051412334041e-18
+27 +9.6539488314851646e-19
+28 -7.7955742251417921e-18
+29 -3.6031477788276013e-18
+30 -5.0537414812112315e-18
