+0 +0.0000000000000000e+00
+1 +3.1493780067395883e-05
+2 +4.7935324315995050e-09
+3 +4.7324312412956607e-08
+4 +4.4650429869167313e-12
+5 +1.8351703524779698e-10
+6 -3.8086293362782183e-14
+7 +9.3769308923376408e-13
+8 -5.5927046494512509e-16
+9 +5.4738985696538458e-15
+10 -5.6124980470747616e-18
+11 +3.4568627817621464e-17
+12 -5.1001988999067773e-20
+13 +2.2951299147580298e-19
+14 -4.7435428148532067e-22
+15 +1.9807237653844012e-21
+16 -1.8800872146563657e-22
+17 -9.3364128930172877e-22
+18 +4.4394157778778606e-23
+19 -1.4941361262749565e-22
+20 +3.1003868713522360e-23
+21 -2.2412227326660453e-23
+22 -4.2931734054576900e-23
+23 +1.6093491824478563e-22
+24 +3.8911909840716629e-23
+25 -1.8827662515852033e-22
+26 -1.6142141413728337e-22
+27 -1.3741800611943978e-22
+28 +2.5207174913398090e-23
+29 -2.5298594920131568e-22
+30 -7.8607638779742991e-23
