+0 +0.0000000000000000e+00
+1 -4.0626122227352546e-11
+2 +7.5756637686284174e-09
+3 -1.2279298499147011e-11
+4 +1.1233125223737651e-11
+5 -3.5101320495558949e-14
+6 +3.4466650146514872e-14
+7 -1.4474089811074203e-16
+8 +1.4192533882252656e-16
+9 -8.9781760655417236e-19
+10 +7.0790130746214286e-19
+11 -1.5957173874006086e-19
+12 +7.4327329701980801e-19
+13 +4.0278926533067814e-19
+14 +8.5617604633792423e-19
+15 -3.8113467743630210e-19
+16 -7.7474088818903787e-19
+17 +4.7810477558410574e-19
+18 +9.6205237297390534e-20
+19 +3.9819385063802162e-19
+20 +7.4040783181469387e-19
+21 +2.9163681980208769e-19
+22 -1.2703195629160597e-18
+23 +9.6264700794885070e-20
+24 -3.5384411335703398e-19
+25 +8.0161127748749774e-19
+26 -4.9505071638702658e-19
+27 -7.4247330659214083e-20
+28 -2.4328444388323401e-19
+29 +1.1410993853983259e-18
+30 +2.1941945018331296e-19
