-30   +1.6282967660544804e-16  +0.0000000000000000e+00
-29   -2.5099851391671758e-17  +0.0000000000000000e+00
-28   -6.5454611682779438e-17  +0.0000000000000000e+00
-27   +9.3460438739884940e-18  +0.0000000000000000e+00
-26   +3.8853227694023123e-17  +0.0000000000000000e+00
-25   -3.6911411471732496e-17  +0.0000000000000000e+00
-24   -7.8800940735887327e-17  +0.0000000000000000e+00
-23   +1.4230995717340583e-17  +0.0000000000000000e+00
-22   +2.1923516925988579e-16  +0.0000000000000000e+00
-21   -3.1054525553222649e-17  +0.0000000000000000e+00
-20   -2.9048303327972009e-17  +0.0000000000000000e+00
-19   +2.2398415443073572e-16  +0.0000000000000000e+00
-18   -1.2879329523252752e-16  +0.0000000000000000e+00
-17   -4.4359220923675101e-17  +0.0000000000000000e+00
-16   -1.2531119443034472e-16  +0.0000000000000000e+00
-15   +4.6740296169231482e-17  +0.0000000000000000e+00
-14   -1.2640625175321743e-16  +0.0000000000000000e+00
-13   +4.1475887588062181e-17  +0.0000000000000000e+00
-12   -5.9163218167252841e-17  +0.0000000000000000e+00
-11   -1.8804200355055205e-15  +0.0000000000000000e+00
-10   +2.5341537449191681e-16  +0.0000000000000000e+00
 -9   -2.7380367238422746e-13  +0.0000000000000000e+00
 -8   +2.8039047568954437e-14  +0.0000000000000000e+00
 -7   -4.6871569296714833e-11  +0.0000000000000000e+00
 -6   +1.8813001772270410e-12  +0.0000000000000000e+00
 -5   -9.1734209604826513e-09  +0.0000000000000000e+00
 -4   -2.3738179027491484e-10  +0.0000000000000000e+00
 -3   -2.3641035455909829e-06  +0.0000000000000000e+00
 -2   -2.6239063521055136e-07  +0.0000000000000000e+00
 -1   -1.5458396973490589e-03  +0.0000000000000000e+00
 +0   +1.0000013996924038e+00  +0.0000000000000000e+00
 +1   -1.5458396973490589e-03  +0.0000000000000000e+00
 +2   -2.6239063521055136e-07  +0.0000000000000000e+00
 +3   -2.3641035455909829e-06  +0.0000000000000000e+00
 +4   -2.3738179027491484e-10  +0.0000000000000000e+00
 +5   -9.1734209604826513e-09  +0.0000000000000000e+00
 +6   +1.8813001772270410e-12  +0.0000000000000000e+00
 +7   -4.6871569296714833e-11  +0.0000000000000000e+00
 +8   +2.8039047568954437e-14  +0.0000000000000000e+00
 +9   -2.7380367238422746e-13  +0.0000000000000000e+00
+10   +2.5341537449191681e-16  +0.0000000000000000e+00
+11   -1.8804200355055205e-15  +0.0000000000000000e+00
+12   -5.9163218167252841e-17  +0.0000000000000000e+00
+13   +4.1475887588062181e-17  +0.0000000000000000e+00
+14   -1.2640625175321743e-16  +0.0000000000000000e+00
+15   +4.6740296169231482e-17  +0.0000000000000000e+00
+16   -1.2531119443034472e-16  +0.0000000000000000e+00
+17   -4.4359220923675101e-17  +0.0000000000000000e+00
+18   -1.2879329523252752e-16  +0.0000000000000000e+00
+19   +2.2398415443073572e-16  +0.0000000000000000e+00
+20   -2.9048303327972009e-17  +0.0000000000000000e+00
+21   -3.1054525553222649e-17  +0.0000000000000000e+00
+22   +2.1923516925988579e-16  +0.0000000000000000e+00
+23   +1.4230995717340583e-17  +0.0000000000000000e+00
+24   -7.8800940735887327e-17  +0.0000000000000000e+00
+25   -3.6911411471732496e-17  +0.0000000000000000e+00
+26   +3.8853227694023123e-17  +0.0000000000000000e+00
+27   +9.3460438739884940e-18  +0.0000000000000000e+00
+28   -6.5454611682779438e-17  +0.0000000000000000e+00
+29   -2.5099851391671758e-17  +0.0000000000000000e+00
+30   +1.6282967660544804e-16  +0.0000000000000000e+00

