+0 +1.0000013996924038e+00
+1 -3.0916793946981179e-03
+2 -5.2478127042110271e-07
+3 -4.7282070911819659e-06
+4 -4.7476358054982969e-10
+5 -1.8346841920965303e-08
+6 +3.7626003544540820e-12
+7 -9.3743138593429666e-11
+8 +5.6078095137908873e-14
+9 -5.4760734476845493e-13
+10 +5.0683074898383361e-16
+11 -3.7608400710110410e-15
+12 -1.1832643633450568e-16
+13 +8.2951775176124362e-17
+14 -2.5281250350643486e-16
+15 +9.3480592338462965e-17
+16 -2.5062238886068944e-16
+17 -8.8718441847350203e-17
+18 -2.5758659046505503e-16
+19 +4.4796830886147144e-16
+20 -5.8096606655944018e-17
+21 -6.2109051106445297e-17
+22 +4.3847033851977158e-16
+23 +2.8461991434681166e-17
+24 -1.5760188147177465e-16
+25 -7.3822822943464993e-17
+26 +7.7706455388046245e-17
+27 +1.8692087747976988e-17
+28 -1.3090922336555888e-16
+29 -5.0199702783343515e-17
+30 +3.2565935321089607e-16
