-30   +0.0000000000000000e+00  +3.0438864927968382e-21
-29   +0.0000000000000000e+00  +1.8281121620193900e-20
-28   -0.0000000000000000e+00  -1.1605366982250312e-21
-27   -0.0000000000000000e+00  -3.1135032837422498e-22
-26   +0.0000000000000000e+00  +9.0662253029124893e-21
-25   +0.0000000000000000e+00  +5.2097328020376301e-21
-24   -0.0000000000000000e+00  -2.4001383899811716e-21
-23   -0.0000000000000000e+00  -8.8850754629961741e-21
-22   +0.0000000000000000e+00  +3.2093437507365572e-21
-21   -0.0000000000000000e+00  -1.4002560070262424e-21
-20   -0.0000000000000000e+00  -1.4926755253513567e-21
-19   +0.0000000000000000e+00  +1.1754011990901538e-20
-18   -0.0000000000000000e+00  -4.5285344062172385e-21
-17   +0.0000000000000000e+00  +4.6921860877727263e-20
-16   +0.0000000000000000e+00  +1.1227361158148989e-20
-15   -0.0000000000000000e+00  -1.0513849933378340e-19
-14   +0.0000000000000000e+00  +2.2946027961426192e-20
-13   -0.0000000000000000e+00  -1.1466108607794201e-17
-12   +0.0000000000000000e+00  +2.5476848734186253e-18
-11   -0.0000000000000000e+00  -1.7265362512807598e-15
-10   +0.0000000000000000e+00  +2.8031856392476528e-16
 -9   -0.0000000000000000e+00  -2.7339481152721001e-13
 -8   +0.0000000000000000e+00  +2.7932860789598708e-14
 -7   -0.0000000000000000e+00  -4.6833243691998472e-11
 -6   +0.0000000000000000e+00  +1.9022265141986332e-12
 -5   -0.0000000000000000e+00  -9.1657900982219969e-09
 -4   -0.0000000000000000e+00  -2.2300734502549107e-10
 -3   -0.0000000000000000e+00  -2.3636209768458712e-06
 -2   -0.0000000000000000e+00  -2.3941380721292057e-07
 -1   -0.0000000000000000e+00  -1.5729622980657759e-03
 +0   +0.0000000000000000e+00  +0.0000000000000000e+00
 +1   +0.0000000000000000e+00  +1.5729622980657759e-03
 +2   +0.0000000000000000e+00  +2.3941380721292057e-07
 +3   +0.0000000000000000e+00  +2.3636209768458712e-06
 +4   +0.0000000000000000e+00  +2.2300734502549107e-10
 +5   +0.0000000000000000e+00  +9.1657900982219969e-09
 +6   -0.0000000000000000e+00  -1.9022265141986332e-12
 +7   +0.0000000000000000e+00  +4.6833243691998472e-11
 +8   -0.0000000000000000e+00  -2.7932860789598708e-14
 +9   +0.0000000000000000e+00  +2.7339481152721001e-13
+10   -0.0000000000000000e+00  -2.8031856392476528e-16
+11   +0.0000000000000000e+00  +1.7265362512807598e-15
+12   -0.0000000000000000e+00  -2.5476848734186253e-18
+13   +0.0000000000000000e+00  +1.1466108607794201e-17
+14   -0.0000000000000000e+00  -2.2946027961426192e-20
+15   +0.0000000000000000e+00  +1.0513849933378340e-19
+16   -0.0000000000000000e+00  -1.1227361158148989e-20
+17   -0.0000000000000000e+00  -4.6921860877727263e-20
+18   +0.0000000000000000e+00  +4.5285344062172385e-21
+19   -0.0000000000000000e+00  -1.1754011990901538e-20
+20   +0.0000000000000000e+00  +1.4926755253513567e-21
+21   +0.0000000000000000e+00  +1.4002560070262424e-21
+22   -0.0000000000000000e+00  -3.2093437507365572e-21
+23   +0.0000000000000000e+00  +8.8850754629961741e-21
+24   +0.0000000000000000e+00  +2.4001383899811716e-21
+25   -0.0000000000000000e+00  -5.2097328020376301e-21
+26   -0.0000000000000000e+00  -9.0662253029124893e-21
+27   +0.0000000000000000e+00  +3.1135032837422498e-22
+28   +0.0000000000000000e+00  +1.1605366982250312e-21
+29   -0.0000000000000000e+00  -1.8281121620193900e-20
+30   -0.0000000000000000e+00  -3.0438864927968382e-21

