-30   -0.0000000000000000e+00  -3.9303819389871496e-23
-29   -0.0000000000000000e+00  -1.2649297460065784e-22
-28   +0.0000000000000000e+00  +1.2603587456699045e-23
-27   -0.0000000000000000e+00  -6.8709003059719892e-23
-26   -0.0000000000000000e+00  -8.0710707068641686e-23
-25   -0.0000000000000000e+00  -9.4138312579260164e-23
-24   +0.0000000000000000e+00  +1.9455954920358314e-23
-23   +0.0000000000000000e+00  +8.0467459122392813e-23
-22   -0.0000000000000000e+00  -2.1465867027288450e-23
-21   -0.0000000000000000e+00  -1.1206113663330226e-23
-20   +0.0000000000000000e+00  +1.5501934356761180e-23
-19   -0.0000000000000000e+00  -7.4706806313747826e-23
-18   +0.0000000000000000e+00  +2.2197078889389303e-23
-17   -0.0000000000000000e+00  -4.6682064465086438e-22
-16   -0.0000000000000000e+00  -9.4004360732818287e-23
-15   +0.0000000000000000e+00  +9.9036188269220059e-22
-14   -0.0000000000000000e+00  -2.3717714074266034e-22
-13   +0.0000000000000000e+00  +1.1475649573790149e-19
-12   -0.0000000000000000e+00  -2.5500994499533887e-20
-11   +0.0000000000000000e+00  +1.7284313908810732e-17
-10   -0.0000000000000000e+00  -2.8062490235373808e-18
 -9   +0.0000000000000000e+00  +2.7369492848269229e-15
 -8   -0.0000000000000000e+00  -2.7963523247256254e-16
 -7   +0.0000000000000000e+00  +4.6884654461688204e-13
 -6   -0.0000000000000000e+00  -1.9043146681391092e-14
 -5   +0.0000000000000000e+00  +9.1758517623898488e-11
 -4   +0.0000000000000000e+00  +2.2325214934583656e-12
 -3   +0.0000000000000000e+00  +2.3662156206478304e-08
 -2   +0.0000000000000000e+00  +2.3967662157997525e-09
 -1   +0.0000000000000000e+00  +1.5746890033697941e-05
 +0   +0.0000000000000000e+00  +0.0000000000000000e+00
 +1   -0.0000000000000000e+00  -1.5746890033697941e-05
 +2   -0.0000000000000000e+00  -2.3967662157997525e-09
 +3   -0.0000000000000000e+00  -2.3662156206478304e-08
 +4   -0.0000000000000000e+00  -2.2325214934583656e-12
 +5   -0.0000000000000000e+00  -9.1758517623898488e-11
 +6   +0.0000000000000000e+00  +1.9043146681391092e-14
 +7   -0.0000000000000000e+00  -4.6884654461688204e-13
 +8   +0.0000000000000000e+00  +2.7963523247256254e-16
 +9   -0.0000000000000000e+00  -2.7369492848269229e-15
+10   +0.0000000000000000e+00  +2.8062490235373808e-18
+11   -0.0000000000000000e+00  -1.7284313908810732e-17
+12   +0.0000000000000000e+00  +2.5500994499533887e-20
+13   -0.0000000000000000e+00  -1.1475649573790149e-19
+14   +0.0000000000000000e+00  +2.3717714074266034e-22
+15   -0.0000000000000000e+00  -9.9036188269220059e-22
+16   +0.0000000000000000e+00  +9.4004360732818287e-23
+17   +0.0000000000000000e+00  +4.6682064465086438e-22
+18   -0.0000000000000000e+00  -2.2197078889389303e-23
+19   +0.0000000000000000e+00  +7.4706806313747826e-23
+20   -0.0000000000000000e+00  -1.5501934356761180e-23
+21   +0.0000000000000000e+00  +1.1206113663330226e-23
+22   +0.0000000000000000e+00  +2.1465867027288450e-23
+23   -0.0000000000000000e+00  -8.0467459122392813e-23
+24   -0.0000000000000000e+00  -1.9455954920358314e-23
+25   +0.0000000000000000e+00  +9.4138312579260164e-23
+26   +0.0000000000000000e+00  +8.0710707068641686e-23
+27   +0.0000000000000000e+00  +6.8709003059719892e-23
+28   -0.0000000000000000e+00  -1.2603587456699045e-23
+29   +0.0000000000000000e+00  +1.2649297460065784e-22
+30   +0.0000000000000000e+00  +3.9303819389871496e-23

