+0 +0.0000000000000000e+00
+1 -3.1459245961315517e-03
+2 -4.7882761442584114e-07
+3 -4.7272419536917424e-06
+4 -4.4601469005098214e-10
+5 -1.8331580196443994e-08
+6 +3.8044530283972665e-12
+7 -9.3666487383996943e-11
+8 +5.5865721579197416e-14
+9 -5.4678962305442003e-13
+10 +5.6063712784953056e-16
+11 -3.4530725025615196e-15
+12 +5.0953697468372506e-18
+13 -2.2932217215588402e-17
+14 +4.5892055922852384e-20
+15 -2.1027699866756680e-19
+16 +2.2454722316297977e-20
+17 +9.3843721755454527e-20
+18 -9.0570688124344770e-21
+19 +2.3508023981803076e-20
+20 -2.9853510507027134e-21
+21 -2.8005120140524848e-21
+22 +6.4186875014731143e-21
+23 -1.7770150925992348e-20
+24 -4.8002767799623432e-21
+25 +1.0419465604075260e-20
+26 +1.8132450605824979e-20
+27 -6.2270065674844997e-22
+28 -2.3210733964500625e-21
+29 +3.6562243240387800e-20
+30 +6.0877729855936764e-21
