-30   -3.1384683082452669e-17  +0.0000000000000000e+00
-29   -6.6010283296119607e-17  +0.0000000000000000e+00
-28   -2.5802796633081570e-17  +0.0000000000000000e+00
-27   -1.3950213668002428e-17  +0.0000000000000000e+00
-26   -1.6875013284666234e-17  +0.0000000000000000e+00
-25   +4.2653091165106818e-17  +0.0000000000000000e+00
-24   -9.5316914481816539e-17  +0.0000000000000000e+00
-23   -5.9820389083867673e-17  +0.0000000000000000e+00
-22   -4.3526617657176487e-17  +0.0000000000000000e+00
-21   +2.2786256590970143e-16  +0.0000000000000000e+00
-20   +1.1581999167011020e-16  +0.0000000000000000e+00
-19   +1.4781882369299831e-16  +0.0000000000000000e+00
-18   +1.5862334258104298e-16  +0.0000000000000000e+00
-17   +1.2395167975398847e-16  +0.0000000000000000e+00
-16   -4.0240085343758372e-17  +0.0000000000000000e+00
-15   -1.3196609193929534e-16  +0.0000000000000000e+00
-14   +3.0642619330753649e-17  +0.0000000000000000e+00
-13   +8.9030870250802775e-16  +0.0000000000000000e+00
-12   -1.5423612814476964e-16  +0.0000000000000000e+00
-11   +1.4051447544702259e-13  +0.0000000000000000e+00
-10   -2.2775753626070918e-14  +0.0000000000000000e+00
 -9   +2.2243507103917528e-11  +0.0000000000000000e+00
 -8   -2.2687076708649207e-12  +0.0000000000000000e+00
 -7   +3.8106769233997854e-09  +0.0000000000000000e+00
 -6   -1.5296030904204202e-10  +0.0000000000000000e+00
 -5   +7.4580451723680298e-07  +0.0000000000000000e+00
 -4   +1.9299281684544810e-08  +0.0000000000000000e+00
 -3   +1.9220300598157006e-04  +0.0000000000000000e+00
 -2   +2.1332512678329828e-05  +0.0000000000000000e+00
 -1   +1.2567767480239056e-01  +0.0000000000000000e+00
 +0   +9.9988620418516594e-01  +0.0000000000000000e+00
 +1   +1.2567767480239056e-01  +0.0000000000000000e+00
 +2   +2.1332512678329828e-05  +0.0000000000000000e+00
 +3   +1.9220300598157006e-04  +0.0000000000000000e+00
 +4   +1.9299281684544810e-08  +0.0000000000000000e+00
 +5   +7.4580451723680298e-07  +0.0000000000000000e+00
 +6   -1.5296030904204202e-10  +0.0000000000000000e+00
 +7   +3.8106769233997854e-09  +0.0000000000000000e+00
 +8   -2.2687076708649207e-12  +0.0000000000000000e+00
 +9   +2.2243507103917528e-11  +0.0000000000000000e+00
+10   -2.2775753626070918e-14  +0.0000000000000000e+00
+11   +1.4051447544702259e-13  +0.0000000000000000e+00
+12   -1.5423612814476964e-16  +0.0000000000000000e+00
+13   +8.9030870250802775e-16  +0.0000000000000000e+00
+14   +3.0642619330753649e-17  +0.0000000000000000e+00
+15   -1.3196609193929534e-16  +0.0000000000000000e+00
+16   -4.0240085343758372e-17  +0.0000000000000000e+00
+17   +1.2395167975398847e-16  +0.0000000000000000e+00
+18   +1.5862334258104298e-16  +0.0000000000000000e+00
+19   +1.4781882369299831e-16  +0.0000000000000000e+00
+20   +1.1581999167011020e-16  +0.0000000000000000e+00
+21   +2.2786256590970143e-16  +0.0000000000000000e+00
+22   -4.3526617657176487e-17  +0.0000000000000000e+00
+23   -5.9820389083867673e-17  +0.0000000000000000e+00
+24   -9.5316914481816539e-17  +0.0000000000000000e+00
+25   +4.2653091165106818e-17  +0.0000000000000000e+00
+26   -1.6875013284666234e-17  +0.0000000000000000e+00
+27   -1.3950213668002428e-17  +0.0000000000000000e+00
+28   -2.5802796633081570e-17  +0.0000000000000000e+00
+29   -6.6010283296119607e-17  +0.0000000000000000e+00
+30   -3.1384683082452669e-17  +0.0000000000000000e+00

