+0 +9.9988620418516594e-01
+1 +2.5135534960478112e-01
+2 +4.2665025356659656e-05
+3 +3.8440601196314012e-04
+4 +3.8598563369089621e-08
+5 +1.4916090344736060e-06
+6 -3.0592061808408404e-10
+7 +7.6213538467995707e-09
+8 -4.5374153417298414e-12
+9 +4.4487014207835056e-11
+10 -4.5551507252141837e-14
+11 +2.8102895089404518e-13
+12 -3.0847225628953929e-16
+13 +1.7806174050160555e-15
+14 +6.1285238661507297e-17
+15 -2.6393218387859067e-16
+16 -8.0480170687516743e-17
+17 +2.4790335950797693e-16
+18 +3.1724668516208595e-16
+19 +2.9563764738599662e-16
+20 +2.3163998334022039e-16
+21 +4.5572513181940286e-16
+22 -8.7053235314352974e-17
+23 -1.1964077816773535e-16
+24 -1.9063382896363308e-16
+25 +8.5306182330213637e-17
+26 -3.3750026569332467e-17
+27 -2.7900427336004857e-17
+28 -5.1605593266163140e-17
+29 -1.3202056659223921e-16
+30 -6.2769366164905338e-17
