-30   -0.0000000000000000e+00  -4.4405911263777927e-19
-29   -0.0000000000000000e+00  -8.0506155517339015e-19
-28   +0.0000000000000000e+00  +3.3633966560368239e-19
-27   -0.0000000000000000e+00  -4.1455066963096765e-19
-26   -0.0000000000000000e+00  -7.4835681637243700e-19
-25   +0.0000000000000000e+00  +2.0423446082342691e-19
-24   +0.0000000000000000e+00  +2.7261930535949235e-19
-23   -0.0000000000000000e+00  -4.4608091579692045e-19
-22   -0.0000000000000000e+00  -4.2990546323500836e-19
-21   +0.0000000000000000e+00  +5.7632632635764828e-19
-20   +0.0000000000000000e+00  +3.7922237963465029e-19
-19   -0.0000000000000000e+00  -9.3556180264394326e-19
-18   -0.0000000000000000e+00  -5.4490908074395966e-20
-17   -0.0000000000000000e+00  -3.4691867686038457e-18
-16   -0.0000000000000000e+00  -8.7196925052240161e-19
-15   +0.0000000000000000e+00  +7.9201559269683239e-18
-14   -0.0000000000000000e+00  -1.8004610725493384e-18
-13   +0.0000000000000000e+00  +9.3199285436818144e-16
-12   -0.0000000000000000e+00  -2.0692481262664756e-16
-11   +0.0000000000000000e+00  +1.4036870978161710e-13
-10   -0.0000000000000000e+00  -2.2789994043695133e-14
 -9   +0.0000000000000000e+00  +2.2227158536039951e-11
 -8   -0.0000000000000000e+00  -2.2709578741917632e-12
 -7   +0.0000000000000000e+00  +3.8075702029106926e-09
 -6   -0.0000000000000000e+00  -1.5465213258716808e-10
 -5   +0.0000000000000000e+00  +7.4518411530439395e-07
 -4   +0.0000000000000000e+00  +1.8130628056062188e-08
 -3   +0.0000000000000000e+00  +1.9216377286308288e-04
 -2   +0.0000000000000000e+00  +1.9464483062314859e-05
 -1   +0.0000000000000000e+00  +1.2788275816161676e-01
 +0   +0.0000000000000000e+00  +0.0000000000000000e+00
 +1   -0.0000000000000000e+00  -1.2788275816161676e-01
 +2   -0.0000000000000000e+00  -1.9464483062314859e-05
 +3   -0.0000000000000000e+00  -1.9216377286308288e-04
 +4   -0.0000000000000000e+00  -1.8130628056062188e-08
 +5   -0.0000000000000000e+00  -7.4518411530439395e-07
 +6   +0.0000000000000000e+00  +1.5465213258716808e-10
 +7   -0.0000000000000000e+00  -3.8075702029106926e-09
 +8   +0.0000000000000000e+00  +2.2709578741917632e-12
 +9   -0.0000000000000000e+00  -2.2227158536039951e-11
+10   +0.0000000000000000e+00  +2.2789994043695133e-14
+11   -0.0000000000000000e+00  -1.4036870978161710e-13
+12   +0.0000000000000000e+00  +2.0692481262664756e-16
+13   -0.0000000000000000e+00  -9.3199285436818144e-16
+14   +0.0000000000000000e+00  +1.8004610725493384e-18
+15   -0.0000000000000000e+00  -7.9201559269683239e-18
+16   +0.0000000000000000e+00  +8.7196925052240161e-19
+17   +0.0000000000000000e+00  +3.4691867686038457e-18
+18   +0.0000000000000000e+00  +5.4490908074395966e-20
+19   +0.0000000000000000e+00  +9.3556180264394326e-19
+20   -0.0000000000000000e+00  -3.7922237963465029e-19
+21   -0.0000000000000000e+00  -5.7632632635764828e-19
+22   +0.0000000000000000e+00  +4.2990546323500836e-19
+23   +0.0000000000000000e+00  +4.4608091579692045e-19
+24   -0.0000000000000000e+00  -2.7261930535949235e-19
+25   -0.0000000000000000e+00  -2.0423446082342691e-19
+26   +0.0000000000000000e+00  +7.4835681637243700e-19
+27   +0.0000000000000000e+00  +4.1455066963096765e-19
+28   -0.0000000000000000e+00  -3.3633966560368239e-19
+29   +0.0000000000000000e+00  +8.0506155517339015e-19
+30   +0.0000000000000000e+00  +4.4405911263777927e-19

