+0 +0.0000000000000000e+00
+1 +2.5576551632323352e-01
+2 +3.8928966124629717e-05
+3 +3.8432754572616576e-04
+4 +3.6261256112124377e-08
+5 +1.4903682306087879e-06
+6 -3.0930426517433615e-10
+7 +7.6151404058213853e-09
+8 -4.5419157483835264e-12
+9 +4.4454317072079901e-11
+10 -4.5579988087390266e-14
+11 +2.8073741956323421e-13
+12 -4.1384962525329513e-16
+13 +1.8639857087363629e-15
+14 -3.6009221450986767e-18
+15 +1.5840311853936648e-17
+16 -1.7439385010448032e-18
+17 -6.9383735372076914e-18
+18 -1.0898181614879193e-19
+19 -1.8711236052878865e-18
+20 +7.5844475926930058e-19
+21 +1.1526526527152966e-18
+22 -8.5981092647001672e-19
+23 -8.9216183159384089e-19
+24 +5.4523861071898469e-19
+25 +4.0846892164685382e-19
+26 -1.4967136327448740e-18
+27 -8.2910133926193530e-19
+28 +6.7267933120736478e-19
+29 -1.6101231103467803e-18
+30 -8.8811822527555855e-19
