+0 +0.0000000000000000e+00
+1 -2.5604628063281894e-03
+2 -3.8971700049257475e-07
+3 -3.8474943785447842e-06
+4 -3.6301061581691336e-10
+5 -1.4920042690132572e-08
+6 +3.0964380110615916e-12
+7 -7.6234998579967315e-11
+8 +4.5469014783139728e-14
+9 -4.4503117104184267e-13
+10 +4.5629953743060847e-16
+11 -2.8104542388765518e-15
+12 +4.1453521603504372e-18
+13 -1.8656390870529337e-17
+14 +3.5597541032962067e-20
+15 -1.6568178114527599e-19
+16 +1.9378272714082744e-20
+17 +7.3792128164088770e-20
+18 -8.0911720461146702e-22
+19 +6.3652628475553557e-21
+20 -7.6660128795086420e-21
+21 -7.9025253181140760e-21
+22 +1.0443565811281237e-20
+23 +8.2519568302231071e-21
+24 -7.9940196383805015e-21
+25 +5.5988902346068796e-21
+26 +1.6148587617035683e-20
+27 +1.1607544306934094e-20
+28 -6.7579538778040397e-21
+29 +1.3310097421908431e-20
+30 +9.2125038762202202e-21
