-30   +1.5073954627434649e-17  +3.7316930574547852e-17
-29   +1.5907809872278371e-17  +3.8594240505497368e-17
-28   +1.4189283627468555e-17  +4.0417246853463816e-17
-27   +1.3780206913058133e-17  +4.5813239001727310e-17
-26   +1.2923940990982956e-17  +5.7866625539208303e-17
-25   +6.1724010709611868e-18  +9.7872950573341677e-17
-24   -1.4639956483894356e-17  +2.4454181253437540e-16
-23   -9.2539862136867193e-17  +7.6663075494611997e-16
-22   -3.7257934002785581e-16  +2.6656600152113039e-15
-21   -1.3742498941249430e-15  +9.5489495540740792e-15
-20   -4.9286393213656228e-15  +3.4447768738383291e-14
-19   -1.7509333998912176e-14  +1.2422944586557901e-13
-18   -6.1734389144351452e-14  +4.4677592994688576e-13
-17   -2.1609720953556718e-13  +1.6008293249188119e-12
-16   -7.5048281403552879e-13  +5.7111013378547370e-12
-15   -2.5826373074678286e-12  +2.0275217941660585e-11
-14   -8.7920285586767393e-12  +7.1582256206460620e-11
-13   -2.9542492848322987e-11  +2.5113779364910893e-10
-12   -9.7682039017113384e-11  +8.7475883752714334e-10
-11   -3.1646212287070425e-10  +3.0216435239792589e-09
-10   -9.9814269458384785e-10  +1.0336165727125574e-08
 -9   -3.0340861829744440e-09  +3.4949773976387341e-08
 -8   -8.7331626819299369e-09  +1.1653551082110915e-07
 -7   -2.2977061842898054e-08  +3.8193118987187886e-07
 -6   -5.0472025770642217e-08  +1.2248143506087601e-06
 -5   -6.1011296254241060e-08  +3.8164957590472723e-06
 -4   +2.2493715720189653e-07  +1.1446075392846688e-05
 -3   +2.3651360587324397e-06  +3.2149165063476634e-05
 -2   +1.4582674211262749e-05  +8.4495052532938960e-05
 -1   +6.4127695078681006e-06  +6.5807567153045824e-06
 +0   +4.1980645154927283e-02  +0.0000000000000000e+00
 +1   +6.4127695078681006e-06  -6.5807567153045824e-06
 +2   +1.4582674211262749e-05  -8.4495052532938960e-05
 +3   +2.3651360587324397e-06  -3.2149165063476634e-05
 +4   +2.2493715720189653e-07  -1.1446075392846688e-05
 +5   -6.1011296254241060e-08  -3.8164957590472723e-06
 +6   -5.0472025770642217e-08  -1.2248143506087601e-06
 +7   -2.2977061842898054e-08  -3.8193118987187886e-07
 +8   -8.7331626819299369e-09  -1.1653551082110915e-07
 +9   -3.0340861829744440e-09  -3.4949773976387341e-08
+10   -9.9814269458384785e-10  -1.0336165727125574e-08
+11   -3.1646212287070425e-10  -3.0216435239792589e-09
+12   -9.7682039017113384e-11  -8.7475883752714334e-10
+13   -2.9542492848322987e-11  -2.5113779364910893e-10
+14   -8.7920285586767393e-12  -7.1582256206460620e-11
+15   -2.5826373074678286e-12  -2.0275217941660585e-11
+16   -7.5048281403552879e-13  -5.7111013378547370e-12
+17   -2.1609720953556718e-13  -1.6008293249188119e-12
+18   -6.1734389144351452e-14  -4.4677592994688576e-13
+19   -1.7509333998912176e-14  -1.2422944586557901e-13
+20   -4.9286393213656228e-15  -3.4447768738383291e-14
+21   -1.3742498941249430e-15  -9.5489495540740792e-15
+22   -3.7257934002785581e-16  -2.6656600152113039e-15
+23   -9.2539862136867193e-17  -7.6663075494611997e-16
+24   -1.4639956483894356e-17  -2.4454181253437540e-16
+25   +6.1724010709611868e-18  -9.7872950573341677e-17
+26   +1.2923940990982956e-17  -5.7866625539208303e-17
+27   +1.3780206913058133e-17  -4.5813239001727310e-17
+28   +1.4189283627468555e-17  -4.0417246853463816e-17
+29   +1.5907809872278371e-17  -3.8594240505497368e-17
+30   +1.5073954627434649e-17  -3.7316930574547852e-17

