-30   +8.0770704259796387e-18  +7.1276309236208624e-18
-29   +5.1456062376808656e-18  +7.7219725491959188e-18
-28   -1.7886581224724017e-17  +9.6514222201372002e-18
-27   -2.6204393551555820e-18  +1.1668192553690698e-17
-26   +1.1966219035736612e-17  +1.8742512893099907e-17
-25   +2.0338135252769425e-17  +4.5358891833563246e-17
-24   +9.7501018229346289e-17  +1.4554570185805249e-16
-23   +3.8221241737135612e-16  +5.0666709621343919e-16
-22   +1.3352723259616209e-15  +1.8194439278295375e-15
-21   +4.8001835223046524e-15  +6.5760095991841871e-15
-20   +1.7548438955840221e-14  +2.3763351569239048e-14
-19   +6.3708975275243632e-14  +8.5657436038134968e-14
-18   +2.3049620114833955e-13  +3.0770415189683047e-13
-17   +8.3148441402028893e-13  +1.1008535129551138e-12
-16   +2.9883840712874916e-12  +3.9203817284064599e-12
-15   +1.0696971862082108e-11  +1.3889284015538586e-11
-14   +3.8117658843640181e-11  +4.8919783525286186e-11
-13   +1.3514447176076350e-10  +1.7115185795512561e-10
-12   +4.7642730676031806e-10  +5.9419192863285636e-10
-11   +1.6687242428650388e-09  +2.0443853593679292e-09
-10   +5.8016415606503444e-09  +6.9594816919562560e-09
 -9   +1.9997942171168672e-08  +2.3390197104687273e-08
 -8   +6.8241440931373173e-08  +7.7387629311308519e-08
 -7   +2.3009117291203659e-07  +2.5101960522209710e-07
 -6   +7.6468849183631484e-07  +7.9348608766232856e-07
 -5   +2.4950335158801235e-06  +2.4203106892328058e-06
 -4   +7.9649554610541916e-06  +7.0113833957551785e-06
 -3   +2.4356265197130012e-05  +1.8466565515488779e-05
 -2   +7.3301728632421551e-05  +4.1400620346558542e-05
 -1   +1.3713269304157400e-05  -1.5551215422501783e-06
 +0   -1.1615665385469312e-08  +0.0000000000000000e+00
 +1   +1.3713269304157400e-05  +1.5551215422501783e-06
 +2   +7.3301728632421551e-05  -4.1400620346558542e-05
 +3   +2.4356265197130012e-05  -1.8466565515488779e-05
 +4   +7.9649554610541916e-06  -7.0113833957551785e-06
 +5   +2.4950335158801235e-06  -2.4203106892328058e-06
 +6   +7.6468849183631484e-07  -7.9348608766232856e-07
 +7   +2.3009117291203659e-07  -2.5101960522209710e-07
 +8   +6.8241440931373173e-08  -7.7387629311308519e-08
 +9   +1.9997942171168672e-08  -2.3390197104687273e-08
+10   +5.8016415606503444e-09  -6.9594816919562560e-09
+11   +1.6687242428650388e-09  -2.0443853593679292e-09
+12   +4.7642730676031806e-10  -5.9419192863285636e-10
+13   +1.3514447176076350e-10  -1.7115185795512561e-10
+14   +3.8117658843640181e-11  -4.8919783525286186e-11
+15   +1.0696971862082108e-11  -1.3889284015538586e-11
+16   +2.9883840712874916e-12  -3.9203817284064599e-12
+17   +8.3148441402028893e-13  -1.1008535129551138e-12
+18   +2.3049620114833955e-13  -3.0770415189683047e-13
+19   +6.3708975275243632e-14  -8.5657436038134968e-14
+20   +1.7548438955840221e-14  -2.3763351569239048e-14
+21   +4.8001835223046524e-15  -6.5760095991841871e-15
+22   +1.3352723259616209e-15  -1.8194439278295375e-15
+23   +3.8221241737135612e-16  -5.0666709621343919e-16
+24   +9.7501018229346289e-17  -1.4554570185805249e-16
+25   +2.0338135252769425e-17  -4.5358891833563246e-17
+26   +1.1966219035736612e-17  -1.8742512893099907e-17
+27   -2.6204393551555820e-18  -1.1668192553690698e-17
+28   -1.7886581224724017e-17  -9.6514222201372002e-18
+29   +5.1456062376808656e-18  -7.7219725491959188e-18
+30   +8.0770704259796387e-18  -7.1276309236208624e-18

