-30   -6.9136492832093787e-18  -5.6932316827119753e-18
-29   -2.7509409292560258e-18  -4.4324006180940107e-18
-28   +1.2922422804840096e-17  -5.0608506104949636e-18
-27   -5.9258432555589227e-19  -4.0929276967937216e-18
-26   -1.7932822423145642e-17  +4.1202893756225052e-18
-25   -4.7458435446778852e-17  +3.2170419342436406e-17
-24   -1.8932036041709531e-16  +1.3476678732593304e-16
-23   -7.0289716155742330e-16  +5.0961031107501128e-16
-22   -2.5030198892613247e-15  +1.8721963924003391e-15
-21   -9.0170966181367622e-15  +6.8263085403179004e-15
-20   -3.2622276519137823e-14  +2.4775066832841940e-14
-19   -1.1742245682273430e-13  +8.9565517516991578e-14
-18   -4.2090158948409076e-13  +3.2261228855338284e-13
-17   -1.5025137395734263e-12  +1.1575432918068221e-12
-16   -5.3377383800118818e-12  +4.1356480620569747e-12
-15   -1.8860307813723521e-11  +1.4705842903327439e-11
-14   -6.6234473059162171e-11  +5.2014446401191002e-11
-13   -2.3098887158125482e-10  +1.8287005193631579e-10
-12   -7.9912224218168460e-10  +6.3852572724202078e-10
-11   -2.7389481105096549e-09  +2.2119771880686025e-09
-10   -9.2850997125124307e-09  +7.5925584216632303e-09
 -9   -3.1066930231892601e-08  +2.5780394174194463e-08
 -8   -1.0230682254264089e-07  +8.6410822885099013e-08
 -7   -3.3033329294248329e-07  +2.8510409154420903e-07
 -6   -1.0403091803774606e-06  +9.2251545727590808e-07
 -5   -3.1699219448413425e-06  +2.9110350780371853e-06
 -4   -9.2460054519027546e-06  +8.9005190342252396e-06
 -3   -2.5083447934047252e-05  +2.5849494594020663e-05
 -2   -6.3489101935893430e-05  +7.3153507039997156e-05
 -1   -3.1830098768946316e-06  +7.6001985070960377e-06
 +0   -1.3400480636509792e-08  +0.0000000000000000e+00
 +1   -3.1830098768946316e-06  -7.6001985070960377e-06
 +2   -6.3489101935893430e-05  -7.3153507039997156e-05
 +3   -2.5083447934047252e-05  -2.5849494594020663e-05
 +4   -9.2460054519027546e-06  -8.9005190342252396e-06
 +5   -3.1699219448413425e-06  -2.9110350780371853e-06
 +6   -1.0403091803774606e-06  -9.2251545727590808e-07
 +7   -3.3033329294248329e-07  -2.8510409154420903e-07
 +8   -1.0230682254264089e-07  -8.6410822885099013e-08
 +9   -3.1066930231892601e-08  -2.5780394174194463e-08
+10   -9.2850997125124307e-09  -7.5925584216632303e-09
+11   -2.7389481105096549e-09  -2.2119771880686025e-09
+12   -7.9912224218168460e-10  -6.3852572724202078e-10
+13   -2.3098887158125482e-10  -1.8287005193631579e-10
+14   -6.6234473059162171e-11  -5.2014446401191002e-11
+15   -1.8860307813723521e-11  -1.4705842903327439e-11
+16   -5.3377383800118818e-12  -4.1356480620569747e-12
+17   -1.5025137395734263e-12  -1.1575432918068221e-12
+18   -4.2090158948409076e-13  -3.2261228855338284e-13
+19   -1.1742245682273430e-13  -8.9565517516991578e-14
+20   -3.2622276519137823e-14  -2.4775066832841940e-14
+21   -9.0170966181367622e-15  -6.8263085403179004e-15
+22   -2.5030198892613247e-15  -1.8721963924003391e-15
+23   -7.0289716155742330e-16  -5.0961031107501128e-16
+24   -1.8932036041709531e-16  -1.3476678732593304e-16
+25   -4.7458435446778852e-17  -3.2170419342436406e-17
+26   -1.7932822423145642e-17  -4.1202893756225052e-18
+27   -5.9258432555589227e-19  +4.0929276967937216e-18
+28   +1.2922422804840096e-17  +5.0608506104949636e-18
+29   -2.7509409292560258e-18  +4.4324006180940107e-18
+30   -6.9136492832093787e-18  +5.6932316827119753e-18

