-30   -6.0703597803179311e-18  -1.3492858449603645e-18
-29   -1.6346861477314560e-18  -2.1406909362255557e-18
-28   +1.5940566913165830e-17  -1.4994995081175099e-18
-27   +2.4514430216731820e-18  -3.4301114085863104e-18
-26   -3.1589750607478909e-18  -2.8376160566155107e-18
-25   +1.0467441120325092e-18  -2.9860266331051603e-18
-24   -1.5019731921060267e-17  -2.1249958971413436e-18
-23   -7.5693782287367572e-17  -3.9866888801063602e-18
-22   -2.3598378805796275e-16  -6.0088845530351251e-18
-21   -8.4167183207316057e-16  -1.6269026446439616e-17
-20   -3.2501727907668261e-15  -5.5972260045184708e-17
-19   -1.2310184588951058e-14  -2.1155098448884804e-16
-18   -4.6446515951422251e-14  -8.3551187804962128e-16
-17   -1.7532558651289060e-13  -3.3308234816475184e-15
-16   -6.6065775627041158e-13  -1.3320423759146717e-14
-15   -2.4851733558438233e-12  -5.3419693710562295e-14
-14   -9.3300574235019340e-12  -2.1481674310654163e-13
-13   -3.4949711683040747e-11  -8.6639634489141164e-13
-12   -1.3058345423033159e-10  -3.5062488000122183e-12
-11   -4.8645229392677534e-10  -1.4246824252515099e-11
-10   -1.8058202268703105e-09  -5.8170093229272558e-11
 -9   -6.6757238219975806e-09  -2.3892671222421546e-10
 -8   -2.4554713784680088e-08  -9.8873754467595444e-10
 -7   -8.9750670674542458e-08  -4.1311673211200786e-09
 -6   -3.2550083982544729e-07  -1.7488397872761399e-08
 -5   -1.1673787727970162e-06  -7.5340485334420794e-08
 -4   -4.1349006796848300e-06  -3.3427004537463483e-07
 -3   -1.4113796337987900e-05  -1.5286247678783867e-06
 -2   -4.8448688173669242e-05  -7.9852941105759905e-06
 -1   -1.7146532807720234e-05  -6.1388293585040892e-06
 +0   -2.5884654005116356e-09  +0.0000000000000000e+00
 +1   -1.7146532807720234e-05  +6.1388293585040892e-06
 +2   -4.8448688173669242e-05  +7.9852941105759905e-06
 +3   -1.4113796337987900e-05  +1.5286247678783867e-06
 +4   -4.1349006796848300e-06  +3.3427004537463483e-07
 +5   -1.1673787727970162e-06  +7.5340485334420794e-08
 +6   -3.2550083982544729e-07  +1.7488397872761399e-08
 +7   -8.9750670674542458e-08  +4.1311673211200786e-09
 +8   -2.4554713784680088e-08  +9.8873754467595444e-10
 +9   -6.6757238219975806e-09  +2.3892671222421546e-10
+10   -1.8058202268703105e-09  +5.8170093229272558e-11
+11   -4.8645229392677534e-10  +1.4246824252515099e-11
+12   -1.3058345423033159e-10  +3.5062488000122183e-12
+13   -3.4949711683040747e-11  +8.6639634489141164e-13
+14   -9.3300574235019340e-12  +2.1481674310654163e-13
+15   -2.4851733558438233e-12  +5.3419693710562295e-14
+16   -6.6065775627041158e-13  +1.3320423759146717e-14
+17   -1.7532558651289060e-13  +3.3308234816475184e-15
+18   -4.6446515951422251e-14  +8.3551187804962128e-16
+19   -1.2310184588951058e-14  +2.1155098448884804e-16
+20   -3.2501727907668261e-15  +5.5972260045184708e-17
+21   -8.4167183207316057e-16  +1.6269026446439616e-17
+22   -2.3598378805796275e-16  +6.0088845530351251e-18
+23   -7.5693782287367572e-17  +3.9866888801063602e-18
+24   -1.5019731921060267e-17  +2.1249958971413436e-18
+25   +1.0467441120325092e-18  +2.9860266331051603e-18
+26   -3.1589750607478909e-18  +2.8376160566155107e-18
+27   +2.4514430216731820e-18  +3.4301114085863104e-18
+28   +1.5940566913165830e-17  +1.4994995081175099e-18
+29   -1.6346861477314560e-18  +2.1406909362255557e-18
+30   -6.0703597803179311e-18  +1.3492858449603645e-18

