-30   -1.4639422099076228e-17  -3.5765600967114809e-17
-29   -1.4273386419220715e-17  -3.7711638575273880e-17
-28   -1.6792586701817881e-17  -3.7961067344692526e-17
-27   -1.6386026852195474e-17  -3.6859968417869420e-17
-26   -1.6470091702863002e-17  -2.7765503003065352e-17
-25   -2.3033584334879163e-17  +9.4737308724488624e-18
-24   -4.5357209838773097e-17  +1.5068706095375480e-16
-23   -1.2146012632635053e-16  +6.6919167580262330e-16
-22   -4.0231419613390049e-16  +2.5616498417548765e-15
-21   -1.4045159905497176e-15  +9.4365198966089037e-15
-20   -4.9627926159187096e-15  +3.4318580487558798e-14
-19   -1.7548244778302588e-14  +1.2403834667742801e-13
-18   -6.1801680235349406e-14  +4.4636999786066602e-13
-17   -2.1627832841709768e-13  +1.5995745750595920e-12
-16   -7.5112375595437258e-13  +5.7064754868816909e-12
-15   -2.5851352581157591e-12  +2.0257101429348055e-11
-14   -8.8020799585390969e-12  +7.1509944170605343e-11
-13   -2.9583378880423987e-11  +2.5084710224155681e-10
-12   -9.7849502026139412e-11  +8.7358524818965041e-10
-11   -3.1715255393883010e-10  +3.0168869080561342e-09
-10   -1.0010112286426909e-09  +1.0316802772789375e-08
 -9   -3.0461185670576990e-09  +3.4870543199751953e-08
 -8   -8.7842593654878504e-09  +1.1620923531628172e-07
 -7   -2.3197632161351609e-08  +3.8057684362529033e-07
 -6   -5.1446106272978811e-08  +1.2191331583764338e-06
 -5   -6.5456556157390798e-08  +3.7923526906388348e-06
 -4   +2.0354799826327953e-07  +1.1341275560015883e-05
 -3   +2.2537017920392759e-06  +3.1690162455194536e-05
 -2   +1.3864088756798409e-05  +8.2330858069225394e-05
 -1   +5.9981750109189208e-06  +4.9128409007217732e-06
 +0   -4.1980661423101244e-02  +0.0000000000000000e+00
 +1   +5.9981750109189208e-06  -4.9128409007217732e-06
 +2   +1.3864088756798409e-05  -8.2330858069225394e-05
 +3   +2.2537017920392759e-06  -3.1690162455194536e-05
 +4   +2.0354799826327953e-07  -1.1341275560015883e-05
 +5   -6.5456556157390798e-08  -3.7923526906388348e-06
 +6   -5.1446106272978811e-08  -1.2191331583764338e-06
 +7   -2.3197632161351609e-08  -3.8057684362529033e-07
 +8   -8.7842593654878504e-09  -1.1620923531628172e-07
 +9   -3.0461185670576990e-09  -3.4870543199751953e-08
+10   -1.0010112286426909e-09  -1.0316802772789375e-08
+11   -3.1715255393883010e-10  -3.0168869080561342e-09
+12   -9.7849502026139412e-11  -8.7358524818965041e-10
+13   -2.9583378880423987e-11  -2.5084710224155681e-10
+14   -8.8020799585390969e-12  -7.1509944170605343e-11
+15   -2.5851352581157591e-12  -2.0257101429348055e-11
+16   -7.5112375595437258e-13  -5.7064754868816909e-12
+17   -2.1627832841709768e-13  -1.5995745750595920e-12
+18   -6.1801680235349406e-14  -4.4636999786066602e-13
+19   -1.7548244778302588e-14  -1.2403834667742801e-13
+20   -4.9627926159187096e-15  -3.4318580487558798e-14
+21   -1.4045159905497176e-15  -9.4365198966089037e-15
+22   -4.0231419613390049e-16  -2.5616498417548765e-15
+23   -1.2146012632635053e-16  -6.6919167580262330e-16
+24   -4.5357209838773097e-17  -1.5068706095375480e-16
+25   -2.3033584334879163e-17  -9.4737308724488624e-18
+26   -1.6470091702863002e-17  +2.7765503003065352e-17
+27   -1.6386026852195474e-17  +3.6859968417869420e-17
+28   -1.6792586701817881e-17  +3.7961067344692526e-17
+29   -1.4273386419220715e-17  +3.7711638575273880e-17
+30   -1.4639422099076228e-17  +3.5765600967114809e-17

