-30   -8.2440412836940120e-17  -1.7978213670923643e-16
-29   -7.7683151463919996e-17  -1.8671270093395295e-16
-28   -4.8358375014439965e-17  -1.9350477237259787e-16
-27   -6.8504465960706391e-17  -2.0261923563588085e-16
-26   -8.9156196385062488e-17  -2.1122276653953663e-16
-25   -1.0987084226517173e-16  -2.1756017166125496e-16
-24   -2.3982731437145203e-16  -2.2970620886740876e-16
-23   -7.1349586628153650e-16  -2.3844129670522347e-16
-22   -2.3352099208435250e-15  -2.5158198970184585e-16
-21   -8.2046426865805067e-15  -2.6210861623634224e-16
-20   -2.9664463835657050e-14  -2.6375511906005612e-16
-19   -1.0707412448914511e-13  -2.3405034221952865e-16
-18   -3.8548489942232364e-13  -7.5852619013422312e-17
-17   -1.3835078611690416e-12  +6.0921747569068493e-16
-16   -4.9449799183951286e-12  +3.4124034354420246e-15
-15   -1.7592861940830202e-11  +1.4766230521225546e-14
-14   -6.2264650383342789e-11  +6.0646516018508288e-14
-13   -2.1907124901267454e-10  +2.4654639338581317e-13
-12   -7.6562126063810586e-10  +1.0025021648200619e-12
-11   -2.6551974843064127e-09  +4.0911080228886671e-12
-10   -9.1264315908534789e-09  +1.6783594661058146e-11
 -9   -3.1042411639738405e-08  +6.9320699963591403e-11
 -8   -1.0428058568917653e-07  +2.8879513614271188e-10
 -7   -3.4507173669947891e-07  +1.2167269085386447e-09
 -6   -1.1209743827033715e-06  +5.2055390322637644e-09
 -5   -3.5560436130119919e-06  +2.2746603613372332e-08
 -4   -1.0955796744871706e-05  +1.0289321655748695e-07
 -3   -3.2038814127610718e-05  +4.8586453903442108e-07
 -2   -9.1267221508065585e-05  +2.6568599607919927e-06
 -1   -1.6320246547009225e-05  +1.4208681198323815e-06
 +0   +1.0538400883664581e-08  +0.0000000000000000e+00
 +1   -1.6320246547009225e-05  -1.4208681198323815e-06
 +2   -9.1267221508065585e-05  -2.6568599607919927e-06
 +3   -3.2038814127610718e-05  -4.8586453903442108e-07
 +4   -1.0955796744871706e-05  -1.0289321655748695e-07
 +5   -3.5560436130119919e-06  -2.2746603613372332e-08
 +6   -1.1209743827033715e-06  -5.2055390322637644e-09
 +7   -3.4507173669947891e-07  -1.2167269085386447e-09
 +8   -1.0428058568917653e-07  -2.8879513614271188e-10
 +9   -3.1042411639738405e-08  -6.9320699963591403e-11
+10   -9.1264315908534789e-09  -1.6783594661058146e-11
+11   -2.6551974843064127e-09  -4.0911080228886671e-12
+12   -7.6562126063810586e-10  -1.0025021648200619e-12
+13   -2.1907124901267454e-10  -2.4654639338581317e-13
+14   -6.2264650383342789e-11  -6.0646516018508288e-14
+15   -1.7592861940830202e-11  -1.4766230521225546e-14
+16   -4.9449799183951286e-12  -3.4124034354420246e-15
+17   -1.3835078611690416e-12  -6.0921747569068493e-16
+18   -3.8548489942232364e-13  +7.5852619013422312e-17
+19   -1.0707412448914511e-13  +2.3405034221952865e-16
+20   -2.9664463835657050e-14  +2.6375511906005612e-16
+21   -8.2046426865805067e-15  +2.6210861623634224e-16
+22   -2.3352099208435250e-15  +2.5158198970184585e-16
+23   -7.1349586628153650e-16  +2.3844129670522347e-16
+24   -2.3982731437145203e-16  +2.2970620886740876e-16
+25   -1.0987084226517173e-16  +2.1756017166125496e-16
+26   -8.9156196385062488e-17  +2.1122276653953663e-16
+27   -6.8504465960706391e-17  +2.0261923563588085e-16
+28   -4.8358375014439965e-17  +1.9350477237259787e-16
+29   -7.7683151463919996e-17  +1.8671270093395295e-16
+30   -8.2440412836940120e-17  +1.7978213670923643e-16

