-30   -5.4345275622230944e-18  -4.1484363126858833e-18
-29   -3.3130957405586580e-18  -4.4345441320120082e-18
-28   +1.4578939703083523e-17  -3.9150888440460571e-18
-27   +4.2863523574500956e-18  -5.1274297587846024e-18
-26   -5.3666254165469467e-18  -4.7438599396953087e-18
-25   -8.1275513576391554e-19  -4.7935725866972387e-18
-24   -1.5728970005860080e-17  -4.8880919115920027e-18
-23   -7.5833177489457033e-17  -5.0494057739276860e-18
-22   -2.3706481085605861e-16  -5.6136987515087341e-18
-21   -8.4343149927908261e-16  -6.6380801107812190e-18
-20   -3.2516732287058019e-15  -7.2065462955266392e-18
-19   -1.2313812413136394e-14  -6.1408070753259252e-18
-18   -4.6464939782282303e-14  -6.5799194816389747e-18
-17   -1.7539039310317220e-13  -7.4691888234008995e-18
-16   -6.6092652182412607e-13  -8.4226425733045362e-18
-15   -2.4863189956325026e-12  -8.2892728434491424e-18
-14   -9.3349862297236781e-12  -8.6573170455439479e-18
-13   -3.4971113980911450e-11  -9.1961730835028432e-18
-12   -1.3067729319486627e-10  -9.9835912248230849e-18
-11   -4.8686823858695570e-10  -1.0802156372387336e-17
-10   -1.8076883754618713e-09  -1.2578018822537927e-17
 -9   -6.6842495569473508e-09  -1.4817201571239804e-17
 -8   -2.4594405568681816e-08  -1.4664389550304441e-17
 -7   -8.9940203390049188e-08  -2.1847134717240205e-17
 -6   -3.2643690937944219e-07  +6.7520570765660720e-16
 -5   -1.1722179068874401e-06  -7.3446949657868705e-16
 -4   -4.1617384833405363e-06  +2.2702316951651414e-13
 -3   -1.4277436073414975e-05  -2.4824589394146816e-13
 -2   -4.9730955147515205e-05  +1.5312697044092445e-10
 -1   -1.9118023413059254e-05  -8.2129012033026474e-13
 +0   -2.4499958590597742e-09  +0.0000000000000000e+00
 +1   -1.9118023413059254e-05  +8.2129012033026474e-13
 +2   -4.9730955147515205e-05  -1.5312697044092445e-10
 +3   -1.4277436073414975e-05  +2.4824589394146816e-13
 +4   -4.1617384833405363e-06  -2.2702316951651414e-13
 +5   -1.1722179068874401e-06  +7.3446949657868705e-16
 +6   -3.2643690937944219e-07  -6.7520570765660720e-16
 +7   -8.9940203390049188e-08  +2.1847134717240205e-17
 +8   -2.4594405568681816e-08  +1.4664389550304441e-17
 +9   -6.6842495569473508e-09  +1.4817201571239804e-17
+10   -1.8076883754618713e-09  +1.2578018822537927e-17
+11   -4.8686823858695570e-10  +1.0802156372387336e-17
+12   -1.3067729319486627e-10  +9.9835912248230849e-18
+13   -3.4971113980911450e-11  +9.1961730835028432e-18
+14   -9.3349862297236781e-12  +8.6573170455439479e-18
+15   -2.4863189956325026e-12  +8.2892728434491424e-18
+16   -6.6092652182412607e-13  +8.4226425733045362e-18
+17   -1.7539039310317220e-13  +7.4691888234008995e-18
+18   -4.6464939782282303e-14  +6.5799194816389747e-18
+19   -1.2313812413136394e-14  +6.1408070753259252e-18
+20   -3.2516732287058019e-15  +7.2065462955266392e-18
+21   -8.4343149927908261e-16  +6.6380801107812190e-18
+22   -2.3706481085605861e-16  +5.6136987515087341e-18
+23   -7.5833177489457033e-17  +5.0494057739276860e-18
+24   -1.5728970005860080e-17  +4.8880919115920027e-18
+25   -8.1275513576391554e-19  +4.7935725866972387e-18
+26   -5.3666254165469467e-18  +4.7438599396953087e-18
+27   +4.2863523574500956e-18  +5.1274297587846024e-18
+28   +1.4578939703083523e-17  +3.9150888440460571e-18
+29   -3.3130957405586580e-18  +4.4345441320120082e-18
+30   -5.4345275622230944e-18  +4.1484363126858833e-18

