-30   -1.1035190514247890e-17  -1.4412648408639537e-17
-29   -7.5068448059639837e-18  -1.4829987052488001e-17
-28   +1.1777199255768246e-17  -1.6503996832625370e-17
-27   -2.3339721314993202e-18  -1.9257463372188774e-17
-26   -1.8217387677504574e-17  -2.7058602019697475e-17
-25   -3.8213842190349058e-17  -5.4306232188240385e-17
-24   -1.4591979460886541e-16  -1.5755924599474406e-16
-23   -5.4143398173299367e-16  -5.2721024057631712e-16
-22   -1.9053255187686948e-15  -1.8701670966157243e-15
-21   -6.8465835552125194e-15  -6.7436973659853630e-15
-20   -2.4837821296959534e-14  -2.4372014895183378e-14
-19   -8.9633685829167789e-14  -8.7939968475178767e-14
-18   -3.2219636521956750e-13  -3.1632625383522713e-13
-17   -1.1538875359098255e-12  -1.1334980319696076e-12
-16   -4.1140877324298140e-12  -4.0440362020931895e-12
-15   -1.4596040090448612e-11  -1.4357514975839445e-11
-14   -5.1496511738755010e-11  -5.0692113957142642e-11
-13   -1.8054296656183632e-10  -1.7785792801805933e-10
-12   -6.2842464543897844e-10  -6.1955894871336818e-10
-11   -2.1692905072557771e-09  -2.1403292469216490e-09
-10   -7.4161530693710571e-09  -7.3224131578221006e-09
 -9   -2.5065800252778209e-08  -2.4763841055254005e-08
 -8   -8.3570952164366094e-08  -8.2593209186090301e-08
 -7   -2.7403584215493926e-07  -2.7079400375655698e-07
 -6   -8.8029942563091100e-07  -8.6894102934161519e-07
 -5   -2.7537863555924305e-06  -2.7104593554806143e-06
 -4   -8.3329258955470028e-06  -8.1455167532764702e-06
 -3   -2.3831545906341490e-05  -2.2987374080298115e-05
 -2   -6.5933303670639938e-05  -6.1327983108606625e-05
 -1   -9.1188414997748773e-06  -5.1772062445071571e-06
 +0   -1.1318599162142931e-02  +0.0000000000000000e+00
 +1   -9.1188414997748773e-06  +5.1772062445071571e-06
 +2   -6.5933303670639938e-05  +6.1327983108606625e-05
 +3   -2.3831545906341490e-05  +2.2987374080298115e-05
 +4   -8.3329258955470028e-06  +8.1455167532764702e-06
 +5   -2.7537863555924305e-06  +2.7104593554806143e-06
 +6   -8.8029942563091100e-07  +8.6894102934161519e-07
 +7   -2.7403584215493926e-07  +2.7079400375655698e-07
 +8   -8.3570952164366094e-08  +8.2593209186090301e-08
 +9   -2.5065800252778209e-08  +2.4763841055254005e-08
+10   -7.4161530693710571e-09  +7.3224131578221006e-09
+11   -2.1692905072557771e-09  +2.1403292469216490e-09
+12   -6.2842464543897844e-10  +6.1955894871336818e-10
+13   -1.8054296656183632e-10  +1.7785792801805933e-10
+14   -5.1496511738755010e-11  +5.0692113957142642e-11
+15   -1.4596040090448612e-11  +1.4357514975839445e-11
+16   -4.1140877324298140e-12  +4.0440362020931895e-12
+17   -1.1538875359098255e-12  +1.1334980319696076e-12
+18   -3.2219636521956750e-13  +3.1632625383522713e-13
+19   -8.9633685829167789e-14  +8.7939968475178767e-14
+20   -2.4837821296959534e-14  +2.4372014895183378e-14
+21   -6.8465835552125194e-15  +6.7436973659853630e-15
+22   -1.9053255187686948e-15  +1.8701670966157243e-15
+23   -5.4143398173299367e-16  +5.2721024057631712e-16
+24   -1.4591979460886541e-16  +1.5755924599474406e-16
+25   -3.8213842190349058e-17  +5.4306232188240385e-17
+26   -1.8217387677504574e-17  +2.7058602019697475e-17
+27   -2.3339721314993202e-18  +1.9257463372188774e-17
+28   +1.1777199255768246e-17  +1.6503996832625370e-17
+29   -7.5068448059639837e-18  +1.4829987052488001e-17
+30   -1.1035190514247890e-17  +1.4412648408639537e-17

