-30   +9.9754253678010817e-18  +6.4009262828573142e-18
-29   +4.7192639367727451e-18  +5.8837077879172036e-18
-28   -2.1280610242039553e-17  +6.7573645014901547e-18
-27   -4.8242383218970266e-19  +6.5937975326289718e-18
-26   +2.3171007674175351e-17  +7.2154548696514716e-18
-25   +5.8717506094461319e-17  +5.5326884954696343e-18
-24   +2.3583091787481529e-16  +7.7696107444922390e-18
-23   +8.8424434592683214e-16  +7.4994878543261817e-18
-22   +3.1414036631944471e-15  +7.3157211959749298e-18
-21   +1.1316463939687775e-14  +5.7492391010291438e-18
-20   +4.1012445598186821e-14  -5.1546094316568247e-18
-19   +1.4787200514314747e-13  -4.9323502457775244e-17
-18   +5.3100964216037785e-13  -2.2303671100613491e-16
-17   +1.8994642532816077e-12  -9.2732550327161645e-16
-16   +6.7634754160553947e-12  -3.7534508987694513e-15
-15   +2.3960347994385135e-11  -1.5127303234074895e-14
-14   +8.4395586312999662e-11  -6.1034480181944767e-14
-13   +2.9533427312050293e-10  -2.4696611083401587e-13
-12   +1.0258097821747760e-09  -1.0029589460246847e-12
-11   +3.5324569493354566e-09  -4.0916039829541000e-12
-10   +1.2042531917586439e-08  -1.6784139748853976e-11
 -9   +4.0569067169885946e-08  -6.9321307156961991e-11
 -8   +1.3473624337635525e-07  -2.8879581610375103e-10
 -7   +4.3976979668344603e-07  -1.2167276994402885e-09
 -6   +1.4048129657761475e-06  -5.2055385517215760e-09
 -5   +4.3650547655247082e-06  -2.2746606126127744e-08
 -4   +1.3101165621091496e-05  -1.0289276382782013e-07
 -3   +3.7170301601061459e-05  -4.8586503726727287e-07
 -2   +1.0237501461508065e-04  -2.6565537094698312e-06
 -1   +1.0952313393813384e-05  -1.4208697677171702e-06
 +0   +7.3165660221216990e-09  +0.0000000000000000e+00
 +1   +1.0952313393813384e-05  +1.4208697677171702e-06
 +2   +1.0237501461508065e-04  +2.6565537094698312e-06
 +3   +3.7170301601061459e-05  +4.8586503726727287e-07
 +4   +1.3101165621091496e-05  +1.0289276382782013e-07
 +5   +4.3650547655247082e-06  +2.2746606126127744e-08
 +6   +1.4048129657761475e-06  +5.2055385517215760e-09
 +7   +4.3976979668344603e-07  +1.2167276994402885e-09
 +8   +1.3473624337635525e-07  +2.8879581610375103e-10
 +9   +4.0569067169885946e-08  +6.9321307156961991e-11
+10   +1.2042531917586439e-08  +1.6784139748853976e-11
+11   +3.5324569493354566e-09  +4.0916039829541000e-12
+12   +1.0258097821747760e-09  +1.0029589460246847e-12
+13   +2.9533427312050293e-10  +2.4696611083401587e-13
+14   +8.4395586312999662e-11  +6.1034480181944767e-14
+15   +2.3960347994385135e-11  +1.5127303234074895e-14
+16   +6.7634754160553947e-12  +3.7534508987694513e-15
+17   +1.8994642532816077e-12  +9.2732550327161645e-16
+18   +5.3100964216037785e-13  +2.2303671100613491e-16
+19   +1.4787200514314747e-13  +4.9323502457775244e-17
+20   +4.1012445598186821e-14  +5.1546094316568247e-18
+21   +1.1316463939687775e-14  -5.7492391010291438e-18
+22   +3.1414036631944471e-15  -7.3157211959749298e-18
+23   +8.8424434592683214e-16  -7.4994878543261817e-18
+24   +2.3583091787481529e-16  -7.7696107444922390e-18
+25   +5.8717506094461319e-17  -5.5326884954696343e-18
+26   +2.3171007674175351e-17  -7.2154548696514716e-18
+27   -4.8242383218970266e-19  -6.5937975326289718e-18
+28   -2.1280610242039553e-17  -6.7573645014901547e-18
+29   +4.7192639367727451e-18  -5.8837077879172036e-18
+30   +9.9754253678010817e-18  -6.4009262828573142e-18

