-30   +2.0344701185123752e-18  -6.9420058940966336e-18
-29   -6.2934635681640695e-19  -7.6094473125806925e-18
-28   -2.0357711205185338e-17  -8.0895465923356570e-18
-27   -6.5647590165297975e-18  -9.9553822477643220e-18
-26   +9.6207963378012476e-18  -1.7518945970185417e-17
-25   +2.9134260110487607e-17  -4.7132808740488323e-17
-24   +1.3699753697439604e-16  -1.4731805304855531e-16
-23   +5.3329174913685790e-16  -5.1783956392713884e-16
-22   +1.8964518062426953e-15  -1.8625282944510075e-15
-21   +6.8354245519785130e-15  -6.7397447721623680e-15
-20   +2.4821398433710216e-14  -2.4393620872866598e-14
-19   +8.9589469662786431e-14  -8.8061198688928035e-14
-18   +3.2204695692425417e-13  -3.1684165682608368e-13
-17   +1.1533183954160507e-12  -1.1356009139760366e-12
-16   +4.1118159691502060e-12  -4.0525104042494707e-12
-15   +1.4586879899839395e-11  -1.4391591650367854e-11
-14   +5.1459345925886640e-11  -5.0829357873162469e-11
-13   +1.8039145265155235e-10  -1.7841220862300280e-10
-12   +6.2780374788439139e-10  -6.2180524290964558e-10
-11   +2.1667303225599319e-09  -2.1494706284742155e-09
-10   +7.4055161027084283e-09  -7.3598022272899540e-09
 -9   +2.5021182780492552e-08  -2.4917714408963223e-08
 -8   +8.3381483216274963e-08  -8.3231415044831981e-08
 -7   +2.7321797512870144e-07  -2.7346759300141447e-07
 -6   +8.7668764932767035e-07  -8.8029373446740125e-07
 -5   +2.7373041194233605e-06  -2.7595447424892017e-06
 -4   +8.2536163504419152e-06  -8.3641157928338732e-06
 -3   +2.3418283978573368e-05  -2.3991311371125363e-05
 -2   +6.3267364618596088e-05  -6.6535745070559217e-05
 -1   +7.5815069613578836e-06  -8.1824916399785796e-06
 +0   -1.1318606161521323e-02  +0.0000000000000000e+00
 +1   +7.5815069613578836e-06  +8.1824916399785796e-06
 +2   +6.3267364618596088e-05  +6.6535745070559217e-05
 +3   +2.3418283978573368e-05  +2.3991311371125363e-05
 +4   +8.2536163504419152e-06  +8.3641157928338732e-06
 +5   +2.7373041194233605e-06  +2.7595447424892017e-06
 +6   +8.7668764932767035e-07  +8.8029373446740125e-07
 +7   +2.7321797512870144e-07  +2.7346759300141447e-07
 +8   +8.3381483216274963e-08  +8.3231415044831981e-08
 +9   +2.5021182780492552e-08  +2.4917714408963223e-08
+10   +7.4055161027084283e-09  +7.3598022272899540e-09
+11   +2.1667303225599319e-09  +2.1494706284742155e-09
+12   +6.2780374788439139e-10  +6.2180524290964558e-10
+13   +1.8039145265155235e-10  +1.7841220862300280e-10
+14   +5.1459345925886640e-11  +5.0829357873162469e-11
+15   +1.4586879899839395e-11  +1.4391591650367854e-11
+16   +4.1118159691502060e-12  +4.0525104042494707e-12
+17   +1.1533183954160507e-12  +1.1356009139760366e-12
+18   +3.2204695692425417e-13  +3.1684165682608368e-13
+19   +8.9589469662786431e-14  +8.8061198688928035e-14
+20   +2.4821398433710216e-14  +2.4393620872866598e-14
+21   +6.8354245519785130e-15  +6.7397447721623680e-15
+22   +1.8964518062426953e-15  +1.8625282944510075e-15
+23   +5.3329174913685790e-16  +5.1783956392713884e-16
+24   +1.3699753697439604e-16  +1.4731805304855531e-16
+25   +2.9134260110487607e-17  +4.7132808740488323e-17
+26   +9.6207963378012476e-18  +1.7518945970185417e-17
+27   -6.5647590165297975e-18  +9.9553822477643220e-18
+28   -2.0357711205185338e-17  +8.0895465923356570e-18
+29   -6.2934635681640695e-19  +7.6094473125806925e-18
+30   +2.0344701185123752e-18  +6.9420058940966336e-18

