-30   -3.7324155207682028e-18  +4.0454871064380799e-18
-29   -4.9161707402870668e-19  +4.2264160619492322e-18
-28   +1.8912214269543485e-17  +3.4021702527202087e-18
-27   +4.5275018790868584e-18  +1.7072340698690165e-18
-26   -1.0656308696154566e-17  -5.7938109815668598e-18
-25   -3.0230572218511283e-17  -3.2950213615788391e-17
-24   -1.3828460735456943e-16  -1.3500446401259881e-16
-23   -5.3380923228280010e-16  -5.0314044438871676e-16
-22   -1.8984497996973416e-15  -1.8460914719062083e-15
-21   -6.8371312328040271e-15  -6.7253875112738572e-15
-20   -2.4821845532711993e-14  -2.4376561129999352e-14
-19   -8.9591513635443652e-14  -8.8041581162053293e-14
-18   -3.2204890949861443e-13  -3.1682275825062980e-13
-17   -1.1533194869386437e-12  -1.1355833117079063e-12
-16   -4.1118175138555458e-12  -4.0524906993841671e-12
-15   -1.4586880326298172e-11  -1.4391568986434736e-11
-14   -5.1459346301311498e-11  -5.0829333516562121e-11
-13   -1.8039145470917087e-10  -1.7841218236964470e-10
-12   -6.2780375066199378e-10  -6.2180521412772856e-10
-11   -2.1667303237588996e-09  -2.1494705987116710e-09
-10   -7.4055161033727916e-09  -7.3598021951001386e-09
 -9   -2.5021182781920533e-08  -2.4917714371128071e-08
 -8   -8.3381483218479128e-08  -8.3231415004417260e-08
 -7   -2.7321797512978929e-07  -2.7346759295628635e-07
 -6   -8.7668764933125054e-07  -8.8029373441367818e-07
 -5   -2.7373041194284067e-06  -2.7595447424222306e-06
 -4   -8.2536163504484932e-06  -8.3641157927536084e-06
 -3   -2.3418283978586745e-05  -2.3991311371021615e-05
 -2   -6.3267364618636529e-05  -6.6535745070404529e-05
 -1   -7.5815069614567883e-06  -8.1824916396422160e-06
 +0   +1.1318606161522898e-02  +0.0000000000000000e+00
 +1   -7.5815069614567883e-06  +8.1824916396422160e-06
 +2   -6.3267364618636529e-05  +6.6535745070404529e-05
 +3   -2.3418283978586745e-05  +2.3991311371021615e-05
 +4   -8.2536163504484932e-06  +8.3641157927536084e-06
 +5   -2.7373041194284067e-06  +2.7595447424222306e-06
 +6   -8.7668764933125054e-07  +8.8029373441367818e-07
 +7   -2.7321797512978929e-07  +2.7346759295628635e-07
 +8   -8.3381483218479128e-08  +8.3231415004417260e-08
 +9   -2.5021182781920533e-08  +2.4917714371128071e-08
+10   -7.4055161033727916e-09  +7.3598021951001386e-09
+11   -2.1667303237588996e-09  +2.1494705987116710e-09
+12   -6.2780375066199378e-10  +6.2180521412772856e-10
+13   -1.8039145470917087e-10  +1.7841218236964470e-10
+14   -5.1459346301311498e-11  +5.0829333516562121e-11
+15   -1.4586880326298172e-11  +1.4391568986434736e-11
+16   -4.1118175138555458e-12  +4.0524906993841671e-12
+17   -1.1533194869386437e-12  +1.1355833117079063e-12
+18   -3.2204890949861443e-13  +3.1682275825062980e-13
+19   -8.9591513635443652e-14  +8.8041581162053293e-14
+20   -2.4821845532711993e-14  +2.4376561129999352e-14
+21   -6.8371312328040271e-15  +6.7253875112738572e-15
+22   -1.8984497996973416e-15  +1.8460914719062083e-15
+23   -5.3380923228280010e-16  +5.0314044438871676e-16
+24   -1.3828460735456943e-16  +1.3500446401259881e-16
+25   -3.0230572218511283e-17  +3.2950213615788391e-17
+26   -1.0656308696154566e-17  +5.7938109815668598e-18
+27   +4.5275018790868584e-18  -1.7072340698690165e-18
+28   +1.8912214269543485e-17  -3.4021702527202087e-18
+29   -4.9161707402870668e-19  -4.2264160619492322e-18
+30   -3.7324155207682028e-18  -4.0454871064380799e-18

