-30   -8.2653944942900376e-17  -1.7951274697573976e-16
-29   -7.8450724341825666e-17  -1.8709671413745061e-16
-28   -4.8487020036431927e-17  -1.9359272913301934e-16
-27   -6.8535485018657756e-17  -2.0266417761429883e-16
-26   -8.8405810469807030e-17  -2.1127391357119594e-16
-25   -1.1019688471465617e-16  -2.1809743548434593e-16
-24   -2.3986104890480431e-16  -2.3041295345930914e-16
-23   -7.1368789988869335e-16  -2.3875906787331174e-16
-22   -2.3351815403333327e-15  -2.5350405405021861e-16
-21   -8.2050269120610345e-15  -2.6985720782996851e-16
-20   -2.9664367942994405e-14  -2.9337289918826483e-16
-19   -1.0707479024947235e-13  -3.5139948914317833e-16
-18   -3.8548520120089198e-13  -5.4411176088332568e-16
-17   -1.3835079268053514e-12  -1.2683283817389673e-15
-16   -4.9449803394034266e-12  -4.1168746264744774e-15
-15   -1.7592861289766866e-11  -1.5514822642071742e-14
-14   -6.2264649844707796e-11  -6.1454506421004200e-14
-13   -2.1907124921008489e-10  -2.4741200065217774e-13
-12   -7.6562126148761394e-10  -1.0034432146350229e-12
-11   -2.6551974840355950e-09  -4.0921372494733299e-12
-10   -9.1264315909976896e-09  -1.6784727017371010e-11
 -9   -3.1042411639655740e-08  -6.9321963214765751e-11
 -8   -1.0428058568881795e-07  -2.8879655849430578e-10
 -7   -3.4507173670001858e-07  -1.2167285320894298e-09
 -6   -1.1209743827041931e-06  -5.2055409288332957e-09
 -5   -3.5560436130140926e-06  -2.2746605888612152e-08
 -4   -1.0955796744872727e-05  -1.0289321940872725e-07
 -3   -3.2038814127610983e-05  -4.8586454283570070e-07
 -2   -9.1267221508068309e-05  -2.6568599664574721e-06
 -1   -1.6320246547017515e-05  -1.4208681311776664e-06
 +0   +1.0538400728000183e-08  +0.0000000000000000e+00
 +1   -1.6320246547017515e-05  +1.4208681311776664e-06
 +2   -9.1267221508068309e-05  +2.6568599664574721e-06
 +3   -3.2038814127610983e-05  +4.8586454283570070e-07
 +4   -1.0955796744872727e-05  +1.0289321940872725e-07
 +5   -3.5560436130140926e-06  +2.2746605888612152e-08
 +6   -1.1209743827041931e-06  +5.2055409288332957e-09
 +7   -3.4507173670001858e-07  +1.2167285320894298e-09
 +8   -1.0428058568881795e-07  +2.8879655849430578e-10
 +9   -3.1042411639655740e-08  +6.9321963214765751e-11
+10   -9.1264315909976896e-09  +1.6784727017371010e-11
+11   -2.6551974840355950e-09  +4.0921372494733299e-12
+12   -7.6562126148761394e-10  +1.0034432146350229e-12
+13   -2.1907124921008489e-10  +2.4741200065217774e-13
+14   -6.2264649844707796e-11  +6.1454506421004200e-14
+15   -1.7592861289766866e-11  +1.5514822642071742e-14
+16   -4.9449803394034266e-12  +4.1168746264744774e-15
+17   -1.3835079268053514e-12  +1.2683283817389673e-15
+18   -3.8548520120089198e-13  +5.4411176088332568e-16
+19   -1.0707479024947235e-13  +3.5139948914317833e-16
+20   -2.9664367942994405e-14  +2.9337289918826483e-16
+21   -8.2050269120610345e-15  +2.6985720782996851e-16
+22   -2.3351815403333327e-15  +2.5350405405021861e-16
+23   -7.1368789988869335e-16  +2.3875906787331174e-16
+24   -2.3986104890480431e-16  +2.3041295345930914e-16
+25   -1.1019688471465617e-16  +2.1809743548434593e-16
+26   -8.8405810469807030e-17  +2.1127391357119594e-16
+27   -6.8535485018657756e-17  +2.0266417761429883e-16
+28   -4.8487020036431927e-17  +1.9359272913301934e-16
+29   -7.8450724341825666e-17  +1.8709671413745061e-16
+30   -8.2653944942900376e-17  +1.7951274697573976e-16

