-30   +1.0368157973252046e-17  +1.2748576208251690e-17
-29   +6.9407733240132124e-18  +1.2460613249558098e-17
-28   -1.2115319715232538e-17  +1.3512122162602311e-17
-27   +1.7388000294517397e-18  +1.1409697423367747e-17
-26   +1.7730331799745871e-17  +4.3051553442290776e-18
-25   +3.8285495703762516e-17  -2.2982037068865639e-17
-24   +1.4559638743451641e-16  -1.2245064664464020e-16
-23   +5.4136924391986325e-16  -4.9104849825916822e-16
-22   +1.9047996603399535e-15  -1.8321992924034988e-15
-21   +6.8466928856208962e-15  -6.7032628335085790e-15
-20   +2.4837054089528129e-14  -2.4328919402392080e-14
-19   +8.9632803064130617e-14  -8.7896645963525818e-14
-18   +3.2219487229243581e-13  -3.1627809127928169e-13
-17   +1.1538867443525104e-12  -1.1334474611297423e-12
-16   +4.1140861868335902e-12  -4.0439828895799840e-12
-15   +1.4596039125975857e-11  -1.4357458659580436e-11
-14   +5.1496510387805547e-11  -5.0692051199937997e-11
-13   +1.8054296546761061e-10  -1.7785786406833895e-10
-12   +6.2842464439216928e-10  -6.1955887957786353e-10
-11   +2.1692905061153862e-09  -2.1403291682736000e-09
-10   +7.4161530684466298e-09  -7.3224130712265483e-09
 -9   +2.5065800250712028e-08  -2.4763840956693202e-08
 -8   +8.3570952162454923e-08  -8.2593209077094101e-08
 -7   +2.7403584215309855e-07  -2.7079400363350761e-07
 -6   +8.8029942562816810e-07  -8.6894102919389412e-07
 -5   +2.7537863555879480e-06  -2.7104593553024197e-06
 -4   +8.3329258955393490e-06  -8.1455167530610849e-06
 -3   +2.3831545906327317e-05  -2.2987374079995762e-05
 -2   +6.5933303670596516e-05  -6.1327983108172524e-05
 -1   +9.1188414996604177e-06  -5.1772062436758544e-06
 +0   +1.1318599162140135e-02  +0.0000000000000000e+00
 +1   +9.1188414996604177e-06  +5.1772062436758544e-06
 +2   +6.5933303670596516e-05  +6.1327983108172524e-05
 +3   +2.3831545906327317e-05  +2.2987374079995762e-05
 +4   +8.3329258955393490e-06  +8.1455167530610849e-06
 +5   +2.7537863555879480e-06  +2.7104593553024197e-06
 +6   +8.8029942562816810e-07  +8.6894102919389412e-07
 +7   +2.7403584215309855e-07  +2.7079400363350761e-07
 +8   +8.3570952162454923e-08  +8.2593209077094101e-08
 +9   +2.5065800250712028e-08  +2.4763840956693202e-08
+10   +7.4161530684466298e-09  +7.3224130712265483e-09
+11   +2.1692905061153862e-09  +2.1403291682736000e-09
+12   +6.2842464439216928e-10  +6.1955887957786353e-10
+13   +1.8054296546761061e-10  +1.7785786406833895e-10
+14   +5.1496510387805547e-11  +5.0692051199937997e-11
+15   +1.4596039125975857e-11  +1.4357458659580436e-11
+16   +4.1140861868335902e-12  +4.0439828895799840e-12
+17   +1.1538867443525104e-12  +1.1334474611297423e-12
+18   +3.2219487229243581e-13  +3.1627809127928169e-13
+19   +8.9632803064130617e-14  +8.7896645963525818e-14
+20   +2.4837054089528129e-14  +2.4328919402392080e-14
+21   +6.8466928856208962e-15  +6.7032628335085790e-15
+22   +1.9047996603399535e-15  +1.8321992924034988e-15
+23   +5.4136924391986325e-16  +4.9104849825916822e-16
+24   +1.4559638743451641e-16  +1.2245064664464020e-16
+25   +3.8285495703762516e-17  +2.2982037068865639e-17
+26   +1.7730331799745871e-17  -4.3051553442290776e-18
+27   +1.7388000294517397e-18  -1.1409697423367747e-17
+28   -1.2115319715232538e-17  -1.3512122162602311e-17
+29   +6.9407733240132124e-18  -1.2460613249558098e-17
+30   +1.0368157973252046e-17  -1.2748576208251690e-17

