-30   -5.3232222994977137e-18  -4.3032361593866339e-18
-29   -3.5842069283247424e-18  -4.4041746786643256e-18
-28   +1.4380492012837891e-17  -3.8717244458739756e-18
-27   +4.2203109585433648e-18  -5.0784783030515906e-18
-26   -5.3583649644468110e-18  -4.8717092502204433e-18
-25   -6.7021173872681207e-19  -5.0985367489217539e-18
-24   -1.5771387902860098e-17  -4.9396785142009697e-18
-23   -7.5988468079102811e-17  -4.9719813199642128e-18
-22   -2.3705749574847720e-16  -5.2237104299249300e-18
-21   -8.4335695424281533e-16  -6.4745190079137930e-18
-20   -3.2515476557495699e-15  -7.2806068669777652e-18
-19   -1.2313797337539937e-14  -5.9270166337052818e-18
-18   -4.6464911241568190e-14  -6.9421125869912992e-18
-17   -1.7539042968464384e-13  -7.4674658573317483e-18
-16   -6.6092646064079583e-13  -8.2860718681803497e-18
-15   -2.4863190490149080e-12  -8.2520834138006949e-18
-14   -9.3349863044147771e-12  -8.9434291439978124e-18
-13   -3.4971113819150226e-11  -9.2200679226667893e-18
-12   -1.3067729320910153e-10  -1.0648832801850834e-17
-11   -4.8686823859490005e-10  -1.0989273078406246e-17
-10   -1.8076883752630901e-09  -1.2657060865197955e-17
 -9   -6.6842495567836691e-09  -1.4890922595336697e-17
 -8   -2.4594405568727393e-08  -2.0128623641349902e-17
 -7   -8.9940203390148053e-08  -1.5883689184723462e-17
 -6   -3.2643690937953409e-07  -7.1842278003195196e-16
 -5   -1.1722179068874177e-06  +6.8473542062645091e-16
 -4   -4.1617384833405643e-06  -2.2708766237573316e-13
 -3   -1.4277436073414975e-05  +2.4815741652359234e-13
 -2   -4.9730955147515191e-05  -1.5312709381824868e-10
 -1   -1.9118023413059135e-05  +8.2106251095535943e-13
 +0   -2.4499958589663743e-09  +0.0000000000000000e+00
 +1   -1.9118023413059135e-05  -8.2106251095535943e-13
 +2   -4.9730955147515191e-05  +1.5312709381824868e-10
 +3   -1.4277436073414975e-05  -2.4815741652359234e-13
 +4   -4.1617384833405643e-06  +2.2708766237573316e-13
 +5   -1.1722179068874177e-06  -6.8473542062645091e-16
 +6   -3.2643690937953409e-07  +7.1842278003195196e-16
 +7   -8.9940203390148053e-08  +1.5883689184723462e-17
 +8   -2.4594405568727393e-08  +2.0128623641349902e-17
 +9   -6.6842495567836691e-09  +1.4890922595336697e-17
+10   -1.8076883752630901e-09  +1.2657060865197955e-17
+11   -4.8686823859490005e-10  +1.0989273078406246e-17
+12   -1.3067729320910153e-10  +1.0648832801850834e-17
+13   -3.4971113819150226e-11  +9.2200679226667893e-18
+14   -9.3349863044147771e-12  +8.9434291439978124e-18
+15   -2.4863190490149080e-12  +8.2520834138006949e-18
+16   -6.6092646064079583e-13  +8.2860718681803497e-18
+17   -1.7539042968464384e-13  +7.4674658573317483e-18
+18   -4.6464911241568190e-14  +6.9421125869912992e-18
+19   -1.2313797337539937e-14  +5.9270166337052818e-18
+20   -3.2515476557495699e-15  +7.2806068669777652e-18
+21   -8.4335695424281533e-16  +6.4745190079137930e-18
+22   -2.3705749574847720e-16  +5.2237104299249300e-18
+23   -7.5988468079102811e-17  +4.9719813199642128e-18
+24   -1.5771387902860098e-17  +4.9396785142009697e-18
+25   -6.7021173872681207e-19  +5.0985367489217539e-18
+26   -5.3583649644468110e-18  +4.8717092502204433e-18
+27   +4.2203109585433648e-18  +5.0784783030515906e-18
+28   +1.4380492012837891e-17  +3.8717244458739756e-18
+29   -3.5842069283247424e-18  +4.4041746786643256e-18
+30   -5.3232222994977137e-18  +4.3032361593866339e-18

