-30   +8.1896061089927698e-18  +2.4581450202571939e-18
-29   +3.5439698789204165e-18  +1.8927878410280491e-18
-28   -2.2657246431406091e-17  +2.2952665204922788e-18
-27   -2.8128793608933132e-18  +1.9243954663669829e-18
-26   +2.1267517301833520e-17  +1.9726150669025690e-18
-25   +5.7488590019423314e-17  +1.5491246432564283e-18
-24   +2.3366463603878677e-16  +2.2884287855972963e-18
-23   +8.8288949175635199e-16  +2.5626097821323589e-18
-22   +3.1400594224845775e-15  +4.1175793675687772e-18
-21   +1.1315013262411419e-14  +6.8000017445802285e-18
-20   +4.1010870664106581e-14  +1.8352022951615896e-17
-19   +1.4787057378899096e-13  +6.1712515566744914e-17
-18   +5.3100854687828302e-13  +2.3904058515255158e-16
-17   +1.8994630560789570e-12  +9.4212459162491223e-16
-16   +6.7634736680556376e-12  +3.7689894682551784e-15
-15   +2.3960345657941921e-11  +1.5143365792741854e-14
-14   +8.4395584804619246e-11  +6.1055299745781212e-14
-13   +2.9533427147294956e-10  +2.4698149040153015e-13
-12   +1.0258097821955537e-09  +1.0029751471787717e-12
-11   +3.5324569486851330e-09  +4.0916271846947510e-12
-10   +1.2042531916728578e-08  +1.6784167352736549e-11
 -9   +4.0569067168266214e-08  +6.9321340426151171e-11
 -8   +1.3473624337520352e-07  +2.8879585079209233e-10
 -7   +4.3976979668335355e-07  +1.2167277334429029e-09
 -6   +1.4048129657760291e-06  +5.2055385988823588e-09
 -5   +4.3650547655250072e-06  +2.2746606185351977e-08
 -4   +1.3101165621093895e-05  +1.0289276388356598e-07
 -3   +3.7170301601066046e-05  +4.8586503736452591e-07
 -2   +1.0237501461509326e-04  +2.6565537095798519e-06
 -1   +1.0952313393869699e-05  +1.4208697678692133e-06
 +0   +7.3165661650139552e-09  +0.0000000000000000e+00
 +1   +1.0952313393869699e-05  -1.4208697678692133e-06
 +2   +1.0237501461509326e-04  -2.6565537095798519e-06
 +3   +3.7170301601066046e-05  -4.8586503736452591e-07
 +4   +1.3101165621093895e-05  -1.0289276388356598e-07
 +5   +4.3650547655250072e-06  -2.2746606185351977e-08
 +6   +1.4048129657760291e-06  -5.2055385988823588e-09
 +7   +4.3976979668335355e-07  -1.2167277334429029e-09
 +8   +1.3473624337520352e-07  -2.8879585079209233e-10
 +9   +4.0569067168266214e-08  -6.9321340426151171e-11
+10   +1.2042531916728578e-08  -1.6784167352736549e-11
+11   +3.5324569486851330e-09  -4.0916271846947510e-12
+12   +1.0258097821955537e-09  -1.0029751471787717e-12
+13   +2.9533427147294956e-10  -2.4698149040153015e-13
+14   +8.4395584804619246e-11  -6.1055299745781212e-14
+15   +2.3960345657941921e-11  -1.5143365792741854e-14
+16   +6.7634736680556376e-12  -3.7689894682551784e-15
+17   +1.8994630560789570e-12  -9.4212459162491223e-16
+18   +5.3100854687828302e-13  -2.3904058515255158e-16
+19   +1.4787057378899096e-13  -6.1712515566744914e-17
+20   +4.1010870664106581e-14  -1.8352022951615896e-17
+21   +1.1315013262411419e-14  -6.8000017445802285e-18
+22   +3.1400594224845775e-15  -4.1175793675687772e-18
+23   +8.8288949175635199e-16  -2.5626097821323589e-18
+24   +2.3366463603878677e-16  -2.2884287855972963e-18
+25   +5.7488590019423314e-17  -1.5491246432564283e-18
+26   +2.1267517301833520e-17  -1.9726150669025690e-18
+27   -2.8128793608933132e-18  -1.9243954663669829e-18
+28   -2.2657246431406091e-17  -2.2952665204922788e-18
+29   +3.5439698789204165e-18  -1.8927878410280491e-18
+30   +8.1896061089927698e-18  -2.4581450202571939e-18

