-30   +1.7020132356308858e-17  +4.2765431121876730e-17
-29   +1.7354198021989144e-17  +4.4407760678039013e-17
-28   +1.9160424923022217e-17  +4.6867372431166983e-17
-27   +1.9142208284023624e-17  +5.2162938755287144e-17
-26   +1.9610831127302468e-17  +6.4093085951656216e-17
-25   +2.6197268770730874e-17  +1.0545967426178844e-16
-24   +4.8038924484103435e-17  +2.4969246964720816e-16
-23   +1.2381869860322357e-16  +7.7321193758013825e-16
-22   +4.0470621284115746e-16  +2.6723359936792377e-15
-21   +1.4065957036358430e-15  +9.5533461905617901e-15
-20   +4.9662000871700705e-15  +3.4437872809471134e-14
-19   +1.7551166724188747e-14  +1.2416708743455852e-13
-18   +6.1804468312753602e-14  +4.4650415338975903e-13
-17   +2.1628110710620135e-13  +1.5997173904052872e-12
-16   +7.5112593229472803e-13  +5.7066284563686576e-12
-15   +2.5851383660206660e-12  +2.0257264896209378e-11
-14   +8.8020822491873642e-12  +7.1510120332877808e-11
-13   +2.9583381476939652e-11  +2.5084729255620212e-10
-12   +9.7849504564756531e-11  +8.7358545668156781e-10
-11   +3.1715255597522464e-10  +3.0168871330260626e-09
-10   +1.0010112319807282e-09  +1.0316803019848674e-08
 -9   +3.0461185692978654e-09  +3.4870543474984933e-08
 -8   +8.7842593674825402e-09  +1.1620923562624029e-07
 -7   +2.3197632162958318e-08  +3.8057684397984726e-07
 -6   +5.1446106274719417e-08  +1.2191331587889880e-06
 -5   +6.5456556157805235e-08  +3.7923526911340585e-06
 -4   -2.0354799826304281e-07  +1.1341275560641383e-05
 -3   -2.2537017920382951e-06  +3.1690162456021437e-05
 -2   -1.3864088756790098e-05  +8.2330858070479287e-05
 -1   -5.9981750108974443e-06  +4.9128409032235367e-06
 +0   +4.1980661423108814e-02  +0.0000000000000000e+00
 +1   -5.9981750108974443e-06  -4.9128409032235367e-06
 +2   -1.3864088756790098e-05  -8.2330858070479287e-05
 +3   -2.2537017920382951e-06  -3.1690162456021437e-05
 +4   -2.0354799826304281e-07  -1.1341275560641383e-05
 +5   +6.5456556157805235e-08  -3.7923526911340585e-06
 +6   +5.1446106274719417e-08  -1.2191331587889880e-06
 +7   +2.3197632162958318e-08  -3.8057684397984726e-07
 +8   +8.7842593674825402e-09  -1.1620923562624029e-07
 +9   +3.0461185692978654e-09  -3.4870543474984933e-08
+10   +1.0010112319807282e-09  -1.0316803019848674e-08
+11   +3.1715255597522464e-10  -3.0168871330260626e-09
+12   +9.7849504564756531e-11  -8.7358545668156781e-10
+13   +2.9583381476939652e-11  -2.5084729255620212e-10
+14   +8.8020822491873642e-12  -7.1510120332877808e-11
+15   +2.5851383660206660e-12  -2.0257264896209378e-11
+16   +7.5112593229472803e-13  -5.7066284563686576e-12
+17   +2.1628110710620135e-13  -1.5997173904052872e-12
+18   +6.1804468312753602e-14  -4.4650415338975903e-13
+19   +1.7551166724188747e-14  -1.2416708743455852e-13
+20   +4.9662000871700705e-15  -3.4437872809471134e-14
+21   +1.4065957036358430e-15  -9.5533461905617901e-15
+22   +4.0470621284115746e-16  -2.6723359936792377e-15
+23   +1.2381869860322357e-16  -7.7321193758013825e-16
+24   +4.8038924484103435e-17  -2.4969246964720816e-16
+25   +2.6197268770730874e-17  -1.0545967426178844e-16
+26   +1.9610831127302468e-17  -6.4093085951656216e-17
+27   +1.9142208284023624e-17  -5.2162938755287144e-17
+28   +1.9160424923022217e-17  -4.6867372431166983e-17
+29   +1.7354198021989144e-17  -4.4407760678039013e-17
+30   +1.7020132356308858e-17  -4.2765431121876730e-17

