-30   -5.5213413818991183e-18  -1.8745919923159437e-18
-29   -5.6667047506098263e-19  -2.0104442375719133e-18
-28   +1.4633947635026176e-17  -1.8298043228456211e-18
-27   +1.6507559668499512e-19  -5.6506034092126389e-18
-26   -1.6618495177892528e-17  -1.2217615208405447e-17
-25   -4.7260044974548969e-17  -4.0557418472283610e-17
-24   -1.8744470837298711e-16  -1.4117970198472928e-16
-23   -7.0138031616229712e-16  -5.1748722139077396e-16
-22   -2.5038432290234130e-15  -1.8834746633480398e-15
-21   -9.0163106966338365e-15  -6.8396676603616152e-15
-20   -3.2621955283046693e-14  -2.4786796543637905e-14
-19   -1.1742201290711265e-13  -8.9576726150146841e-14
-18   -4.2090102107536468e-13  -3.2262211231603632e-13
-17   -1.5025124214749803e-12  -1.1575551390354756e-12
-16   -5.3377376340204955e-12  -4.1356612568793567e-12
-15   -1.8860305341554748e-11  -1.4705859114081497e-11
-14   -6.6234471773171486e-11  -5.2014462145000367e-11
-13   -2.3098887033146795e-10  -1.8287006813135874e-10
-12   -7.9912224260716170e-10  -6.3852575162940566e-10
-11   -2.7389481103310770e-09  -2.2119772082133766e-09
-10   -9.2850997135616580e-09  -7.5925584438163911e-09
 -9   -3.1066930230528415e-08  -2.5780394196864056e-08
 -8   -1.0230682254322605e-07  -8.6410822912441925e-08
 -7   -3.3033329294328569e-07  -2.8510409157737598e-07
 -6   -1.0403091803796428e-06  -9.2251545731002932e-07
 -5   -3.1699219448433758e-06  -2.9110350780757596e-06
 -4   -9.2460054519120822e-06  -8.9005190342826396e-06
 -3   -2.5083447934061533e-05  -2.5849494594082482e-05
 -2   -6.3489101935930686e-05  -7.3153507040100142e-05
 -1   -3.1830098770675140e-06  -7.6001985073315578e-06
 +0   -1.3400481107394391e-08  +0.0000000000000000e+00
 +1   -3.1830098770675140e-06  +7.6001985073315578e-06
 +2   -6.3489101935930686e-05  +7.3153507040100142e-05
 +3   -2.5083447934061533e-05  +2.5849494594082482e-05
 +4   -9.2460054519120822e-06  +8.9005190342826396e-06
 +5   -3.1699219448433758e-06  +2.9110350780757596e-06
 +6   -1.0403091803796428e-06  +9.2251545731002932e-07
 +7   -3.3033329294328569e-07  +2.8510409157737598e-07
 +8   -1.0230682254322605e-07  +8.6410822912441925e-08
 +9   -3.1066930230528415e-08  +2.5780394196864056e-08
+10   -9.2850997135616580e-09  +7.5925584438163911e-09
+11   -2.7389481103310770e-09  +2.2119772082133766e-09
+12   -7.9912224260716170e-10  +6.3852575162940566e-10
+13   -2.3098887033146795e-10  +1.8287006813135874e-10
+14   -6.6234471773171486e-11  +5.2014462145000367e-11
+15   -1.8860305341554748e-11  +1.4705859114081497e-11
+16   -5.3377376340204955e-12  +4.1356612568793567e-12
+17   -1.5025124214749803e-12  +1.1575551390354756e-12
+18   -4.2090102107536468e-13  +3.2262211231603632e-13
+19   -1.1742201290711265e-13  +8.9576726150146841e-14
+20   -3.2621955283046693e-14  +2.4786796543637905e-14
+21   -9.0163106966338365e-15  +6.8396676603616152e-15
+22   -2.5038432290234130e-15  +1.8834746633480398e-15
+23   -7.0138031616229712e-16  +5.1748722139077396e-16
+24   -1.8744470837298711e-16  +1.4117970198472928e-16
+25   -4.7260044974548969e-17  +4.0557418472283610e-17
+26   -1.6618495177892528e-17  +1.2217615208405447e-17
+27   +1.6507559668499512e-19  +5.6506034092126389e-18
+28   +1.4633947635026176e-17  +1.8298043228456211e-18
+29   -5.6667047506098263e-19  +2.0104442375719133e-18
+30   -5.5213413818991183e-18  +1.8745919923159437e-18

