-30   -1.2845172347312274e-17  -2.8969005836361234e-17
-29   -1.2342449283246393e-17  -3.0881758178999236e-17
-28   -1.0885387001704053e-17  -2.9906645958177901e-17
-27   -1.0961047911471962e-17  -2.8933287507125142e-17
-26   -9.6567566343464586e-18  -1.8645481918469584e-17
-25   -3.6707986651173679e-18  +1.8038828396940419e-17
-24   +1.8930265179131085e-17  +1.5886112768345291e-16
-23   +9.4574619756261759e-17  +6.7850057772082650e-16
-22   +3.7364211826312950e-16  +2.5719233512383018e-15
-21   +1.3770549634043248e-15  +9.4512438268392271e-15
-20   +4.9320467926169845e-15  +3.4344815433682240e-14
-19   +1.7512578400395846e-14  +1.2412094696023012e-13
-18   +6.1736943270115111e-14  +4.4666154821755818e-13
-17   +2.1609926062399172e-13  +1.6007077577328582e-12
-16   +7.5048567773767661e-13  +5.7109711677451774e-12
-15   +2.5826394736763100e-12  +2.0275080315401305e-11
-14   +8.7920321849020972e-12  +7.1582106480408613e-11
-13   +2.9542496373376089e-11  +2.5113763431181105e-10
-12   +9.7682042031547733e-11  +8.7475866427774439e-10
-11   +3.1646212498445052e-10  +3.0216433350143834e-09
-10   +9.9814269668426581e-10  +1.0336165517791554e-08
 -9   +3.0340861856708030e-09  +3.4949773742421562e-08
 -8   +8.7331626831266191e-09  +1.1653551055989796e-07
 -7   +2.2977061844087814e-08  +3.8193118957183232e-07
 -6   +5.0472025769910175e-08  +1.2248143502600220e-06
 -5   +6.1011296255174874e-08  +3.8164957586280934e-06
 -4   -2.2493715720503942e-07  +1.1446075392325345e-05
 -3   -2.3651360587385206e-06  +3.2149165062776971e-05
 -2   -1.4582674211267817e-05  +8.4495052531907450e-05
 -1   -6.4127695079105192e-06  +6.5807567132106602e-06
 +0   -4.1980645154934035e-02  +0.0000000000000000e+00
 +1   -6.4127695079105192e-06  -6.5807567132106602e-06
 +2   -1.4582674211267817e-05  -8.4495052531907450e-05
 +3   -2.3651360587385206e-06  -3.2149165062776971e-05
 +4   -2.2493715720503942e-07  -1.1446075392325345e-05
 +5   +6.1011296255174874e-08  -3.8164957586280934e-06
 +6   +5.0472025769910175e-08  -1.2248143502600220e-06
 +7   +2.2977061844087814e-08  -3.8193118957183232e-07
 +8   +8.7331626831266191e-09  -1.1653551055989796e-07
 +9   +3.0340861856708030e-09  -3.4949773742421562e-08
+10   +9.9814269668426581e-10  -1.0336165517791554e-08
+11   +3.1646212498445052e-10  -3.0216433350143834e-09
+12   +9.7682042031547733e-11  -8.7475866427774439e-10
+13   +2.9542496373376089e-11  -2.5113763431181105e-10
+14   +8.7920321849020972e-12  -7.1582106480408613e-11
+15   +2.5826394736763100e-12  -2.0275080315401305e-11
+16   +7.5048567773767661e-13  -5.7109711677451774e-12
+17   +2.1609926062399172e-13  -1.6007077577328582e-12
+18   +6.1736943270115111e-14  -4.4666154821755818e-13
+19   +1.7512578400395846e-14  -1.2412094696023012e-13
+20   +4.9320467926169845e-15  -3.4344815433682240e-14
+21   +1.3770549634043248e-15  -9.4512438268392271e-15
+22   +3.7364211826312950e-16  -2.5719233512383018e-15
+23   +9.4574619756261759e-17  -6.7850057772082650e-16
+24   +1.8930265179131085e-17  -1.5886112768345291e-16
+25   -3.6707986651173679e-18  -1.8038828396940419e-17
+26   -9.6567566343464586e-18  +1.8645481918469584e-17
+27   -1.0961047911471962e-17  +2.8933287507125142e-17
+28   -1.0885387001704053e-17  +2.9906645958177901e-17
+29   -1.2342449283246393e-17  +3.0881758178999236e-17
+30   -1.2845172347312274e-17  +2.8969005836361234e-17

