-30   +5.9809371998748377e-18  +1.2193633151671754e-18
-29   +3.2761451519848820e-18  +1.5884938620542845e-18
-28   -1.8551984867297662e-17  +1.8326117296340243e-19
-27   -3.3087411046692585e-18  -2.3204023438020971e-19
-26   +9.4762831676352951e-18  -8.1195494874199630e-18
-25   +1.9539706651343228e-17  -3.6279869887458564e-17
-24   +9.5966845354472711e-17  -1.3183506281817109e-16
-23   +3.7971659707410914e-16  -4.9534055772350597e-16
-22   +1.3321296952047773e-15  -1.8058023651766771e-15
-21   +4.7993903039668683e-15  -6.5603610602611948e-15
-20   +1.7544106065781589e-14  -2.3748985081142907e-14
-19   +6.3708542477621652e-14  -8.5645717079505366e-14
-18   +2.3049390236981711e-13  -3.0768902191517225e-13
-17   +8.3148126988642624e-13  -1.1008331682777022e-12
-16   +2.9883812039860514e-12  -3.9203640607263842e-12
-15   +1.0696969597584765e-11  -1.3889264074543790e-11
-14   +3.8117654650759980e-11  -4.8919763184280295e-11
-13   +1.3514447140670456e-10  -1.7115183606990906e-10
-12   +4.7642730524058586e-10  -5.9419190444723459e-10
-11   +1.6687242407041955e-09  -2.0443853322815241e-09
-10   +5.8016415549032995e-09  -6.9594816624146469e-09
 -9   +1.9997942168431197e-08  -2.3390197070765996e-08
 -8   +6.8241440929741231e-08  -7.7387629271987344e-08
 -7   +2.3009117290934276e-07  -2.5101960517413370e-07
 -6   +7.6468849183822744e-07  -7.9348608761001877e-07
 -5   +2.4950335158824304e-06  -2.4203106891754159e-06
 -4   +7.9649554610561262e-06  -7.0113833956758987e-06
 -3   +2.4356265197137805e-05  -1.8466565515394284e-05
 -2   +7.3301728632434914e-05  -4.1400620346431698e-05
 -1   +1.3713269304123483e-05  +1.5551215424941050e-06
 +0   -1.1615665816934442e-08  +0.0000000000000000e+00
 +1   +1.3713269304123483e-05  -1.5551215424941050e-06
 +2   +7.3301728632434914e-05  +4.1400620346431698e-05
 +3   +2.4356265197137805e-05  +1.8466565515394284e-05
 +4   +7.9649554610561262e-06  +7.0113833956758987e-06
 +5   +2.4950335158824304e-06  +2.4203106891754159e-06
 +6   +7.6468849183822744e-07  +7.9348608761001877e-07
 +7   +2.3009117290934276e-07  +2.5101960517413370e-07
 +8   +6.8241440929741231e-08  +7.7387629271987344e-08
 +9   +1.9997942168431197e-08  +2.3390197070765996e-08
+10   +5.8016415549032995e-09  +6.9594816624146469e-09
+11   +1.6687242407041955e-09  +2.0443853322815241e-09
+12   +4.7642730524058586e-10  +5.9419190444723459e-10
+13   +1.3514447140670456e-10  +1.7115183606990906e-10
+14   +3.8117654650759980e-11  +4.8919763184280295e-11
+15   +1.0696969597584765e-11  +1.3889264074543790e-11
+16   +2.9883812039860514e-12  +3.9203640607263842e-12
+17   +8.3148126988642624e-13  +1.1008331682777022e-12
+18   +2.3049390236981711e-13  +3.0768902191517225e-13
+19   +6.3708542477621652e-14  +8.5645717079505366e-14
+20   +1.7544106065781589e-14  +2.3748985081142907e-14
+21   +4.7993903039668683e-15  +6.5603610602611948e-15
+22   +1.3321296952047773e-15  +1.8058023651766771e-15
+23   +3.7971659707410914e-16  +4.9534055772350597e-16
+24   +9.5966845354472711e-17  +1.3183506281817109e-16
+25   +1.9539706651343228e-17  +3.6279869887458564e-17
+26   +9.4762831676352951e-18  +8.1195494874199630e-18
+27   -3.3087411046692585e-18  +2.3204023438020971e-19
+28   -1.8551984867297662e-17  -1.8326117296340243e-19
+29   +3.2761451519848820e-18  -1.5884938620542845e-18
+30   +5.9809371998748377e-18  -1.2193633151671754e-18

