-30   -7.0924280769590508e-18  -5.5508926048845517e-18
-29   -3.1485157318512255e-18  -5.4270414669144474e-18
-28   +1.4664827750727468e-17  -5.6840473621545316e-18
-27   +1.6630331541907699e-18  -6.5492488526365163e-18
-26   -4.9159794258673294e-18  -6.5709917202852303e-18
-25   +1.0248381629166452e-18  -5.9361642945128511e-18
-24   -1.5560878295447034e-17  -6.7914755857168279e-18
-23   -7.7705611768447582e-17  -5.7135863022809294e-18
-22   -2.3718245401947986e-16  -4.5602597062319211e-18
-21   -8.4282053551674556e-16  +4.0567658152537406e-18
-20   -3.2519583064346213e-15  +4.3251526300543326e-17
-19   -1.2311130790176506e-14  +2.0159254454149368e-16
-18   -4.6448461296642541e-14  +8.2357530040455639e-16
-17   -1.7532613771857838e-13  +3.3172259270353984e-15
-16   -6.6065895433482398e-13  +1.3304879457829513e-14
-15   -2.4851752710789820e-12  +5.3404967742233925e-14
-14   -9.3300583429932582e-12  +2.1480099250796730e-13
-13   -3.4949712157399521e-11  +8.6637931394032168e-13
-12   -1.3058345495035553e-10  +3.5062286313963313e-12
-11   -4.8645229406582109e-10  +1.4246802563332030e-11
-10   -1.8058202271270165e-09  +5.8170069430843787e-11
 -9   -6.6757238233690254e-09  +2.3892668601300099e-10
 -8   -2.4554713784737745e-08  +9.8873751481238038e-10
 -7   -8.9750670675322218e-08  +4.1311672881353980e-09
 -6   -3.2550083982458120e-07  +1.7488397833643575e-08
 -5   -1.1673787727960222e-06  +7.5340485289127825e-08
 -4   -4.1349006796834315e-06  +3.3427004531735285e-07
 -3   -1.4113796337983540e-05  +1.5286247678008512e-06
 -2   -4.8448688173655615e-05  +7.9852941104647988e-06
 -1   -1.7146532807658258e-05  +6.1388293582845213e-06
 +0   -2.5884652741501807e-09  +0.0000000000000000e+00
 +1   -1.7146532807658258e-05  -6.1388293582845213e-06
 +2   -4.8448688173655615e-05  -7.9852941104647988e-06
 +3   -1.4113796337983540e-05  -1.5286247678008512e-06
 +4   -4.1349006796834315e-06  -3.3427004531735285e-07
 +5   -1.1673787727960222e-06  -7.5340485289127825e-08
 +6   -3.2550083982458120e-07  -1.7488397833643575e-08
 +7   -8.9750670675322218e-08  -4.1311672881353980e-09
 +8   -2.4554713784737745e-08  -9.8873751481238038e-10
 +9   -6.6757238233690254e-09  -2.3892668601300099e-10
+10   -1.8058202271270165e-09  -5.8170069430843787e-11
+11   -4.8645229406582109e-10  -1.4246802563332030e-11
+12   -1.3058345495035553e-10  -3.5062286313963313e-12
+13   -3.4949712157399521e-11  -8.6637931394032168e-13
+14   -9.3300583429932582e-12  -2.1480099250796730e-13
+15   -2.4851752710789820e-12  -5.3404967742233925e-14
+16   -6.6065895433482398e-13  -1.3304879457829513e-14
+17   -1.7532613771857838e-13  -3.3172259270353984e-15
+18   -4.6448461296642541e-14  -8.2357530040455639e-16
+19   -1.2311130790176506e-14  -2.0159254454149368e-16
+20   -3.2519583064346213e-15  -4.3251526300543326e-17
+21   -8.4282053551674556e-16  -4.0567658152537406e-18
+22   -2.3718245401947986e-16  +4.5602597062319211e-18
+23   -7.7705611768447582e-17  +5.7135863022809294e-18
+24   -1.5560878295447034e-17  +6.7914755857168279e-18
+25   +1.0248381629166452e-18  +5.9361642945128511e-18
+26   -4.9159794258673294e-18  +6.5709917202852303e-18
+27   +1.6630331541907699e-18  +6.5492488526365163e-18
+28   +1.4664827750727468e-17  +5.6840473621545316e-18
+29   -3.1485157318512255e-18  +5.4270414669144474e-18
+30   -7.0924280769590508e-18  +5.5508926048845517e-18

