-30   -0.0000000000000000e+00  -2.3890426820449105e-17
-29   +0.0000000000000000e+00  +2.4804915680794184e-17
-28   -0.0000000000000000e+00  -2.5779051688319082e-17
-27   +0.0000000000000000e+00  +2.6824102937650248e-17
-26   -0.0000000000000000e+00  -2.7945362305096438e-17
-25   +0.0000000000000000e+00  +2.9149791907912217e-17
-24   -0.0000000000000000e+00  -3.0463244616070150e-17
-23   +0.0000000000000000e+00  +3.1835682118797528e-17
-22   -0.0000000000000000e+00  -3.3546371355930397e-17
-21   +0.0000000000000000e+00  +3.4508830179543830e-17
-20   -0.0000000000000000e+00  -3.9339504031079681e-17
-19   +0.0000000000000000e+00  +2.8862729390661524e-17
-18   -0.0000000000000000e+00  -8.3691105202794811e-17
-17   -0.0000000000000000e+00  -1.3577727582859391e-16
-16   -0.0000000000000000e+00  -8.0910452814690198e-16
-15   -0.0000000000000000e+00  -3.2089119815398048e-15
-14   -0.0000000000000000e+00  -1.4072951122149049e-14
-13   -0.0000000000000000e+00  -6.0727801937648057e-14
-12   -0.0000000000000000e+00  -2.6599747658468083e-13
-11   -0.0000000000000000e+00  -1.1757828784965663e-12
-10   -0.0000000000000000e+00  -5.2653167835845614e-12
 -9   -0.0000000000000000e+00  -2.3941134514844414e-11
 -8   -0.0000000000000000e+00  -1.1095319602602490e-10
 -7   -0.0000000000000000e+00  -5.2678500820353959e-10
 -6   -0.0000000000000000e+00  -2.5824045361009904e-09
 -5   -0.0000000000000000e+00  -1.3220219556286056e-08
 -4   -0.0000000000000000e+00  -7.2305376000285833e-08
 -3   -0.0000000000000000e+00  -4.3301083992953810e-07
 -2   -0.0000000000000000e+00  -3.2829588018020090e-06
 -1   -0.0000000000000000e+00  -1.1181826767572904e-06
 +0   +0.0000000000000000e+00  +0.0000000000000000e+00
 +1   +0.0000000000000000e+00  +1.1181826767572904e-06
 +2   +0.0000000000000000e+00  +3.2829588018020090e-06
 +3   +0.0000000000000000e+00  +4.3301083992953810e-07
 +4   +0.0000000000000000e+00  +7.2305376000285833e-08
 +5   +0.0000000000000000e+00  +1.3220219556286056e-08
 +6   +0.0000000000000000e+00  +2.5824045361009904e-09
 +7   +0.0000000000000000e+00  +5.2678500820353959e-10
 +8   +0.0000000000000000e+00  +1.1095319602602490e-10
 +9   +0.0000000000000000e+00  +2.3941134514844414e-11
+10   +0.0000000000000000e+00  +5.2653167835845614e-12
+11   +0.0000000000000000e+00  +1.1757828784965663e-12
+12   +0.0000000000000000e+00  +2.6599747658468083e-13
+13   +0.0000000000000000e+00  +6.0727801937648057e-14
+14   +0.0000000000000000e+00  +1.4072951122149049e-14
+15   +0.0000000000000000e+00  +3.2089119815398048e-15
+16   +0.0000000000000000e+00  +8.0910452814690198e-16
+17   +0.0000000000000000e+00  +1.3577727582859391e-16
+18   +0.0000000000000000e+00  +8.3691105202794811e-17
+19   -0.0000000000000000e+00  -2.8862729390661524e-17
+20   +0.0000000000000000e+00  +3.9339504031079681e-17
+21   -0.0000000000000000e+00  -3.4508830179543830e-17
+22   +0.0000000000000000e+00  +3.3546371355930397e-17
+23   -0.0000000000000000e+00  -3.1835682118797528e-17
+24   +0.0000000000000000e+00  +3.0463244616070150e-17
+25   -0.0000000000000000e+00  -2.9149791907912217e-17
+26   +0.0000000000000000e+00  +2.7945362305096438e-17
+27   -0.0000000000000000e+00  -2.6824102937650248e-17
+28   +0.0000000000000000e+00  +2.5779051688319082e-17
+29   -0.0000000000000000e+00  -2.4804915680794184e-17
+30   +0.0000000000000000e+00  +2.3890426820449105e-17

