-30   -5.1009515361393114e-19  +0.0000000000000000e+00
-29   +5.2740121553345106e-19  +0.0000000000000000e+00
-28   -5.7409478428639572e-19  +0.0000000000000000e+00
-27   +5.8210404346691192e-19  +0.0000000000000000e+00
-26   -6.3992772294005989e-19  +0.0000000000000000e+00
-25   +6.6386123888134617e-19  +0.0000000000000000e+00
-24   -7.2536816890483818e-19  +0.0000000000000000e+00
-23   +8.3684044168084883e-19  +0.0000000000000000e+00
-22   -6.2690659466138897e-19  +0.0000000000000000e+00
-21   +1.4980966991113796e-18  +0.0000000000000000e+00
-20   +1.5106432164311986e-18  +0.0000000000000000e+00
-19   +1.1798252359670374e-17  +0.0000000000000000e+00
-18   +4.3772038912994770e-17  +0.0000000000000000e+00
-17   +1.9228406864485105e-16  +0.0000000000000000e+00
-16   +8.1249714482055299e-16  +0.0000000000000000e+00
-15   +3.4943851854473572e-15  +0.0000000000000000e+00
-14   +1.5093470108953712e-14  +0.0000000000000000e+00
-13   +6.5796860914314167e-14  +0.0000000000000000e+00
-12   +2.8959191450827959e-13  +0.0000000000000000e+00
-11   +1.2895097840864442e-12  +0.0000000000000000e+00
-10   +5.8222853584634050e-12  +0.0000000000000000e+00
 -9   +2.6738279131812957e-11  +0.0000000000000000e+00
 -8   +1.2542322921241604e-10  +0.0000000000000000e+00
 -7   +6.0449025993500022e-10  +0.0000000000000000e+00
 -6   +3.0207528194926786e-09  +0.0000000000000000e+00
 -5   +1.5854459697197241e-08  +0.0000000000000000e+00
 -4   +8.9785909184716837e-08  +0.0000000000000000e+00
 -3   +5.6223395918942361e-07  +0.0000000000000000e+00
 -2   +4.6020305178539674e-06  +0.0000000000000000e+00
 -1   +2.8229149189553009e-06  +0.0000000000000000e+00
 +0   +1.9627627234904572e-04  +0.0000000000000000e+00
 +1   +2.8229149189553009e-06  +0.0000000000000000e+00
 +2   +4.6020305178539674e-06  +0.0000000000000000e+00
 +3   +5.6223395918942361e-07  +0.0000000000000000e+00
 +4   +8.9785909184716837e-08  +0.0000000000000000e+00
 +5   +1.5854459697197241e-08  +0.0000000000000000e+00
 +6   +3.0207528194926786e-09  +0.0000000000000000e+00
 +7   +6.0449025993500022e-10  +0.0000000000000000e+00
 +8   +1.2542322921241604e-10  +0.0000000000000000e+00
 +9   +2.6738279131812957e-11  +0.0000000000000000e+00
+10   +5.8222853584634050e-12  +0.0000000000000000e+00
+11   +1.2895097840864442e-12  +0.0000000000000000e+00
+12   +2.8959191450827959e-13  +0.0000000000000000e+00
+13   +6.5796860914314167e-14  +0.0000000000000000e+00
+14   +1.5093470108953712e-14  +0.0000000000000000e+00
+15   +3.4943851854473572e-15  +0.0000000000000000e+00
+16   +8.1249714482055299e-16  +0.0000000000000000e+00
+17   +1.9228406864485105e-16  +0.0000000000000000e+00
+18   +4.3772038912994770e-17  +0.0000000000000000e+00
+19   +1.1798252359670374e-17  +0.0000000000000000e+00
+20   +1.5106432164311986e-18  +0.0000000000000000e+00
+21   +1.4980966991113796e-18  +0.0000000000000000e+00
+22   -6.2690659466138897e-19  +0.0000000000000000e+00
+23   +8.3684044168084883e-19  +0.0000000000000000e+00
+24   -7.2536816890483818e-19  +0.0000000000000000e+00
+25   +6.6386123888134617e-19  +0.0000000000000000e+00
+26   -6.3992772294005989e-19  +0.0000000000000000e+00
+27   +5.8210404346691192e-19  +0.0000000000000000e+00
+28   -5.7409478428639572e-19  +0.0000000000000000e+00
+29   +5.2740121553345106e-19  +0.0000000000000000e+00
+30   -5.1009515361393114e-19  +0.0000000000000000e+00

