-30   +3.5087518297274400e-19  +0.0000000000000000e+00
-29   -2.6967749900182070e-19  +0.0000000000000000e+00
-28   +3.9630379494162591e-19  +0.0000000000000000e+00
-27   -3.2135746586477214e-19  +0.0000000000000000e+00
-26   +1.2286220270566891e-19  +0.0000000000000000e+00
-25   -1.0950431690643730e-18  +0.0000000000000000e+00
-24   -1.9313593873916382e-18  +0.0000000000000000e+00
-23   -9.8671545146017607e-18  +0.0000000000000000e+00
-22   -3.7430985399853095e-17  +0.0000000000000000e+00
-21   -1.4994749956529591e-16  +0.0000000000000000e+00
-20   -5.9318418882032433e-16  +0.0000000000000000e+00
-19   -2.3631696767960771e-15  +0.0000000000000000e+00
-18   -9.4109058405395529e-15  +0.0000000000000000e+00
-17   -3.7552696643630371e-14  +0.0000000000000000e+00
-16   -1.5008901142145920e-13  +0.0000000000000000e+00
-15   -6.0106657988912656e-13  +0.0000000000000000e+00
-14   -2.4124725879977604e-12  +0.0000000000000000e+00
-13   -9.7077336483817423e-12  +0.0000000000000000e+00
-12   -3.9180267777671972e-11  +0.0000000000000000e+00
-11   -1.5868613942879799e-10  +0.0000000000000000e+00
-10   -6.4539685661301079e-10  +0.0000000000000000e+00
 -9   -2.6382641311119280e-09  +0.0000000000000000e+00
 -8   -1.0852957508449707e-08  +0.0000000000000000e+00
 -7   -4.5003442646742635e-08  +0.0000000000000000e+00
 -6   -1.8861845147125043e-07  +0.0000000000000000e+00
 -5   -8.0170158018136574e-07  +0.0000000000000000e+00
 -4   -3.4873828973056802e-06  +0.0000000000000000e+00
 -3   -1.5504547029222483e-05  +0.0000000000000000e+00
 -2   -7.6606991488103687e-05  +0.0000000000000000e+00
 -1   -1.1007066842967870e-05  +0.0000000000000000e+00
 +0   +1.9627627968420681e-04  +0.0000000000000000e+00
 +1   -1.1007066842967870e-05  +0.0000000000000000e+00
 +2   -7.6606991488103687e-05  +0.0000000000000000e+00
 +3   -1.5504547029222483e-05  +0.0000000000000000e+00
 +4   -3.4873828973056802e-06  +0.0000000000000000e+00
 +5   -8.0170158018136574e-07  +0.0000000000000000e+00
 +6   -1.8861845147125043e-07  +0.0000000000000000e+00
 +7   -4.5003442646742635e-08  +0.0000000000000000e+00
 +8   -1.0852957508449707e-08  +0.0000000000000000e+00
 +9   -2.6382641311119280e-09  +0.0000000000000000e+00
+10   -6.4539685661301079e-10  +0.0000000000000000e+00
+11   -1.5868613942879799e-10  +0.0000000000000000e+00
+12   -3.9180267777671972e-11  +0.0000000000000000e+00
+13   -9.7077336483817423e-12  +0.0000000000000000e+00
+14   -2.4124725879977604e-12  +0.0000000000000000e+00
+15   -6.0106657988912656e-13  +0.0000000000000000e+00
+16   -1.5008901142145920e-13  +0.0000000000000000e+00
+17   -3.7552696643630371e-14  +0.0000000000000000e+00
+18   -9.4109058405395529e-15  +0.0000000000000000e+00
+19   -2.3631696767960771e-15  +0.0000000000000000e+00
+20   -5.9318418882032433e-16  +0.0000000000000000e+00
+21   -1.4994749956529591e-16  +0.0000000000000000e+00
+22   -3.7430985399853095e-17  +0.0000000000000000e+00
+23   -9.8671545146017607e-18  +0.0000000000000000e+00
+24   -1.9313593873916382e-18  +0.0000000000000000e+00
+25   -1.0950431690643730e-18  +0.0000000000000000e+00
+26   +1.2286220270566891e-19  +0.0000000000000000e+00
+27   -3.2135746586477214e-19  +0.0000000000000000e+00
+28   +3.9630379494162591e-19  +0.0000000000000000e+00
+29   -2.6967749900182070e-19  +0.0000000000000000e+00
+30   +3.5087518297274400e-19  +0.0000000000000000e+00

