-30   +0.0000000000000000e+00  +1.6873118229456375e-16
-29   -0.0000000000000000e+00  -1.6996055173621696e-16
-28   +0.0000000000000000e+00  +1.8244848564789722e-16
-27   -0.0000000000000000e+00  -1.8052735059124884e-16
-26   +0.0000000000000000e+00  +1.9451134224606507e-16
-25   -0.0000000000000000e+00  -1.9667912933856072e-16
-24   +0.0000000000000000e+00  +2.1002859517298893e-16
-23   -0.0000000000000000e+00  -2.3493911750046596e-16
-22   +0.0000000000000000e+00  +1.7156544147640535e-16
-21   -0.0000000000000000e+00  -3.9184788595284762e-16
-20   -0.0000000000000000e+00  -3.6364243455749117e-16
-19   -0.0000000000000000e+00  -2.7732823089235574e-15
-18   -0.0000000000000000e+00  -9.6880399100596903e-15
-17   -0.0000000000000000e+00  -4.0268634741082725e-14
-16   -0.0000000000000000e+00  -1.6000155342108407e-13
-15   -0.0000000000000000e+00  -6.4506102730924852e-13
-14   -0.0000000000000000e+00  -2.5994685583914670e-12
-13   -0.0000000000000000e+00  -1.0518563599557071e-11
-12   -0.0000000000000000e+00  -4.2715022274329640e-11
-11   -0.0000000000000000e+00  -1.7426321474200881e-10
-10   -0.0000000000000000e+00  -7.1485049837761377e-10
 -9   -0.0000000000000000e+00  -2.9524144386116705e-09
 -8   -0.0000000000000000e+00  -1.2299190748295588e-08
 -7   -0.0000000000000000e+00  -5.1808693700345187e-08
 -6   -0.0000000000000000e+00  -2.2158646093555687e-07
 -5   -0.0000000000000000e+00  -9.6724073912690979e-07
 -4   -0.0000000000000000e+00  -4.3696790563345968e-06
 -3   -0.0000000000000000e+00  -2.0428568259073526e-05
 -2   -0.0000000000000000e+00  -1.1055532576468053e-04
 -1   -0.0000000000000000e+00  -3.3796382584069764e-05
 +0   +0.0000000000000000e+00  +0.0000000000000000e+00
 +1   +0.0000000000000000e+00  +3.3796382584069764e-05
 +2   +0.0000000000000000e+00  +1.1055532576468053e-04
 +3   +0.0000000000000000e+00  +2.0428568259073526e-05
 +4   +0.0000000000000000e+00  +4.3696790563345968e-06
 +5   +0.0000000000000000e+00  +9.6724073912690979e-07
 +6   +0.0000000000000000e+00  +2.2158646093555687e-07
 +7   +0.0000000000000000e+00  +5.1808693700345187e-08
 +8   +0.0000000000000000e+00  +1.2299190748295588e-08
 +9   +0.0000000000000000e+00  +2.9524144386116705e-09
+10   +0.0000000000000000e+00  +7.1485049837761377e-10
+11   +0.0000000000000000e+00  +1.7426321474200881e-10
+12   +0.0000000000000000e+00  +4.2715022274329640e-11
+13   +0.0000000000000000e+00  +1.0518563599557071e-11
+14   +0.0000000000000000e+00  +2.5994685583914670e-12
+15   +0.0000000000000000e+00  +6.4506102730924852e-13
+16   +0.0000000000000000e+00  +1.6000155342108407e-13
+17   +0.0000000000000000e+00  +4.0268634741082725e-14
+18   +0.0000000000000000e+00  +9.6880399100596903e-15
+19   +0.0000000000000000e+00  +2.7732823089235574e-15
+20   +0.0000000000000000e+00  +3.6364243455749117e-16
+21   +0.0000000000000000e+00  +3.9184788595284762e-16
+22   -0.0000000000000000e+00  -1.7156544147640535e-16
+23   +0.0000000000000000e+00  +2.3493911750046596e-16
+24   -0.0000000000000000e+00  -2.1002859517298893e-16
+25   +0.0000000000000000e+00  +1.9667912933856072e-16
+26   -0.0000000000000000e+00  -1.9451134224606507e-16
+27   +0.0000000000000000e+00  +1.8052735059124884e-16
+28   -0.0000000000000000e+00  -1.8244848564789722e-16
+29   +0.0000000000000000e+00  +1.6996055173621696e-16
+30   -0.0000000000000000e+00  -1.6873118229456375e-16

