-30   -9.2518585519481060e-19  +3.5420066187609609e-18
-29   +1.5881539880614966e-18  -3.5506387522577355e-18
-28   -4.5082033619378265e-19  +1.2830325409340884e-18
-27   -5.1870239884812731e-20  -3.2421823988545682e-18
-26   -3.3974417055512057e-18  +1.3284526314962030e-18
-25   -4.5209502977353988e-19  -2.9967576216671345e-18
-24   -2.6381379918668350e-18  +2.6324337366928603e-18
-23   +1.8714205078347884e-19  -4.5535565416667878e-18
-22   -8.8993555009373231e-19  -1.2305849366712756e-18
-21   -3.5183332698454273e-18  -8.6001966279541256e-18
-20   -1.1283707692938991e-17  -2.8300007955691188e-17
-19   -3.9464231809472715e-17  -1.1913198771558510e-16
-18   -1.6273781220458158e-16  -4.5195388827057113e-16
-17   -6.4062714505852001e-16  -1.8385525374897588e-15
-16   -2.6135534691415310e-15  -7.3870486632537959e-15
-15   -1.0640028802011034e-14  -2.9873013654699946e-14
-14   -4.3530851251375257e-14  -1.2112372920104207e-13
-13   -1.7895168067452528e-13  -4.9320875677452910e-13
-12   -7.4026591590769715e-13  -2.0178173500282005e-12
-11   -3.0854946955058937e-12  -8.3031815973892834e-12
-10   -1.2981470732829332e-11  -3.4409034867122391e-11
 -9   -5.5263525904799504e-11  -1.4385786483290229e-10
 -8   -2.3887202725835434e-10  -6.0828343471817232e-10
 -7   -1.0536236264684605e-09  -2.6107100852110579e-09
 -6   -4.7798239428762177e-09  -1.1437710411023958e-08
 -5   -2.2577860271463436e-08  -5.1604944750966116e-08
 -4   -1.1376253988053053e-07  -2.4402724706378398e-07
 -3   -6.3240381826745992e-07  -1.2395503888843884e-06
 -2   -4.5216932244344883e-06  -7.6463878657250497e-06
 -1   -3.4217732532902941e-06  -3.1051016258017268e-06
 +0   +1.7361621557091525e-01  +0.0000000000000000e+00
 +1   -3.4217732532902941e-06  +3.1051016258017268e-06
 +2   -4.5216932244344883e-06  +7.6463878657250497e-06
 +3   -6.3240381826745992e-07  +1.2395503888843884e-06
 +4   -1.1376253988053053e-07  +2.4402724706378398e-07
 +5   -2.2577860271463436e-08  +5.1604944750966116e-08
 +6   -4.7798239428762177e-09  +1.1437710411023958e-08
 +7   -1.0536236264684605e-09  +2.6107100852110579e-09
 +8   -2.3887202725835434e-10  +6.0828343471817232e-10
 +9   -5.5263525904799504e-11  +1.4385786483290229e-10
+10   -1.2981470732829332e-11  +3.4409034867122391e-11
+11   -3.0854946955058937e-12  +8.3031815973892834e-12
+12   -7.4026591590769715e-13  +2.0178173500282005e-12
+13   -1.7895168067452528e-13  +4.9320875677452910e-13
+14   -4.3530851251375257e-14  +1.2112372920104207e-13
+15   -1.0640028802011034e-14  +2.9873013654699946e-14
+16   -2.6135534691415310e-15  +7.3870486632537959e-15
+17   -6.4062714505852001e-16  +1.8385525374897588e-15
+18   -1.6273781220458158e-16  +4.5195388827057113e-16
+19   -3.9464231809472715e-17  +1.1913198771558510e-16
+20   -1.1283707692938991e-17  +2.8300007955691188e-17
+21   -3.5183332698454273e-18  +8.6001966279541256e-18
+22   -8.8993555009373231e-19  +1.2305849366712756e-18
+23   +1.8714205078347884e-19  +4.5535565416667878e-18
+24   -2.6381379918668350e-18  -2.6324337366928603e-18
+25   -4.5209502977353988e-19  +2.9967576216671345e-18
+26   -3.3974417055512057e-18  -1.3284526314962030e-18
+27   -5.1870239884812731e-20  +3.2421823988545682e-18
+28   -4.5082033619378265e-19  -1.2830325409340884e-18
+29   +1.5881539880614966e-18  +3.5506387522577355e-18
+30   -9.2518585519481060e-19  -3.5420066187609609e-18

