-30   -1.6021588951434971e-16  +3.7786098842697010e-16
-29   +1.5553710101848085e-16  -3.8790598608553262e-16
-28   -1.5459987405082674e-16  +3.9644242287957699e-16
-27   +1.5214116244818427e-16  -4.1535169977245906e-16
-26   -1.5932000594428030e-16  +4.3222588118119227e-16
-25   +1.5377999205806731e-16  -4.5495518637050410e-16
-24   -1.5923979080208176e-16  +4.7162916608178072e-16
-23   +1.5152061624669002e-16  -4.9637151477028256e-16
-22   -1.5268577452419960e-16  +5.1758982874132196e-16
-21   +1.4449857930330525e-16  -5.5027109021113533e-16
-20   -1.9217295617888763e-16  +5.6626586053662981e-16
-19   +5.8869594669369999e-17  -6.5440125053309535e-16
-18   -5.2877335200589244e-16  +4.6545321256046058e-16
-17   -1.3303255550286509e-15  -1.4005256250793749e-15
-16   -6.1720892921299179e-15  -2.1570364257460592e-15
-15   -2.4292077764371887e-14  -1.2372587480041254e-14
-14   -9.9811556616899770e-14  -4.5971520483874370e-14
-13   -4.0797712681040392e-13  -1.9036509762177564e-13
-12   -1.6810060688977853e-12  -7.6875678574656906e-13
-11   -6.9699008986162744e-12  -3.1417835095658195e-12
-10   -2.9147754980267284e-11  -1.2879458098256194e-11
 -9   -1.2318656071994959e-10  -5.3151505597979381e-11
 -8   -5.2776497725953771e-10  -2.2094832529235474e-10
 -7   -2.3022230629214687e-09  -9.2684379138004053e-10
 -6   -1.0296059361921489e-08  -3.9311330503655146e-09
 -5   -4.7709033621542190e-08  -1.6886740862151100e-08
 -4   -2.3390040171387214e-07  -7.3511513771685353e-08
 -3   -1.2447524043850663e-06  -3.1689046612840995e-07
 -2   -8.1998103615152523e-06  -1.2036219489120766e-06
 -1   -5.6192074743572185e-06  +1.4448361924131593e-06
 +0   +4.1983395184893152e-01  +0.0000000000000000e+00
 +1   -5.6192074743572185e-06  -1.4448361924131593e-06
 +2   -8.1998103615152523e-06  +1.2036219489120766e-06
 +3   -1.2447524043850663e-06  +3.1689046612840995e-07
 +4   -2.3390040171387214e-07  +7.3511513771685353e-08
 +5   -4.7709033621542190e-08  +1.6886740862151100e-08
 +6   -1.0296059361921489e-08  +3.9311330503655146e-09
 +7   -2.3022230629214687e-09  +9.2684379138004053e-10
 +8   -5.2776497725953771e-10  +2.2094832529235474e-10
 +9   -1.2318656071994959e-10  +5.3151505597979381e-11
+10   -2.9147754980267284e-11  +1.2879458098256194e-11
+11   -6.9699008986162744e-12  +3.1417835095658195e-12
+12   -1.6810060688977853e-12  +7.6875678574656906e-13
+13   -4.0797712681040392e-13  +1.9036509762177564e-13
+14   -9.9811556616899770e-14  +4.5971520483874370e-14
+15   -2.4292077764371887e-14  +1.2372587480041254e-14
+16   -6.1720892921299179e-15  +2.1570364257460592e-15
+17   -1.3303255550286509e-15  +1.4005256250793749e-15
+18   -5.2877335200589244e-16  -4.6545321256046058e-16
+19   +5.8869594669369999e-17  +6.5440125053309535e-16
+20   -1.9217295617888763e-16  -5.6626586053662981e-16
+21   +1.4449857930330525e-16  +5.5027109021113533e-16
+22   -1.5268577452419960e-16  -5.1758982874132196e-16
+23   +1.5152061624669002e-16  +4.9637151477028256e-16
+24   -1.5923979080208176e-16  -4.7162916608178072e-16
+25   +1.5377999205806731e-16  +4.5495518637050410e-16
+26   -1.5932000594428030e-16  -4.3222588118119227e-16
+27   +1.5214116244818427e-16  +4.1535169977245906e-16
+28   -1.5459987405082674e-16  -3.9644242287957699e-16
+29   +1.5553710101848085e-16  +3.8790598608553262e-16
+30   -1.6021588951434971e-16  -3.7786098842697010e-16

