-30   -6.5420519102457672e-19  -8.2801797536875922e-18
-29   -2.4025518529061096e-18  +5.7830382069743238e-18
-28   +2.2223103697890909e-18  -8.4000751175848104e-18
-27   -3.4766831159426998e-18  +5.8010226625766028e-18
-26   -5.2567634535340101e-21  -5.9507672650672134e-18
-25   -1.6790181927464785e-18  +4.7742512144889953e-18
-24   +1.4202500278026561e-18  -7.1704425807836970e-18
-23   -3.4726764295382228e-18  +7.5782122478473319e-18
-22   +3.7971840942964700e-18  -7.6300225588042488e-18
-21   -7.0035455038832863e-18  +1.3300585838153569e-17
-20   -7.5829642775217990e-18  +1.9543955021926132e-17
-19   -4.3172429844554929e-17  +1.2186262294828305e-16
-18   -1.5955285677230873e-16  +4.4398847722909454e-16
-17   -6.4478004711229734e-16  +1.8439902035667219e-15
-16   -2.6092649101889468e-15  +7.3801377259564706e-15
-15   -1.0642699695401305e-14  +2.9879828047907145e-14
-14   -4.3527198481786629e-14  +1.2111606369799188e-13
-13   -1.7895591473056398e-13  +4.9321656291263492e-13
-12   -7.4026218726650835e-13  +2.0178074190444349e-12
-11   -3.0854976406676215e-12  +8.3031901606570165e-12
-10   -1.2981467124512372e-11  +3.4409024004923521e-11
 -9   -5.5263531593319083e-11  +1.4385787544030421e-10
 -8   -2.3887202324059138e-10  +6.0828341736918249e-10
 -7   -1.0536236325105630e-09  +2.6107100949080619e-09
 -6   -4.7798239376253364e-09  +1.1437710389938560e-08
 -5   -2.2577860279243926e-08  +5.1604944769336322e-08
 -4   -1.1376253987166768e-07  +2.4402724703516363e-07
 -3   -6.3240381827672953e-07  +1.2395503889146768e-06
 -2   -4.5216932244146229e-06  +7.6463878656744429e-06
 -1   -3.4217732533640639e-06  +3.1051016258672618e-06
 +0   +1.7361621557091533e-01  +0.0000000000000000e+00
 +1   -3.4217732533640639e-06  -3.1051016258672618e-06
 +2   -4.5216932244146229e-06  -7.6463878656744429e-06
 +3   -6.3240381827672953e-07  -1.2395503889146768e-06
 +4   -1.1376253987166768e-07  -2.4402724703516363e-07
 +5   -2.2577860279243926e-08  -5.1604944769336322e-08
 +6   -4.7798239376253364e-09  -1.1437710389938560e-08
 +7   -1.0536236325105630e-09  -2.6107100949080619e-09
 +8   -2.3887202324059138e-10  -6.0828341736918249e-10
 +9   -5.5263531593319083e-11  -1.4385787544030421e-10
+10   -1.2981467124512372e-11  -3.4409024004923521e-11
+11   -3.0854976406676215e-12  -8.3031901606570165e-12
+12   -7.4026218726650835e-13  -2.0178074190444349e-12
+13   -1.7895591473056398e-13  -4.9321656291263492e-13
+14   -4.3527198481786629e-14  -1.2111606369799188e-13
+15   -1.0642699695401305e-14  -2.9879828047907145e-14
+16   -2.6092649101889468e-15  -7.3801377259564706e-15
+17   -6.4478004711229734e-16  -1.8439902035667219e-15
+18   -1.5955285677230873e-16  -4.4398847722909454e-16
+19   -4.3172429844554929e-17  -1.2186262294828305e-16
+20   -7.5829642775217990e-18  -1.9543955021926132e-17
+21   -7.0035455038832863e-18  -1.3300585838153569e-17
+22   +3.7971840942964700e-18  +7.6300225588042488e-18
+23   -3.4726764295382228e-18  -7.5782122478473319e-18
+24   +1.4202500278026561e-18  +7.1704425807836970e-18
+25   -1.6790181927464785e-18  -4.7742512144889953e-18
+26   -5.2567634535340101e-21  +5.9507672650672134e-18
+27   -3.4766831159426998e-18  -5.8010226625766028e-18
+28   +2.2223103697890909e-18  +8.4000751175848104e-18
+29   -2.4025518529061096e-18  -5.7830382069743238e-18
+30   -6.5420519102457672e-19  +8.2801797536875922e-18

