-30   +1.5804804421194687e-16  -3.5999221853795784e-16
-29   -1.5209313007778472e-16  +3.7889391067187038e-16
-28   +1.4821477961092308e-16  -3.9340149262956515e-16
-27   -1.5297940747733248e-16  +4.0955254526819748e-16
-26   +1.5937586271004156e-16  -4.2387061512320150e-16
-25   -1.4293370484553158e-16  +4.4066244409400193e-16
-24   +1.5473087004648868e-16  -4.6635054733819859e-16
-23   -1.5071076413151510e-16  +4.9133067653462103e-16
-22   +1.4940254157237800e-16  -5.0835782069300892e-16
-21   -1.3768935369218788e-16  +5.3305312143855263e-16
-20   +1.7935320493633053e-16  -5.8106883419829852e-16
-19   -5.2569702932213354e-17  +5.5166290960367080e-16
-18   +5.2621380397159195e-16  -8.0689758502732042e-16
-17   +1.3325771780830204e-15  -5.1781801257742031e-17
-16   +6.1687098695638704e-15  -3.5910686001479284e-15
-15   +2.4296981837652213e-14  -1.0849625113879667e-14
-14   +9.9804831319189804e-14  -4.7623019332437013e-14
-13   +4.0797613663545200e-13  -1.8858329929255378e-13
-12   +1.6810042167632832e-12  -7.7068608542144101e-13
-11   +6.9699028832554799e-12  -3.1396728531129449e-12
-10   +2.9147746990663408e-11  -1.2881778430314828e-11
 -9   +1.2318656050833603e-10  -5.3148920921255446e-11
 -8   +5.2776497414783438e-10  -2.2095122407228577e-10
 -7   +2.3022230654957759e-09  -9.2684046197594005e-10
 -6   +1.0296059361677578e-08  -3.9311369181087839e-09
 -5   +4.7709033616094120e-08  -1.6886736195733872e-08
 -4   +2.3390040171710407e-07  -7.3511519593024593e-08
 -3   +1.2447524043813057e-06  -3.1689045834927260e-07
 -2   +8.1998103615329502e-06  -1.2036219605639601e-06
 -1   +5.6192074742746201e-06  +1.4448362157404596e-06
 +0   -4.1983395184893013e-01  +0.0000000000000000e+00
 +1   +5.6192074742746201e-06  -1.4448362157404596e-06
 +2   +8.1998103615329502e-06  +1.2036219605639601e-06
 +3   +1.2447524043813057e-06  +3.1689045834927260e-07
 +4   +2.3390040171710407e-07  +7.3511519593024593e-08
 +5   +4.7709033616094120e-08  +1.6886736195733872e-08
 +6   +1.0296059361677578e-08  +3.9311369181087839e-09
 +7   +2.3022230654957759e-09  +9.2684046197594005e-10
 +8   +5.2776497414783438e-10  +2.2095122407228577e-10
 +9   +1.2318656050833603e-10  +5.3148920921255446e-11
+10   +2.9147746990663408e-11  +1.2881778430314828e-11
+11   +6.9699028832554799e-12  +3.1396728531129449e-12
+12   +1.6810042167632832e-12  +7.7068608542144101e-13
+13   +4.0797613663545200e-13  +1.8858329929255378e-13
+14   +9.9804831319189804e-14  +4.7623019332437013e-14
+15   +2.4296981837652213e-14  +1.0849625113879667e-14
+16   +6.1687098695638704e-15  +3.5910686001479284e-15
+17   +1.3325771780830204e-15  +5.1781801257742031e-17
+18   +5.2621380397159195e-16  +8.0689758502732042e-16
+19   -5.2569702932213354e-17  -5.5166290960367080e-16
+20   +1.7935320493633053e-16  +5.8106883419829852e-16
+21   -1.3768935369218788e-16  -5.3305312143855263e-16
+22   +1.4940254157237800e-16  +5.0835782069300892e-16
+23   -1.5071076413151510e-16  -4.9133067653462103e-16
+24   +1.5473087004648868e-16  +4.6635054733819859e-16
+25   -1.4293370484553158e-16  -4.4066244409400193e-16
+26   +1.5937586271004156e-16  +4.2387061512320150e-16
+27   -1.5297940747733248e-16  -4.0955254526819748e-16
+28   +1.4821477961092308e-16  +3.9340149262956515e-16
+29   -1.5209313007778472e-16  -3.7889391067187038e-16
+30   +1.5804804421194687e-16  +3.5999221853795784e-16

