-30   -5.2336415291281830e-18  +8.9343849438018869e-18
-29   +4.3369979907180241e-18  -7.7158321227339764e-18
-28   -2.7950587332370486e-19  +7.7254670213816374e-18
-27   -1.8485971376806787e-18  -8.6977981738216142e-18
-26   +1.5999196528824302e-18  +2.4303620393821649e-18
-25   +5.3903250169906771e-18  +9.0071237798064737e-18
-24   -6.6674636410400825e-18  +2.2593028310596124e-18
-23   +1.0859108194785148e-17  +4.6791754356925106e-18
-22   +5.9740490458205016e-19  +9.5049060072913669e-18
-21   -6.3848935903803924e-18  -3.4412545875957399e-18
-20   -4.0442476146782939e-17  +2.0221238073391472e-17
-19   -1.0279554528744495e-16  +2.3025844755267396e-17
-18   -4.4591716599219619e-16  +1.5969775396359274e-16
-17   -1.7368381316435183e-15  +5.9610164708740096e-16
-16   -6.9847311950553520e-15  +2.4629708908616709e-15
-15   -2.8127277554746297e-14  +9.9229144760801116e-15
-14   -1.1369196352351324e-13  +4.0465264622970674e-14
-13   -4.6118873251588295e-13  +1.6545472632567067e-13
-12   -1.8790438210302151e-12  +6.8052152159668794e-13
-11   -7.6961335338148194e-12  +2.8173366603540825e-12
-10   -3.1725952345834481e-11  +1.1760225081801544e-11
 -9   -1.3185124769546708e-10  +4.9599245075914002e-11
 -8   -5.5374820729372970e-10  +2.1199905540211968e-10
 -7   -2.3584426275795516e-09  +9.2240726262794124e-10
 -6   -1.0243795579038985e-08  +4.1142318006693594e-09
 -5   -4.5787862191793315e-08  +1.9025805897559384e-08
 -4   -2.1457183752102994e-07  +9.3290757438699834e-08
 -3   -1.0834761178135395e-06  +5.0268114635855230e-07
 -2   -6.7649512321150564e-06  +3.4815291494618542e-06
 -1   -2.7258323219902519e-06  +1.9382141900574593e-06
 +0   -5.5352537056662821e-01  +0.0000000000000000e+00
 +1   -2.7258323219902519e-06  -1.9382141900574593e-06
 +2   -6.7649512321150564e-06  -3.4815291494618542e-06
 +3   -1.0834761178135395e-06  -5.0268114635855230e-07
 +4   -2.1457183752102994e-07  -9.3290757438699834e-08
 +5   -4.5787862191793315e-08  -1.9025805897559384e-08
 +6   -1.0243795579038985e-08  -4.1142318006693594e-09
 +7   -2.3584426275795516e-09  -9.2240726262794124e-10
 +8   -5.5374820729372970e-10  -2.1199905540211968e-10
 +9   -1.3185124769546708e-10  -4.9599245075914002e-11
+10   -3.1725952345834481e-11  -1.1760225081801544e-11
+11   -7.6961335338148194e-12  -2.8173366603540825e-12
+12   -1.8790438210302151e-12  -6.8052152159668794e-13
+13   -4.6118873251588295e-13  -1.6545472632567067e-13
+14   -1.1369196352351324e-13  -4.0465264622970674e-14
+15   -2.8127277554746297e-14  -9.9229144760801116e-15
+16   -6.9847311950553520e-15  -2.4629708908616709e-15
+17   -1.7368381316435183e-15  -5.9610164708740096e-16
+18   -4.4591716599219619e-16  -1.5969775396359274e-16
+19   -1.0279554528744495e-16  -2.3025844755267396e-17
+20   -4.0442476146782939e-17  -2.0221238073391472e-17
+21   -6.3848935903803924e-18  +3.4412545875957399e-18
+22   +5.9740490458205016e-19  -9.5049060072913669e-18
+23   +1.0859108194785148e-17  -4.6791754356925106e-18
+24   -6.6674636410400825e-18  -2.2593028310596124e-18
+25   +5.3903250169906771e-18  -9.0071237798064737e-18
+26   +1.5999196528824302e-18  -2.4303620393821649e-18
+27   -1.8485971376806787e-18  +8.6977981738216142e-18
+28   -2.7950587332370486e-19  -7.7254670213816374e-18
+29   +4.3369979907180241e-18  +7.7158321227339764e-18
+30   -5.2336415291281830e-18  -8.9343849438018869e-18

