-30   +7.8257573049874737e-17  -1.9339768668635991e-16
-29   -7.8426285884896773e-17  +2.0090355894388781e-16
-28   +8.0867471018297039e-17  -2.1058108003810357e-16
-27   -8.1723048164987168e-17  +2.1798417413989424e-16
-26   +7.9701622588034310e-17  -2.2737434418112894e-16
-25   -8.2802196327710117e-17  +2.3718354071850126e-16
-24   +8.2641092759214823e-17  -2.4890413681011329e-16
-23   -8.0238515602932794e-17  +2.6009497882046080e-16
-22   +8.0305585105120682e-17  -2.7163970548891436e-16
-21   -8.2710401635646049e-17  +2.9114236832539596e-16
-20   +6.8959558789995885e-17  -2.7487268293932781e-16
-19   -1.2446231689354147e-16  +4.0473257310468807e-16
-18   -9.0964503044124038e-17  +1.3151075601967222e-17
-17   -7.6137150870593848e-16  +1.7560421402818910e-15
-16   -2.6444726972014276e-15  +5.2637520102027949e-15
-15   -1.1009390969573699e-14  +2.3217430354116593e-14
-14   -4.3878763206284735e-14  +9.2127994031412204e-14
-13   -1.7738825900185281e-13  +3.7755499364577009e-13
-12   -7.1743350640328742e-13  +1.5432024526134219e-12
-11   -2.9149761436806911e-12  +6.3573668286161862e-12
-10   -1.1896674040279566e-11  +2.6364817308641125e-11
 -9   -4.8828888342660123e-11  +1.1034084919657292e-10
 -8   -2.0180908091448861e-10  +4.6712847538420559e-10
 -7   -8.4139549098878252e-10  +2.0079173360183438e-09
 -6   -3.5479260650746935e-09  +8.8136086745923928e-09
 -5   -1.5179326024134743e-08  +3.9863211136835448e-08
 -4   -6.6270592961633753e-08  +1.8910967931520225e-07
 -3   -2.9293221492632217e-07  +9.6433800664250417e-07
 -2   -1.3066520539922254e-06  +5.9609692243633563e-06
 -1   +3.2063255635582513e-07  +2.3660217787361444e-06
 +0   -2.2890235417110588e-01  +0.0000000000000000e+00
 +1   +3.2063255635582513e-07  -2.3660217787361444e-06
 +2   -1.3066520539922254e-06  -5.9609692243633563e-06
 +3   -2.9293221492632217e-07  -9.6433800664250417e-07
 +4   -6.6270592961633753e-08  -1.8910967931520225e-07
 +5   -1.5179326024134743e-08  -3.9863211136835448e-08
 +6   -3.5479260650746935e-09  -8.8136086745923928e-09
 +7   -8.4139549098878252e-10  -2.0079173360183438e-09
 +8   -2.0180908091448861e-10  -4.6712847538420559e-10
 +9   -4.8828888342660123e-11  -1.1034084919657292e-10
+10   -1.1896674040279566e-11  -2.6364817308641125e-11
+11   -2.9149761436806911e-12  -6.3573668286161862e-12
+12   -7.1743350640328742e-13  -1.5432024526134219e-12
+13   -1.7738825900185281e-13  -3.7755499364577009e-13
+14   -4.3878763206284735e-14  -9.2127994031412204e-14
+15   -1.1009390969573699e-14  -2.3217430354116593e-14
+16   -2.6444726972014276e-15  -5.2637520102027949e-15
+17   -7.6137150870593848e-16  -1.7560421402818910e-15
+18   -9.0964503044124038e-17  -1.3151075601967222e-17
+19   -1.2446231689354147e-16  -4.0473257310468807e-16
+20   +6.8959558789995885e-17  +2.7487268293932781e-16
+21   -8.2710401635646049e-17  -2.9114236832539596e-16
+22   +8.0305585105120682e-17  +2.7163970548891436e-16
+23   -8.0238515602932794e-17  -2.6009497882046080e-16
+24   +8.2641092759214823e-17  +2.4890413681011329e-16
+25   -8.2802196327710117e-17  -2.3718354071850126e-16
+26   +7.9701622588034310e-17  +2.2737434418112894e-16
+27   -8.1723048164987168e-17  -2.1798417413989424e-16
+28   +8.0867471018297039e-17  +2.1058108003810357e-16
+29   -7.8426285884896773e-17  -2.0090355894388781e-16
+30   +7.8257573049874737e-17  +1.9339768668635991e-16

