-30   +5.8685887187231953e-18  +2.1678453022684803e-18
-29   +5.1581309123700982e-19  +3.5175283582135040e-20
-28   -9.5113040190990023e-19  +8.0279937306582002e-18
-27   +5.5734577290090105e-18  -8.2787657394214311e-18
-26   -2.9879387542430487e-18  +1.2182180873291115e-17
-25   +4.8571321010787568e-18  -4.9020946761047267e-18
-24   -4.8025449056531179e-18  +2.1110357866978483e-18
-23   +9.7898172460541711e-19  -5.9734448307228139e-18
-22   +5.2797958728238707e-18  +1.6261421388341632e-17
-21   +8.8526142216381977e-18  -6.0712167994043405e-18
-20   +7.4014868308343768e-18  +7.4014868308343768e-18
-19   +1.1551412850303270e-16  +2.9334255206317632e-17
-18   +4.3676822361187407e-16  +1.6212121909413750e-16
-17   +1.7425377518186968e-15  +5.9729143766546754e-16
-16   +6.9797182211900827e-15  +2.4621685205348901e-15
-15   +2.8124408228541441e-14  +9.9240462630927220e-15
-14   +1.1368583776313488e-13  +4.0469140107964968e-14
-13   +4.6119447283956523e-13  +1.6544912438024052e-13
-12   +1.8790386867210165e-12  +6.8051693758918239e-13
-11   +7.6961336376446980e-12  +2.8173346378143116e-12
-10   +3.1725953522068575e-11  +1.1760231743876713e-11
 -9   +1.3185124828035331e-10  +4.9599260282845326e-11
 -8   +5.5374820397240132e-10  +2.1199905021867362e-10
 -7   +2.3584426348884396e-09  +9.2240724609288049e-10
 -6   +1.0243795575112129e-08  +4.1142317881769776e-09
 -5   +4.5787862177751877e-08  +1.9025805912559587e-08
 -4   +2.1457183752637628e-07  +9.3290757426809212e-08
 -3   +1.0834761178202029e-06  +5.0268114639806099e-07
 -2   +6.7649512321126704e-06  +3.4815291494485651e-06
 -1   +2.7258323219832389e-06  +1.9382141900978581e-06
 +0   +5.5352537056662598e-01  +0.0000000000000000e+00
 +1   +2.7258323219832389e-06  -1.9382141900978581e-06
 +2   +6.7649512321126704e-06  -3.4815291494485651e-06
 +3   +1.0834761178202029e-06  -5.0268114639806099e-07
 +4   +2.1457183752637628e-07  -9.3290757426809212e-08
 +5   +4.5787862177751877e-08  -1.9025805912559587e-08
 +6   +1.0243795575112129e-08  -4.1142317881769776e-09
 +7   +2.3584426348884396e-09  -9.2240724609288049e-10
 +8   +5.5374820397240132e-10  -2.1199905021867362e-10
 +9   +1.3185124828035331e-10  -4.9599260282845326e-11
+10   +3.1725953522068575e-11  -1.1760231743876713e-11
+11   +7.6961336376446980e-12  -2.8173346378143116e-12
+12   +1.8790386867210165e-12  -6.8051693758918239e-13
+13   +4.6119447283956523e-13  -1.6544912438024052e-13
+14   +1.1368583776313488e-13  -4.0469140107964968e-14
+15   +2.8124408228541441e-14  -9.9240462630927220e-15
+16   +6.9797182211900827e-15  -2.4621685205348901e-15
+17   +1.7425377518186968e-15  -5.9729143766546754e-16
+18   +4.3676822361187407e-16  -1.6212121909413750e-16
+19   +1.1551412850303270e-16  -2.9334255206317632e-17
+20   +7.4014868308343768e-18  -7.4014868308343768e-18
+21   +8.8526142216381977e-18  +6.0712167994043405e-18
+22   +5.2797958728238707e-18  -1.6261421388341632e-17
+23   +9.7898172460541711e-19  +5.9734448307228139e-18
+24   -4.8025449056531179e-18  -2.1110357866978483e-18
+25   +4.8571321010787568e-18  +4.9020946761047267e-18
+26   -2.9879387542430487e-18  -1.2182180873291115e-17
+27   +5.5734577290090105e-18  +8.2787657394214311e-18
+28   -9.5113040190990023e-19  -8.0279937306582002e-18
+29   +5.1581309123700982e-19  -3.5175283582135040e-20
+30   +5.8685887187231953e-18  -2.1678453022684803e-18

