-30   +8.5117098553899738e-17  -1.9208927630460250e-16
-29   -7.9526367759057147e-17  +1.9728683201942234e-16
-28   +7.8444161699252848e-17  -2.0520143498968944e-16
-27   -7.9013462335802627e-17  +2.1291995636565776e-16
-26   +7.9696848040297361e-17  -2.2114569550163711e-16
-25   -8.0205265866877329e-17  +2.3124516457541326e-16
-24   +8.0737500809024425e-17  -2.4237940799366695e-16
-23   -7.6821044410411232e-17  +2.5525476276406905e-16
-22   +7.7864883781751040e-17  -2.6763664065858473e-16
-21   -7.9516518893071481e-17  +2.7402107009432569e-16
-20   +6.8959558789995885e-17  -3.1630677029566654e-16
-19   -1.2132443367332677e-16  +2.2488606466326329e-16
-18   -9.3308020925743118e-17  -6.7687270494807195e-16
-17   -7.5849831088512275e-16  -1.0520416601772315e-15
-16   -2.6447651835931493e-15  -6.0120529921727097e-15
-15   -1.1009696924374621e-14  -2.2419901141210384e-14
-14   -4.3879652061875287e-14  -9.2986487992533076e-14
-13   -1.7738569411796376e-13  -3.7662869784397886e-13
-12   -7.1743765924043914e-13  -1.5442087430441050e-12
-11   -2.9149727452321722e-12  -6.3562696068428101e-12
-10   -1.1896676630984216e-11  -2.6366020809289153e-11
 -9   -4.8828884384038338e-11  -1.1033951071883035e-10
 -8   -2.0180908528569271e-10  -4.6712998989964373e-10
 -7   -8.4139548841457009e-10  -2.0079156011701914e-09
 -6   -3.5479260706609085e-09  -8.8136106932413954e-09
 -5   -1.5179326018077124e-08  -3.9863208717454334e-08
 -4   -6.6270592974646032e-08  -1.8910968235374620e-07
 -3   -2.9293221490524920e-07  -9.6433800260135403e-07
 -2   -1.3066520540321066e-06  -5.9609692304441228e-06
 -1   +3.2063255651400039e-07  -2.3660217665408638e-06
 +0   -2.2890235417110757e-01  +0.0000000000000000e+00
 +1   +3.2063255651400039e-07  +2.3660217665408638e-06
 +2   -1.3066520540321066e-06  +5.9609692304441228e-06
 +3   -2.9293221490524920e-07  +9.6433800260135403e-07
 +4   -6.6270592974646032e-08  +1.8910968235374620e-07
 +5   -1.5179326018077124e-08  +3.9863208717454334e-08
 +6   -3.5479260706609085e-09  +8.8136106932413954e-09
 +7   -8.4139548841457009e-10  +2.0079156011701914e-09
 +8   -2.0180908528569271e-10  +4.6712998989964373e-10
 +9   -4.8828884384038338e-11  +1.1033951071883035e-10
+10   -1.1896676630984216e-11  +2.6366020809289153e-11
+11   -2.9149727452321722e-12  +6.3562696068428101e-12
+12   -7.1743765924043914e-13  +1.5442087430441050e-12
+13   -1.7738569411796376e-13  +3.7662869784397886e-13
+14   -4.3879652061875287e-14  +9.2986487992533076e-14
+15   -1.1009696924374621e-14  +2.2419901141210384e-14
+16   -2.6447651835931493e-15  +6.0120529921727097e-15
+17   -7.5849831088512275e-16  +1.0520416601772315e-15
+18   -9.3308020925743118e-17  +6.7687270494807195e-16
+19   -1.2132443367332677e-16  -2.2488606466326329e-16
+20   +6.8959558789995885e-17  +3.1630677029566654e-16
+21   -7.9516518893071481e-17  -2.7402107009432569e-16
+22   +7.7864883781751040e-17  +2.6763664065858473e-16
+23   -7.6821044410411232e-17  -2.5525476276406905e-16
+24   +8.0737500809024425e-17  +2.4237940799366695e-16
+25   -8.0205265866877329e-17  -2.3124516457541326e-16
+26   +7.9696848040297361e-17  +2.2114569550163711e-16
+27   -7.9013462335802627e-17  -2.1291995636565776e-16
+28   +7.8444161699252848e-17  +2.0520143498968944e-16
+29   -7.9526367759057147e-17  -1.9728683201942234e-16
+30   +8.5117098553899738e-17  +1.9208927630460250e-16

