-30   +5.2336415291094537e-18  +8.9343849445722682e-18
-29   +7.1502065291751191e-18  -4.6488588689499690e-18
-28   -8.5736541866402591e-19  +5.4818820127779562e-18
-27   -1.1552982257615095e-18  -4.1553892866842127e-18
-26   +1.6517721783179683e-18  +6.9972193662105607e-18
-25   +2.8229414139577289e-18  -2.1682510898907228e-18
-24   -1.5750194869508045e-18  +1.0555081722536793e-18
-23   -3.3192351130586342e-18  -4.6338882379460663e-18
-22   -5.0835097038709181e-18  +6.6278765418524883e-18
-21   +3.8599813009215983e-18  -1.1466475916710254e-17
-20   +2.7091322058613589e-18  +1.0110619036695735e-17
-19   +1.7505935483886560e-17  -8.1780785211336701e-18
-18   +4.2518986862479405e-17  +9.2737155770788714e-18
-17   +1.9207204574414542e-16  +6.9006272496052206e-19
-16   +8.2499573633747666e-16  +2.3591046692054153e-17
-15   +3.5574664207862029e-15  +6.5805610006534522e-17
-14   +1.5341024285534569e-14  +3.6600968887488374e-16
-13   +6.6679382403988402e-14  +1.6414191301248178e-15
-12   +2.9241648308101449e-13  +7.8474087711086593e-15
-11   +1.2965751862057818e-12  +3.7896570055536376e-14
-10   +5.8250487964211690e-12  +1.8732882659553078e-13
 -9   +2.6591973704930020e-11  +9.4995200809281720e-13
 -8   +1.2383569385149282e-10  +4.9761384986700485e-12
 -7   +5.9149943734665250e-10  +2.7159664986508051e-11
 -6   +2.9221391640960540e-09  +1.5651310384693968e-10
 -5   +1.5110553722434681e-08  +9.7105026593785501e-10
 -4   +8.3825017083734944e-08  +6.7324350597287980e-09
 -3   +5.1124624826366095e-07  +5.4736064452525693e-08
 -2   +4.0066864337531007e-06  +6.4338864251740228e-07
 -1   +6.1607876823116111e-06  +1.9784838452470341e-06
 +0   +5.0175414682529029e-01  +0.0000000000000000e+00
 +1   +6.1607876823116111e-06  -1.9784838452470341e-06
 +2   +4.0066864337531007e-06  -6.4338864251740228e-07
 +3   +5.1124624826366095e-07  -5.4736064452525693e-08
 +4   +8.3825017083734944e-08  -6.7324350597287980e-09
 +5   +1.5110553722434681e-08  -9.7105026593785501e-10
 +6   +2.9221391640960540e-09  -1.5651310384693968e-10
 +7   +5.9149943734665250e-10  -2.7159664986508051e-11
 +8   +1.2383569385149282e-10  -4.9761384986700485e-12
 +9   +2.6591973704930020e-11  -9.4995200809281720e-13
+10   +5.8250487964211690e-12  -1.8732882659553078e-13
+11   +1.2965751862057818e-12  -3.7896570055536376e-14
+12   +2.9241648308101449e-13  -7.8474087711086593e-15
+13   +6.6679382403988402e-14  -1.6414191301248178e-15
+14   +1.5341024285534569e-14  -3.6600968887488374e-16
+15   +3.5574664207862029e-15  -6.5805610006534522e-17
+16   +8.2499573633747666e-16  -2.3591046692054153e-17
+17   +1.9207204574414542e-16  -6.9006272496052206e-19
+18   +4.2518986862479405e-17  -9.2737155770788714e-18
+19   +1.7505935483886560e-17  +8.1780785211336701e-18
+20   +2.7091322058613589e-18  -1.0110619036695735e-17
+21   +3.8599813009215983e-18  +1.1466475916710254e-17
+22   -5.0835097038709181e-18  -6.6278765418524883e-18
+23   -3.3192351130586342e-18  +4.6338882379460663e-18
+24   -1.5750194869508045e-18  -1.0555081722536793e-18
+25   +2.8229414139577289e-18  +2.1682510898907228e-18
+26   +1.6517721783179683e-18  -6.9972193662105607e-18
+27   -1.1552982257615095e-18  +4.1553892866842127e-18
+28   -8.5736541866402591e-19  -5.4818820127779562e-18
+29   +7.1502065291751191e-18  +4.6488588689499690e-18
+30   +5.2336415291094537e-18  -8.9343849445722682e-18

