-30   -5.2336415287730461e-18  +3.7007434155922254e-18
-29   +3.2607243322788896e-18  +1.8256282223280323e-18
-28   +6.8670918120975189e-18  -4.7107587862012415e-18
-27   +2.7398965431651082e-19  +4.5421106844052170e-18
-26   +1.1569188373273189e-18  -6.4085537577451070e-18
-25   -6.8939580626843044e-18  +1.6010102186666342e-18
-24   +2.5714475788290156e-18  -1.2359444489904693e-18
-23   -8.1839458160341848e-18  +3.2343655975287286e-18
-22   +1.3322153365799045e-18  -7.8245575759200219e-18
-21   -4.6641444340051673e-18  +1.1560022518562083e-17
-20   -8.2173010960522062e-34  -7.4014868308343768e-18
-19   +1.4329419657326782e-17  +8.5832794031458455e-18
-18   +4.5399155563753301e-17  -1.0066888271128572e-17
-17   +1.8400931436539792e-16  -5.0683722671121868e-19
-16   +8.3448020475672493e-16  -2.4737914571752786e-17
-15   +3.5550856925276286e-15  -6.3507390651125751e-17
-14   +1.5344538411961786e-14  -3.6572664158404112e-16
-13   +6.6677097577525231e-14  -1.6413416274567236e-15
-12   +2.9242139133821308e-13  -7.8484390799628300e-15
-11   +1.2965665988816248e-12  -3.7898075883380730e-14
-10   +5.8250621840030001e-12  -1.8731925186130433e-13
 -9   +2.6591970657590497e-11  -9.4995007243780891e-13
 -8   +1.2383569255454959e-10  -4.9761371531417441e-12
 -7   +5.9149943059328818e-10  -2.7159663702939318e-11
 -6   +2.9221391706396557e-09  -1.5651310491885122e-10
 -5   +1.5110553716993268e-08  -9.7105025847434042e-10
 -4   +8.3825017086502929e-08  -6.7324350585531907e-09
 -3   +5.1124624825724245e-07  -5.4736064453663477e-08
 -2   +4.0066864337563423e-06  -6.4338864251526416e-07
 -1   +6.1607876823055353e-06  -1.9784838452474174e-06
 +0   +5.0175414682529029e-01  +0.0000000000000000e+00
 +1   +6.1607876823055353e-06  +1.9784838452474174e-06
 +2   +4.0066864337563423e-06  +6.4338864251526416e-07
 +3   +5.1124624825724245e-07  +5.4736064453663477e-08
 +4   +8.3825017086502929e-08  +6.7324350585531907e-09
 +5   +1.5110553716993268e-08  +9.7105025847434042e-10
 +6   +2.9221391706396557e-09  +1.5651310491885122e-10
 +7   +5.9149943059328818e-10  +2.7159663702939318e-11
 +8   +1.2383569255454959e-10  +4.9761371531417441e-12
 +9   +2.6591970657590497e-11  +9.4995007243780891e-13
+10   +5.8250621840030001e-12  +1.8731925186130433e-13
+11   +1.2965665988816248e-12  +3.7898075883380730e-14
+12   +2.9242139133821308e-13  +7.8484390799628300e-15
+13   +6.6677097577525231e-14  +1.6413416274567236e-15
+14   +1.5344538411961786e-14  +3.6572664158404112e-16
+15   +3.5550856925276286e-15  +6.3507390651125751e-17
+16   +8.3448020475672493e-16  +2.4737914571752786e-17
+17   +1.8400931436539792e-16  +5.0683722671121868e-19
+18   +4.5399155563753301e-17  +1.0066888271128572e-17
+19   +1.4329419657326782e-17  -8.5832794031458455e-18
+20   -8.2173010960522062e-34  +7.4014868308343768e-18
+21   -4.6641444340051673e-18  -1.1560022518562083e-17
+22   +1.3322153365799045e-18  +7.8245575759200219e-18
+23   -8.1839458160341848e-18  -3.2343655975287286e-18
+24   +2.5714475788290156e-18  +1.2359444489904693e-18
+25   -6.8939580626843044e-18  -1.6010102186666342e-18
+26   +1.1569188373273189e-18  +6.4085537577451070e-18
+27   +2.7398965431651082e-19  -4.5421106844052170e-18
+28   +6.8670918120975189e-18  +4.7107587862012415e-18
+29   +3.2607243322788896e-18  -1.8256282223280323e-18
+30   -5.2336415287730461e-18  -3.7007434155922254e-18

