-30   -1.4671472656532249e-18  +1.0242795189659138e-17
-29   +4.8793224609374835e-18  -1.1904241189441329e-17
-28   -4.8618313362038743e-18  +1.0430536672026848e-17
-27   +3.4558594443420559e-18  -1.1526237643130948e-17
-26   -7.0840393395354661e-18  +1.3451041425146623e-17
-25   -3.3172586710051566e-18  -1.0979835668408569e-17
-24   -3.7942704723478485e-17  +2.3282902825462696e-17
-23   -1.2122013155478344e-16  +2.9598333699879914e-17
-22   -4.8766168018669893e-16  +1.7805317301543272e-16
-21   -1.8329673299248077e-15  +6.0259770348725379e-16
-20   -6.9899074581145858e-15  +2.3831989622706793e-15
-19   -2.6551911037097842e-14  +9.0078560201537903e-15
-18   -1.0085016601395014e-13  +3.4421055077510197e-14
-17   -3.8260110064587739e-13  +1.3112398480051019e-13
-16   -1.4502436992231976e-12  +4.9973287542592428e-13
-15   -5.4914382111598725e-12  +1.9033970104969273e-12
-14   -2.0770997913006915e-11  +7.2480223258097264e-12
-13   -7.8471614771951252e-11  +2.7593304367815200e-11
-12   -2.9608190851565929e-10  +1.0503857004744885e-10
-11   -1.1156122545328424e-09  +3.9988893695679455e-10
-10   -4.1973751683260193e-09  +1.5230476816347064e-09
 -9   -1.5767930684800343e-08  +5.8061316636675323e-09
 -8   -5.9142220831230137e-08  +2.2172308867618882e-08
 -7   -2.2150411333202072e-07  +8.4928209390734229e-08
 -6   -8.2871270963265213e-07  +3.2706880046336447e-07
 -5   -3.0990912574025101e-06  +1.2710749439160245e-06
 -4   -1.1624212992410026e-05  +5.0329596632386793e-06
 -3   -4.3609023863896789e-05  +2.0412952893535911e-05
 -2   -1.7308111909294116e-04  +9.2641262002390428e-05
 -1   -2.8640771049394160e-05  +3.3996427065018167e-05
 +0   +1.9642069927265710e-01  +0.0000000000000000e+00
 +1   -2.8640771049394160e-05  -3.3996427065018167e-05
 +2   -1.7308111909294116e-04  -9.2641262002390428e-05
 +3   -4.3609023863896789e-05  -2.0412952893535911e-05
 +4   -1.1624212992410026e-05  -5.0329596632386793e-06
 +5   -3.0990912574025101e-06  -1.2710749439160245e-06
 +6   -8.2871270963265213e-07  -3.2706880046336447e-07
 +7   -2.2150411333202072e-07  -8.4928209390734229e-08
 +8   -5.9142220831230137e-08  -2.2172308867618882e-08
 +9   -1.5767930684800343e-08  -5.8061316636675323e-09
+10   -4.1973751683260193e-09  -1.5230476816347064e-09
+11   -1.1156122545328424e-09  -3.9988893695679455e-10
+12   -2.9608190851565929e-10  -1.0503857004744885e-10
+13   -7.8471614771951252e-11  -2.7593304367815200e-11
+14   -2.0770997913006915e-11  -7.2480223258097264e-12
+15   -5.4914382111598725e-12  -1.9033970104969273e-12
+16   -1.4502436992231976e-12  -4.9973287542592428e-13
+17   -3.8260110064587739e-13  -1.3112398480051019e-13
+18   -1.0085016601395014e-13  -3.4421055077510197e-14
+19   -2.6551911037097842e-14  -9.0078560201537903e-15
+20   -6.9899074581145858e-15  -2.3831989622706793e-15
+21   -1.8329673299248077e-15  -6.0259770348725379e-16
+22   -4.8766168018669893e-16  -1.7805317301543272e-16
+23   -1.2122013155478344e-16  -2.9598333699879914e-17
+24   -3.7942704723478485e-17  -2.3282902825462696e-17
+25   -3.3172586710051566e-18  +1.0979835668408569e-17
+26   -7.0840393395354661e-18  -1.3451041425146623e-17
+27   +3.4558594443420559e-18  +1.1526237643130948e-17
+28   -4.8618313362038743e-18  -1.0430536672026848e-17
+29   +4.8793224609374835e-18  +1.1904241189441329e-17
+30   -1.4671472656532249e-18  -1.0242795189659138e-17

