-30   -4.4102341353821589e-16  +1.0899949631032286e-15
-29   +4.6113629507525645e-16  -1.1345445629311384e-15
-28   -4.4800863458015275e-16  +1.1753688867979720e-15
-27   +4.5310512979912384e-16  -1.2314450029482136e-15
-26   -4.5692659284858475e-16  +1.2836349682992459e-15
-25   +4.5488981159330499e-16  -1.3276471908966876e-15
-24   -4.7062553000800500e-16  +1.4168042582009050e-15
-23   +4.0587736184465122e-16  -1.3659173936253168e-15
-22   -6.4456249537234610e-16  +1.9268597543133581e-15
-21   -2.8963903032156074e-16  -1.4822741239960943e-16
-20   -3.2551260799781509e-15  +7.3252979750682354e-15
-19   -1.0268423434553681e-14  +1.9591666171019470e-14
-18   -4.1118019970182411e-14  +8.3276934344813319e-14
-17   -1.5357247372256200e-13  +3.0786982464004510e-13
-16   -5.8319863522617985e-13  +1.1813094929440632e-12
-15   -2.2015077142637852e-12  +4.4823986935955481e-12
-14   -8.3090096381734984e-12  +1.7050245545599696e-11
-13   -3.1299772908434527e-11  +6.4771270817319026e-11
-12   -1.1770300041692164e-10  +2.4601718699087941e-10
-11   -4.4170232719830941e-10  +9.3411853896767114e-10
-10   -1.6536453425986643e-09  +3.5466821776021078e-09
 -9   -6.1736676143141507e-09  +1.3470035740857690e-08
 -8   -2.2971795250156510e-08  +5.1204111658603730e-08
 -7   -8.5123556917369616e-08  +1.9501049108748215e-07
 -6   -3.1376536155624335e-07  +7.4548412451186731e-07
 -5   -1.1476742823586845e-06  +2.8685642287682760e-06
 -4   -4.1518039886382997e-06  +1.1199985140830761e-05
 -3   -1.4558387534328721e-05  +4.4434493771157163e-05
 -2   -4.8843234349865834e-05  +1.9388137200722529e-04
 -1   +3.5859660456188338e-06  +7.0724208430346857e-05
 +0   +1.2721739595483830e+00  +0.0000000000000000e+00
 +1   +3.5859660456188338e-06  -7.0724208430346857e-05
 +2   -4.8843234349865834e-05  -1.9388137200722529e-04
 +3   -1.4558387534328721e-05  -4.4434493771157163e-05
 +4   -4.1518039886382997e-06  -1.1199985140830761e-05
 +5   -1.1476742823586845e-06  -2.8685642287682760e-06
 +6   -3.1376536155624335e-07  -7.4548412451186731e-07
 +7   -8.5123556917369616e-08  -1.9501049108748215e-07
 +8   -2.2971795250156510e-08  -5.1204111658603730e-08
 +9   -6.1736676143141507e-09  -1.3470035740857690e-08
+10   -1.6536453425986643e-09  -3.5466821776021078e-09
+11   -4.4170232719830941e-10  -9.3411853896767114e-10
+12   -1.1770300041692164e-10  -2.4601718699087941e-10
+13   -3.1299772908434527e-11  -6.4771270817319026e-11
+14   -8.3090096381734984e-12  -1.7050245545599696e-11
+15   -2.2015077142637852e-12  -4.4823986935955481e-12
+16   -5.8319863522617985e-13  -1.1813094929440632e-12
+17   -1.5357247372256200e-13  -3.0786982464004510e-13
+18   -4.1118019970182411e-14  -8.3276934344813319e-14
+19   -1.0268423434553681e-14  -1.9591666171019470e-14
+20   -3.2551260799781509e-15  -7.3252979750682354e-15
+21   -2.8963903032156074e-16  +1.4822741239960943e-16
+22   -6.4456249537234610e-16  -1.9268597543133581e-15
+23   +4.0587736184465122e-16  +1.3659173936253168e-15
+24   -4.7062553000800500e-16  -1.4168042582009050e-15
+25   +4.5488981159330499e-16  +1.3276471908966876e-15
+26   -4.5692659284858475e-16  -1.2836349682992459e-15
+27   +4.5310512979912384e-16  +1.2314450029482136e-15
+28   -4.4800863458015275e-16  -1.1753688867979720e-15
+29   +4.6113629507525645e-16  +1.1345445629311384e-15
+30   -4.4102341353821589e-16  -1.0899949631032286e-15

