-30   +7.1305062878534115e-18  -2.0373346694532155e-17
-29   -8.4532654135384707e-18  +2.0834830756100554e-17
-28   +8.9547557457909825e-18  -2.3051087078788177e-17
-27   -8.9990015029180994e-18  +2.1590864012105022e-17
-26   +1.0138889415974717e-17  -2.3692973231099318e-17
-25   +4.7010206605111693e-19  +2.8370977022610971e-17
-24   +4.1745179284448918e-17  -1.5385017061313615e-17
-23   +1.1811946175152599e-16  +7.3302419793416605e-17
-22   +4.9288962139287541e-16  +1.3552280665362351e-16
-21   +1.8273002444739677e-15  +6.4667822205504677e-16
-20   +6.9993407940998163e-15  +2.3304811672214005e-15
-19   +2.6548513939470391e-14  +9.0569851228489220e-15
-18   +1.0085546342501891e-13  +3.4367009810230723e-14
-17   +3.8259536652029195e-13  +1.3118230554149852e-13
-16   +1.4502479560075691e-12  +4.9966985474907840e-13
-15   +5.4914338597070113e-12  +1.9034638072463278e-12
-14   +2.0771003903200366e-11  +7.2479471314492526e-12
-13   +7.8471610226427885e-11  +2.7593378815589673e-11
-12   +2.9608191484618584e-10  +1.0503849087192929e-10
-11   +1.1156122489902341e-09  +3.9988902542591339e-10
-10   +4.1973751773115086e-09  +1.5230475888287301e-09
 -9   +1.5767930675276050e-08  +5.8061317692224555e-09
 -8   +5.9142220840767714e-08  +2.2172308745270459e-08
 -7   +2.2150411332459357e-07  +8.4928209532331099e-08
 -6   +8.2871270964391725e-07  +3.2706880029783163e-07
 -5   +3.0990912573890304e-06  +1.2710749441059625e-06
 -4   +1.1624212992433504e-05  +5.0329596629982261e-06
 -3   +4.3609023863865550e-05  +2.0412952893848382e-05
 -2   +1.7308111909300876e-04  +9.2641262001913596e-05
 -1   +2.8640771049186782e-05  +3.3996427065979366e-05
 +0   -1.9642069927265707e-01  +0.0000000000000000e+00
 +1   +2.8640771049186782e-05  -3.3996427065979366e-05
 +2   +1.7308111909300876e-04  -9.2641262001913596e-05
 +3   +4.3609023863865550e-05  -2.0412952893848382e-05
 +4   +1.1624212992433504e-05  -5.0329596629982261e-06
 +5   +3.0990912573890304e-06  -1.2710749441059625e-06
 +6   +8.2871270964391725e-07  -3.2706880029783163e-07
 +7   +2.2150411332459357e-07  -8.4928209532331099e-08
 +8   +5.9142220840767714e-08  -2.2172308745270459e-08
 +9   +1.5767930675276050e-08  -5.8061317692224555e-09
+10   +4.1973751773115086e-09  -1.5230475888287301e-09
+11   +1.1156122489902341e-09  -3.9988902542591339e-10
+12   +2.9608191484618584e-10  -1.0503849087192929e-10
+13   +7.8471610226427885e-11  -2.7593378815589673e-11
+14   +2.0771003903200366e-11  -7.2479471314492526e-12
+15   +5.4914338597070113e-12  -1.9034638072463278e-12
+16   +1.4502479560075691e-12  -4.9966985474907840e-13
+17   +3.8259536652029195e-13  -1.3118230554149852e-13
+18   +1.0085546342501891e-13  -3.4367009810230723e-14
+19   +2.6548513939470391e-14  -9.0569851228489220e-15
+20   +6.9993407940998163e-15  -2.3304811672214005e-15
+21   +1.8273002444739677e-15  -6.4667822205504677e-16
+22   +4.9288962139287541e-16  -1.3552280665362351e-16
+23   +1.1811946175152599e-16  -7.3302419793416605e-17
+24   +4.1745179284448918e-17  +1.5385017061313615e-17
+25   +4.7010206605111693e-19  -2.8370977022610971e-17
+26   +1.0138889415974717e-17  +2.3692973231099318e-17
+27   -8.9990015029180994e-18  -2.1590864012105022e-17
+28   +8.9547557457909825e-18  +2.3051087078788177e-17
+29   -8.4532654135384707e-18  -2.0834830756100554e-17
+30   +7.1305062878534115e-18  +2.0373346694532155e-17

