-30   -4.4192136466674565e-16  +1.0890970123142217e-15
-29   +4.5161559856540688e-16  -1.1350828319393575e-15
-28   -4.5384084455556162e-16  +1.1844302832933199e-15
-27   +4.4337818078683856e-16  -1.2146115462494018e-15
-26   -4.5223426086235669e-16  +1.2755732043362433e-15
-25   +4.4887073933163030e-16  -1.3332097555023948e-15
-24   -4.6666322968425289e-16  +1.3616439606375480e-15
-23   +4.0684285681020020e-16  -1.5651594341220190e-15
-22   -6.4467244179916053e-16  +1.1386002222463974e-15
-21   -3.0074547139313179e-16  -3.0619467541760488e-15
-20   -3.2551260799781525e-15  -3.9296860342675672e-15
-19   -1.0270953275485627e-14  -2.3144688483714956e-14
-18   -4.1112918530046093e-14  -7.9517755057928523e-14
-17   -1.5356453102787307e-13  -3.1188047446810984e-13
-16   -5.8319791417289856e-13  -1.1770448552575115e-12
-15   -2.2015343852749370e-12  -4.4869565875357248e-12
-14   -8.3090099673894839e-12  -1.7045318682729497e-11
-13   -3.1299773843548167e-11  -6.4776534420938304e-11
-12   -1.1770300464156288e-10  -2.4601148317841016e-10
-11   -4.4170233769717262e-10  -9.3412477598097784e-10
-10   -1.6536453092290027e-09  -3.5466753208777443e-09
 -9   -6.1736676225094848e-09  -1.3470043351146018e-08
 -8   -2.2971795245127500e-08  -5.1204103047713217e-08
 -7   -8.5123556930498653e-08  -1.9501050094510609e-07
 -6   -3.1376536155214191e-07  -7.4548411299324731e-07
 -5   -1.1476742823569320e-06  -2.8685642425282229e-06
 -4   -4.1518039886190831e-06  -1.1199985123590947e-05
 -3   -1.4558387534367315e-05  -4.4434493794115320e-05
 -2   -4.8843234349795137e-05  -1.9388137197273194e-04
 -1   +3.5859660453556158e-06  -7.0724208499464976e-05
 +0   +1.2721739595483839e+00  +0.0000000000000000e+00
 +1   +3.5859660453556158e-06  +7.0724208499464976e-05
 +2   -4.8843234349795137e-05  +1.9388137197273194e-04
 +3   -1.4558387534367315e-05  +4.4434493794115320e-05
 +4   -4.1518039886190831e-06  +1.1199985123590947e-05
 +5   -1.1476742823569320e-06  +2.8685642425282229e-06
 +6   -3.1376536155214191e-07  +7.4548411299324731e-07
 +7   -8.5123556930498653e-08  +1.9501050094510609e-07
 +8   -2.2971795245127500e-08  +5.1204103047713217e-08
 +9   -6.1736676225094848e-09  +1.3470043351146018e-08
+10   -1.6536453092290027e-09  +3.5466753208777443e-09
+11   -4.4170233769717262e-10  +9.3412477598097784e-10
+12   -1.1770300464156288e-10  +2.4601148317841016e-10
+13   -3.1299773843548167e-11  +6.4776534420938304e-11
+14   -8.3090099673894839e-12  +1.7045318682729497e-11
+15   -2.2015343852749370e-12  +4.4869565875357248e-12
+16   -5.8319791417289856e-13  +1.1770448552575115e-12
+17   -1.5356453102787307e-13  +3.1188047446810984e-13
+18   -4.1112918530046093e-14  +7.9517755057928523e-14
+19   -1.0270953275485627e-14  +2.3144688483714956e-14
+20   -3.2551260799781525e-15  +3.9296860342675672e-15
+21   -3.0074547139313179e-16  +3.0619467541760488e-15
+22   -6.4467244179916053e-16  -1.1386002222463974e-15
+23   +4.0684285681020020e-16  +1.5651594341220190e-15
+24   -4.6666322968425289e-16  -1.3616439606375480e-15
+25   +4.4887073933163030e-16  +1.3332097555023948e-15
+26   -4.5223426086235669e-16  -1.2755732043362433e-15
+27   +4.4337818078683856e-16  +1.2146115462494018e-15
+28   -4.5384084455556162e-16  -1.1844302832933199e-15
+29   +4.5161559856540688e-16  +1.1350828319393575e-15
+30   -4.4192136466674565e-16  -1.0890970123142217e-15

