-30   +1.2635128504984842e-17  -2.3102411375591016e-17
-29   -3.7080295771462409e-18  +1.6593981084370786e-17
-28   +1.3032589870873238e-18  -1.3901392525251749e-17
-27   -1.1187520894283281e-17  +1.0044761352532057e-17
-26   +8.9276856104735703e-18  -1.5171503818010536e-17
-25   -5.9829302408838103e-18  +1.1950666487814251e-17
-24   +1.3338756432827598e-17  +1.8312824850768100e-17
-23   +3.0278411474113447e-17  +1.4282181796206617e-16
-22   +1.5907052338933533e-16  +4.3469990860189502e-16
-21   +5.7814099086657956e-16  +1.7638234519967323e-15
-20   +2.2457626208010156e-15  +6.6105421695509740e-15
-19   +8.5168288126956728e-15  +2.5277477730716824e-14
-18   +3.2448502210541032e-14  +9.5684988358506321e-14
-17   +1.2323981766368647e-13  +3.6221342752668411e-13
-16   +4.6792126218860135e-13  +1.3690227473994883e-12
-15   +1.7750059082779730e-12  +5.1681506851322956e-12
-14   +6.7277146491242085e-12  +1.9481420521324095e-11
-13   +2.5477401197737556e-11  +7.3320305936862112e-11
-12   +9.6394701653367912e-11  +2.7546816390563377e-10
-11   +3.6438827935902613e-10  +1.0329681204327562e-09
-10   +1.3762974293491747e-09  +3.8653531906822756e-09
 -9   +5.1946502222503260e-09  +1.4431066614984511e-08
 -8   +1.9598628785348977e-08  +5.3746908089874843e-08
 -7   +7.3955441163047186e-08  +1.9968096200599993e-07
 -6   +2.7946559607395277e-07  +7.4028788373185501e-07
 -5   +1.0598240451778012e-06  +2.7408441086549373e-06
 -4   +4.0602717990749757e-06  +1.0179616748955003e-05
 -3   +1.5790919720330195e-05  +3.7928665756098003e-05
 -2   +6.7683929778754445e-05  +1.5253612711329574e-04
 -1   +1.4943919695497626e-05  +2.6622068662919653e-05
 +0   -9.6490938375557778e-01  +0.0000000000000000e+00
 +1   +1.4943919695497626e-05  -2.6622068662919653e-05
 +2   +6.7683929778754445e-05  -1.5253612711329574e-04
 +3   +1.5790919720330195e-05  -3.7928665756098003e-05
 +4   +4.0602717990749757e-06  -1.0179616748955003e-05
 +5   +1.0598240451778012e-06  -2.7408441086549373e-06
 +6   +2.7946559607395277e-07  -7.4028788373185501e-07
 +7   +7.3955441163047186e-08  -1.9968096200599993e-07
 +8   +1.9598628785348977e-08  -5.3746908089874843e-08
 +9   +5.1946502222503260e-09  -1.4431066614984511e-08
+10   +1.3762974293491747e-09  -3.8653531906822756e-09
+11   +3.6438827935902613e-10  -1.0329681204327562e-09
+12   +9.6394701653367912e-11  -2.7546816390563377e-10
+13   +2.5477401197737556e-11  -7.3320305936862112e-11
+14   +6.7277146491242085e-12  -1.9481420521324095e-11
+15   +1.7750059082779730e-12  -5.1681506851322956e-12
+16   +4.6792126218860135e-13  -1.3690227473994883e-12
+17   +1.2323981766368647e-13  -3.6221342752668411e-13
+18   +3.2448502210541032e-14  -9.5684988358506321e-14
+19   +8.5168288126956728e-15  -2.5277477730716824e-14
+20   +2.2457626208010156e-15  -6.6105421695509740e-15
+21   +5.7814099086657956e-16  -1.7638234519967323e-15
+22   +1.5907052338933533e-16  -4.3469990860189502e-16
+23   +3.0278411474113447e-17  -1.4282181796206617e-16
+24   +1.3338756432827598e-17  -1.8312824850768100e-17
+25   -5.9829302408838103e-18  -1.1950666487814251e-17
+26   +8.9276856104735703e-18  +1.5171503818010536e-17
+27   -1.1187520894283281e-17  -1.0044761352532057e-17
+28   +1.3032589870873238e-18  +1.3901392525251749e-17
+29   -3.7080295771462409e-18  -1.6593981084370786e-17
+30   +1.2635128504984842e-17  +2.3102411375591016e-17

