-30   +5.7361522957162391e-17  -1.3848296656029885e-16
-29   -5.7737858113037966e-17  +1.4416895233036794e-16
-28   +5.6345531488944437e-17  -1.5128961366843189e-16
-27   -5.7847351395397753e-17  +1.5449755200963301e-16
-26   +6.1010942204127913e-17  -1.6177775300831283e-16
-25   -5.1876445835551010e-17  +1.7096578131251628e-16
-24   +8.2754603707849015e-17  -1.6375396141222989e-16
-23   +3.7158383841638290e-17  +2.3676656487423400e-16
-22   +4.2534835892084484e-16  -6.9448163885111332e-18
-21   +1.3382725567415989e-15  +9.1207769996456954e-16
-20   +5.3697862713231461e-15  +2.4762928081110380e-15
-19   +2.0143635738271686e-14  +1.0428758440847488e-14
-18   +7.6785711956793415e-14  +3.8355974970683631e-14
-17   +2.9110157097970380e-13  +1.4608396572814101e-13
-16   +1.1039279679662292e-12  +5.4995952373269048e-13
-15   +4.1808842258470647e-12  +2.0731130663653742e-12
-14   +1.5818734669487501e-11  +7.7947536913221490e-12
-13   +5.9781997516181429e-11  +2.9256727328489010e-11
-12   +2.2565267646356162e-10  +1.0955912144277073e-10
-11   +8.5063678465225195e-10  +4.0923040062808079e-10
-10   +3.2022355061948554e-09  +1.5240583278516215e-09
 -9   +1.2037925930150994e-08  +5.6563910141902586e-09
 -8   +4.5191380457794831e-08  +2.0908084874052512e-08
 -7   +1.6944806918223163e-07  +7.6908977287385507e-08
 -6   +6.3494194164518303e-07  +2.8126054478879645e-07
 -5   +2.3797650418986344e-06  +1.0208816195859570e-06
 -4   +8.9572541448958689e-06  +3.6750297832139611e-06
 -3   +3.3808893732829021e-05  +1.2948643325365949e-05
 -2   +1.3600574253836537e-04  +4.5932072453518893e-05
 -1   +2.4441145944130786e-05  +3.3586377767219831e-06
 +0   -1.4897978241433046e-01  +0.0000000000000000e+00
 +1   +2.4441145944130786e-05  -3.3586377767219831e-06
 +2   +1.3600574253836537e-04  -4.5932072453518893e-05
 +3   +3.3808893732829021e-05  -1.2948643325365949e-05
 +4   +8.9572541448958689e-06  -3.6750297832139611e-06
 +5   +2.3797650418986344e-06  -1.0208816195859570e-06
 +6   +6.3494194164518303e-07  -2.8126054478879645e-07
 +7   +1.6944806918223163e-07  -7.6908977287385507e-08
 +8   +4.5191380457794831e-08  -2.0908084874052512e-08
 +9   +1.2037925930150994e-08  -5.6563910141902586e-09
+10   +3.2022355061948554e-09  -1.5240583278516215e-09
+11   +8.5063678465225195e-10  -4.0923040062808079e-10
+12   +2.2565267646356162e-10  -1.0955912144277073e-10
+13   +5.9781997516181429e-11  -2.9256727328489010e-11
+14   +1.5818734669487501e-11  -7.7947536913221490e-12
+15   +4.1808842258470647e-12  -2.0731130663653742e-12
+16   +1.1039279679662292e-12  -5.4995952373269048e-13
+17   +2.9110157097970380e-13  -1.4608396572814101e-13
+18   +7.6785711956793415e-14  -3.8355974970683631e-14
+19   +2.0143635738271686e-14  -1.0428758440847488e-14
+20   +5.3697862713231461e-15  -2.4762928081110380e-15
+21   +1.3382725567415989e-15  -9.1207769996456954e-16
+22   +4.2534835892084484e-16  +6.9448163885111332e-18
+23   +3.7158383841638290e-17  -2.3676656487423400e-16
+24   +8.2754603707849015e-17  +1.6375396141222989e-16
+25   -5.1876445835551010e-17  -1.7096578131251628e-16
+26   +6.1010942204127913e-17  +1.6177775300831283e-16
+27   -5.7847351395397753e-17  -1.5449755200963301e-16
+28   +5.6345531488944437e-17  +1.5128961366843189e-16
+29   -5.7737858113037966e-17  -1.4416895233036794e-16
+30   +5.7361522957162391e-17  +1.3848296656029885e-16

