-30   +8.2994376175393798e-18  +1.6970819010620105e-17
-29   +7.8844791474329842e-18  -5.6617835778817679e-18
-28   -4.7808987897602921e-18  +1.2960195266516309e-17
-27   +5.6703335707524186e-19  -1.2563019494510066e-17
-26   -1.4059537543520057e-18  +6.9316684803232366e-18
-25   +1.0394002522921121e-17  -1.5798215985312776e-17
-24   +4.9710809293075940e-18  -1.7606012351328911e-17
-23   +3.8234987635230865e-17  -1.3125214525620535e-16
-22   +1.5349373967918979e-16  -4.6418456617244289e-16
-21   +5.8892525324908708e-16  -1.7742316289508978e-15
-20   +2.2329428695584570e-15  -6.6435831588669228e-15
-19   +8.5265024611139153e-15  -2.5287837155894815e-14
-18   +3.2439501297438906e-14  -9.5690104482092060e-14
-17   +1.2324865905076016e-13  -3.6221711813558706e-13
-16   +4.6790887447002737e-13  -1.3690533963178904e-12
-15   +1.7750144211458065e-12  -5.1681485656590621e-12
-14   +6.7277071214415871e-12  -1.9481429077841800e-11
-13   +2.5477406374041606e-11  -7.3320307569513737e-11
-12   +9.6394689524616933e-11  -2.7546822744880217e-10
-11   +3.6438828964414251e-10  -1.0329680799820716e-09
-10   +1.3762974228717219e-09  -3.8653532053635974e-09
 -9   +5.1946502318779019e-09  -1.4431066554149321e-08
 -8   +1.9598628768326487e-08  -5.3746908146379875e-08
 -7   +7.3955441172090692e-08  -1.9968096206181611e-07
 -6   +2.7946559605969852e-07  -7.4028788377834558e-07
 -5   +1.0598240451850954e-06  -2.7408441085826507e-06
 -4   +4.0602717990527030e-06  -1.0179616749122075e-05
 -3   +1.5790919720359211e-05  -3.7928665755931517e-05
 -2   +6.7683929778714682e-05  -1.5253612711342235e-04
 -1   +1.4943919695605958e-05  -2.6622068662872348e-05
 +0   -9.6490938375557955e-01  +0.0000000000000000e+00
 +1   +1.4943919695605958e-05  +2.6622068662872348e-05
 +2   +6.7683929778714682e-05  +1.5253612711342235e-04
 +3   +1.5790919720359211e-05  +3.7928665755931517e-05
 +4   +4.0602717990527030e-06  +1.0179616749122075e-05
 +5   +1.0598240451850954e-06  +2.7408441085826507e-06
 +6   +2.7946559605969852e-07  +7.4028788377834558e-07
 +7   +7.3955441172090692e-08  +1.9968096206181611e-07
 +8   +1.9598628768326487e-08  +5.3746908146379875e-08
 +9   +5.1946502318779019e-09  +1.4431066554149321e-08
+10   +1.3762974228717219e-09  +3.8653532053635974e-09
+11   +3.6438828964414251e-10  +1.0329680799820716e-09
+12   +9.6394689524616933e-11  +2.7546822744880217e-10
+13   +2.5477406374041606e-11  +7.3320307569513737e-11
+14   +6.7277071214415871e-12  +1.9481429077841800e-11
+15   +1.7750144211458065e-12  +5.1681485656590621e-12
+16   +4.6790887447002737e-13  +1.3690533963178904e-12
+17   +1.2324865905076016e-13  +3.6221711813558706e-13
+18   +3.2439501297438906e-14  +9.5690104482092060e-14
+19   +8.5265024611139153e-15  +2.5287837155894815e-14
+20   +2.2329428695584570e-15  +6.6435831588669228e-15
+21   +5.8892525324908708e-16  +1.7742316289508978e-15
+22   +1.5349373967918979e-16  +4.6418456617244289e-16
+23   +3.8234987635230865e-17  +1.3125214525620535e-16
+24   +4.9710809293075940e-18  +1.7606012351328911e-17
+25   +1.0394002522921121e-17  +1.5798215985312776e-17
+26   -1.4059537543520057e-18  -6.9316684803232366e-18
+27   +5.6703335707524186e-19  +1.2563019494510066e-17
+28   -4.7808987897602921e-18  -1.2960195266516309e-17
+29   +7.8844791474329842e-18  +5.6617835778817679e-18
+30   +8.2994376175393798e-18  -1.6970819010620105e-17

