-30   -5.6324093228105475e-17  +1.4599669724935479e-16
-29   +5.9316544678978800e-17  -1.4898992189835430e-16
-28   -5.9884172341300759e-17  +1.5135129304823474e-16
-27   +5.9125511436182754e-17  -1.5975886922164553e-16
-26   -6.2082725394842921e-17  +1.6905975317704273e-16
-25   +5.6669136814713610e-17  -1.7113916172907386e-16
-24   -8.3706101969106873e-17  +1.9397321653665930e-16
-23   -3.6237496315197991e-17  -1.3911392097019566e-16
-22   -4.2754326607177965e-16  +3.8969170898413329e-16
-21   -1.3371563889301304e-15  +5.0117692812079887e-16
-20   -5.3757667666953473e-15  +2.9148035659656238e-15
-19   -2.0140699910499613e-14  +9.9728857252365299e-15
-18   -7.6788375710260498e-14  +3.8840830751249895e-14
-17   -2.9110042796250459e-13  +1.4557154701501894e-13
-16   -1.1039290811665864e-12  +5.5051127829532577e-13
-15   -4.1808811071431336e-12  +2.0725307285909097e-12
-14   -1.5818736040529437e-11  +7.7953824845399734e-12
-13   -5.9781995630669622e-11  +2.9256050178530578e-11
-12   -2.2565267846896738e-10  +1.0955986491512112e-10
-11   -8.5063678118187524e-10  +4.0922959244792742e-10
-10   -3.2022355067881590e-09  +1.5240592131230254e-09
 -9   -1.2037925927803939e-08  +5.6563900229037160e-09
 -8   -4.5191380460994882e-08  +2.0908085989771196e-08
 -7   -1.6944806917944465e-07  +7.6908976030659902e-08
 -6   -6.3494194164787098e-07  +2.8126054627341391e-07
 -5   -2.3797650418936174e-06  +1.0208816178021942e-06
 -4   -8.9572541449032771e-06  +3.6750297854573367e-06
 -3   -3.3808893732814276e-05  +1.2948643322385670e-05
 -2   -1.3600574253839123e-04  +4.5932072457980588e-05
 -1   -2.4441145944045350e-05  +3.3586377678163337e-06
 +0   +1.4897978241432702e-01  +0.0000000000000000e+00
 +1   -2.4441145944045350e-05  -3.3586377678163337e-06
 +2   -1.3600574253839123e-04  -4.5932072457980588e-05
 +3   -3.3808893732814276e-05  -1.2948643322385670e-05
 +4   -8.9572541449032771e-06  -3.6750297854573367e-06
 +5   -2.3797650418936174e-06  -1.0208816178021942e-06
 +6   -6.3494194164787098e-07  -2.8126054627341391e-07
 +7   -1.6944806917944465e-07  -7.6908976030659902e-08
 +8   -4.5191380460994882e-08  -2.0908085989771196e-08
 +9   -1.2037925927803939e-08  -5.6563900229037160e-09
+10   -3.2022355067881590e-09  -1.5240592131230254e-09
+11   -8.5063678118187524e-10  -4.0922959244792742e-10
+12   -2.2565267846896738e-10  -1.0955986491512112e-10
+13   -5.9781995630669622e-11  -2.9256050178530578e-11
+14   -1.5818736040529437e-11  -7.7953824845399734e-12
+15   -4.1808811071431336e-12  -2.0725307285909097e-12
+16   -1.1039290811665864e-12  -5.5051127829532577e-13
+17   -2.9110042796250459e-13  -1.4557154701501894e-13
+18   -7.6788375710260498e-14  -3.8840830751249895e-14
+19   -2.0140699910499613e-14  -9.9728857252365299e-15
+20   -5.3757667666953473e-15  -2.9148035659656238e-15
+21   -1.3371563889301304e-15  -5.0117692812079887e-16
+22   -4.2754326607177965e-16  -3.8969170898413329e-16
+23   -3.6237496315197991e-17  +1.3911392097019566e-16
+24   -8.3706101969106873e-17  -1.9397321653665930e-16
+25   +5.6669136814713610e-17  +1.7113916172907386e-16
+26   -6.2082725394842921e-17  -1.6905975317704273e-16
+27   +5.9125511436182754e-17  +1.5975886922164553e-16
+28   -5.9884172341300759e-17  -1.5135129304823474e-16
+29   +5.9316544678978800e-17  +1.4898992189835430e-16
+30   -5.6324093228105475e-17  -1.4599669724935479e-16

