-30   -5.2336415544631805e-18  -5.2336415152458442e-18
-29   +1.2314955444498165e-17  -1.2394916070925242e-17
-28   +1.0369203805484331e-18  +1.2908754511606675e-17
-27   -8.6002403720568447e-18  -7.8081642381593187e-18
-26   +4.4206816292581547e-18  +9.6396474699291676e-18
-25   -2.4675241094734961e-18  -7.0151766999980974e-18
-24   +1.4465712913241394e-18  +8.9695994642721998e-18
-23   +1.0554063358938133e-18  -2.2893986559130970e-17
-22   -1.7978366663488772e-18  -2.6103417641309763e-17
-21   +7.0515798549056527e-18  -1.7447539438320062e-16
-20   -1.2819751242557142e-17  -6.3677449237069384e-16
-19   +2.1827764529611388e-17  -2.6004790832806127e-15
-18   +1.0801480734850596e-16  -1.0268988920213649e-14
-17   +4.0947180791477384e-16  -4.1128384680590028e-14
-16   +1.6566117818160960e-15  -1.6457008469774263e-13
-15   +7.1063033749219829e-15  -6.6045142016045552e-13
-14   +3.0598685195806327e-14  -2.6566501320067344e-12
-13   +1.3288122625800677e-13  -1.0717782045068345e-11
-12   +5.8261704690601696e-13  -4.3384855402275698e-11
-11   +2.5824641196865680e-12  -1.7632495743717421e-10
-10   +1.1598608359847797e-11  -7.2008714198944198e-10
 -9   +5.2932489054501141e-11  -2.9581830482067270e-09
 -8   +2.4642525033576671e-10  -1.2243179754654490e-08
 -7   +1.1766857304999974e-09  -5.1156820727442736e-08
 -6   +5.8112865712058158e-09  -2.1653995207629392e-07
 -5   +3.0040878166527357e-08  -9.3252826472363624e-07
 -4   +1.6659412833074421e-07  -4.1337127303458716e-06
 -3   +1.0156154452656540e-06  -1.8860979165195494e-05
 -2   +7.9574589279274259e-06  -9.7835639590534886e-05
 -1   +1.2234846814038621e-05  -7.2268907797000921e-05
 +0   -9.9650397269893531e-01  +0.0000000000000000e+00
 +1   +1.2234846814038621e-05  +7.2268907797000921e-05
 +2   +7.9574589279274259e-06  +9.7835639590534886e-05
 +3   +1.0156154452656540e-06  +1.8860979165195494e-05
 +4   +1.6659412833074421e-07  +4.1337127303458716e-06
 +5   +3.0040878166527357e-08  +9.3252826472363624e-07
 +6   +5.8112865712058158e-09  +2.1653995207629392e-07
 +7   +1.1766857304999974e-09  +5.1156820727442736e-08
 +8   +2.4642525033576671e-10  +1.2243179754654490e-08
 +9   +5.2932489054501141e-11  +2.9581830482067270e-09
+10   +1.1598608359847797e-11  +7.2008714198944198e-10
+11   +2.5824641196865680e-12  +1.7632495743717421e-10
+12   +5.8261704690601696e-13  +4.3384855402275698e-11
+13   +1.3288122625800677e-13  +1.0717782045068345e-11
+14   +3.0598685195806327e-14  +2.6566501320067344e-12
+15   +7.1063033749219829e-15  +6.6045142016045552e-13
+16   +1.6566117818160960e-15  +1.6457008469774263e-13
+17   +4.0947180791477384e-16  +4.1128384680590028e-14
+18   +1.0801480734850596e-16  +1.0268988920213649e-14
+19   +2.1827764529611388e-17  +2.6004790832806127e-15
+20   -1.2819751242557142e-17  +6.3677449237069384e-16
+21   +7.0515798549056527e-18  +1.7447539438320062e-16
+22   -1.7978366663488772e-18  +2.6103417641309763e-17
+23   +1.0554063358938133e-18  +2.2893986559130970e-17
+24   +1.4465712913241394e-18  -8.9695994642721998e-18
+25   -2.4675241094734961e-18  +7.0151766999980974e-18
+26   +4.4206816292581547e-18  -9.6396474699291676e-18
+27   -8.6002403720568447e-18  +7.8081642381593187e-18
+28   +1.0369203805484331e-18  -1.2908754511606675e-17
+29   +1.2314955444498165e-17  +1.2394916070925242e-17
+30   -5.2336415544631805e-18  +5.2336415152458442e-18

