-30   -1.4802973674487269e-17  +1.7868769900615600e-17
-29   -4.3168356198432153e-18  -1.0290121875520283e-17
-28   -7.3022058035492166e-18  +1.3460643696530714e-17
-27   +1.8433686387425397e-17  -7.4464446628819919e-18
-26   -7.5372800040706129e-18  +1.4493357291420143e-17
-25   -6.6030553716759728e-18  -6.9218396770030041e-18
-24   -8.5207935996727998e-18  +1.3286046363161868e-17
-23   +1.3835187164420616e-17  -2.0957420475660928e-17
-22   +2.8949303458968785e-18  -2.5603379037812199e-17
-21   +1.9479861872224786e-18  -1.7263738378696423e-16
-20   -2.7622724904225894e-17  -6.1113498988557969e-16
-19   -1.0847282372609559e-17  -2.5962931257940099e-15
-18   -1.1357403879153146e-16  -1.0269514869590418e-14
-17   -4.0176339380004738e-16  -4.1126560434595146e-14
-16   -1.6651008010375659e-15  -1.6456948361367827e-13
-15   -7.1146743175868494e-15  -6.6044988724919667e-13
-14   -3.0606447912431609e-14  -2.6566475196033652e-12
-13   -1.3287600483672759e-13  -1.0717782722928967e-11
-12   -5.8262389960943123e-13  -4.3384855367123275e-11
-11   -2.5824609125684791e-12  -1.7632495639461743e-10
-10   -1.1598603735069887e-11  -7.2008715332668474e-10
 -9   -5.2932480598464884e-11  -2.9581830453099578e-09
 -8   -2.4642525932278126e-10  -1.2243179757065614e-08
 -7   -1.1766857264686508e-09  -5.1156820732196245e-08
 -6   -5.8112865821713902e-09  -2.1653995207575158e-07
 -5   -3.0040878149491970e-08  -9.3252826472526138e-07
 -4   -1.6659412833293096e-07  -4.1337127303493140e-06
 -3   -1.0156154452639489e-06  -1.8860979165196619e-05
 -2   -7.9574589279411174e-06  -9.7835639590538247e-05
 -1   -1.2234846814029016e-05  -7.2268907796998143e-05
 +0   +9.9650397269893565e-01  +0.0000000000000000e+00
 +1   -1.2234846814029016e-05  +7.2268907796998143e-05
 +2   -7.9574589279411174e-06  +9.7835639590538247e-05
 +3   -1.0156154452639489e-06  +1.8860979165196619e-05
 +4   -1.6659412833293096e-07  +4.1337127303493140e-06
 +5   -3.0040878149491970e-08  +9.3252826472526138e-07
 +6   -5.8112865821713902e-09  +2.1653995207575158e-07
 +7   -1.1766857264686508e-09  +5.1156820732196245e-08
 +8   -2.4642525932278126e-10  +1.2243179757065614e-08
 +9   -5.2932480598464884e-11  +2.9581830453099578e-09
+10   -1.1598603735069887e-11  +7.2008715332668474e-10
+11   -2.5824609125684791e-12  +1.7632495639461743e-10
+12   -5.8262389960943123e-13  +4.3384855367123275e-11
+13   -1.3287600483672759e-13  +1.0717782722928967e-11
+14   -3.0606447912431609e-14  +2.6566475196033652e-12
+15   -7.1146743175868494e-15  +6.6044988724919667e-13
+16   -1.6651008010375659e-15  +1.6456948361367827e-13
+17   -4.0176339380004738e-16  +4.1126560434595146e-14
+18   -1.1357403879153146e-16  +1.0269514869590418e-14
+19   -1.0847282372609559e-17  +2.5962931257940099e-15
+20   -2.7622724904225894e-17  +6.1113498988557969e-16
+21   +1.9479861872224786e-18  +1.7263738378696423e-16
+22   +2.8949303458968785e-18  +2.5603379037812199e-17
+23   +1.3835187164420616e-17  +2.0957420475660928e-17
+24   -8.5207935996727998e-18  -1.3286046363161868e-17
+25   -6.6030553716759728e-18  +6.9218396770030041e-18
+26   -7.5372800040706129e-18  -1.4493357291420143e-17
+27   +1.8433686387425397e-17  +7.4464446628819919e-18
+28   -7.3022058035492166e-18  -1.3460643696530714e-17
+29   -4.3168356198432153e-18  +1.0290121875520283e-17
+30   -1.4802973674487269e-17  -1.7868769900615600e-17

