-30   +6.4763011045862885e-18  -1.9560404729373333e-17
-29   -9.0558362758006562e-18  +1.8867311370802655e-17
-28   +1.3151561505392328e-17  -2.6696350320145368e-17
-27   -4.5563574967866897e-18  +2.2017523990464101e-17
-26   +7.2366856070918687e-18  -1.8345519012546417e-17
-25   -3.5063694781836961e-18  +2.1832150450409803e-17
-24   +4.5162832222632560e-17  -1.4538834904274085e-17
-23   +1.1383896875964933e-16  +6.1257054491016303e-17
-22   +4.9334107578290683e-16  +1.3439754281039539e-16
-21   +1.8302980136328565e-15  +6.4388232534171729e-16
-20   +7.0000180771512813e-15  +2.3362137597912140e-15
-19   +2.6549613944026899e-14  +9.0542965660964585e-15
-18   +1.0085290040700275e-13  +3.4371785746189674e-14
-17   +3.8259322186111340e-13  +1.3117977424626317e-13
-16   +1.4502492534819838e-12  +4.9967109395900190e-13
-15   +5.4914354688426994e-12  +1.9034585034755112e-12
-14   +2.0771005081050451e-11  +7.2479556026197755e-12
-13   +7.8471610459735107e-11  +2.7593370859370901e-11
-12   +2.9608191859289862e-10  +1.0503849432400485e-10
-11   +1.1156122529763219e-09  +3.9988901990550783e-10
-10   +4.1973751642458873e-09  +1.5230475942452982e-09
 -9   +1.5767930679466511e-08  +5.8061317652458567e-09
 -8   +5.9142220833739214e-08  +2.2172308749074603e-08
 -7   +2.2150411332370810e-07  +8.4928209521904547e-08
 -6   +8.2871270965128537e-07  +3.2706880030417659e-07
 -5   +3.0990912573994773e-06  +1.2710749440981429e-06
 -4   +1.1624212992433370e-05  +5.0329596630106902e-06
 -3   +4.3609023863842674e-05  +2.0412952893839274e-05
 -2   +1.7308111909302809e-04  +9.2641262001924330e-05
 -1   +2.8640771049176672e-05  +3.3996427065931187e-05
 +0   -1.9642069927265332e-01  +0.0000000000000000e+00
 +1   +2.8640771049176672e-05  -3.3996427065931187e-05
 +2   +1.7308111909302809e-04  -9.2641262001924330e-05
 +3   +4.3609023863842674e-05  -2.0412952893839274e-05
 +4   +1.1624212992433370e-05  -5.0329596630106902e-06
 +5   +3.0990912573994773e-06  -1.2710749440981429e-06
 +6   +8.2871270965128537e-07  -3.2706880030417659e-07
 +7   +2.2150411332370810e-07  -8.4928209521904547e-08
 +8   +5.9142220833739214e-08  -2.2172308749074603e-08
 +9   +1.5767930679466511e-08  -5.8061317652458567e-09
+10   +4.1973751642458873e-09  -1.5230475942452982e-09
+11   +1.1156122529763219e-09  -3.9988901990550783e-10
+12   +2.9608191859289862e-10  -1.0503849432400485e-10
+13   +7.8471610459735107e-11  -2.7593370859370901e-11
+14   +2.0771005081050451e-11  -7.2479556026197755e-12
+15   +5.4914354688426994e-12  -1.9034585034755112e-12
+16   +1.4502492534819838e-12  -4.9967109395900190e-13
+17   +3.8259322186111340e-13  -1.3117977424626317e-13
+18   +1.0085290040700275e-13  -3.4371785746189674e-14
+19   +2.6549613944026899e-14  -9.0542965660964585e-15
+20   +7.0000180771512813e-15  -2.3362137597912140e-15
+21   +1.8302980136328565e-15  -6.4388232534171729e-16
+22   +4.9334107578290683e-16  -1.3439754281039539e-16
+23   +1.1383896875964933e-16  -6.1257054491016303e-17
+24   +4.5162832222632560e-17  +1.4538834904274085e-17
+25   -3.5063694781836961e-18  -2.1832150450409803e-17
+26   +7.2366856070918687e-18  +1.8345519012546417e-17
+27   -4.5563574967866897e-18  -2.2017523990464101e-17
+28   +1.3151561505392328e-17  +2.6696350320145368e-17
+29   -9.0558362758006562e-18  -1.8867311370802655e-17
+30   +6.4763011045862885e-18  +1.9560404729373333e-17

