-30   +2.5270256594800389e-17  +1.4802973708731641e-17
-29   +2.6510604583912274e-18  -6.3810435790174441e-18
-28   -1.6579994310351022e-17  +2.2570313215097840e-18
-27   +5.3189003044348758e-18  -1.2006317217190607e-17
-26   -6.6781967141064229e-18  +1.2764679163508091e-17
-25   +2.0078867042456233e-17  -2.4331259582141923e-17
-24   +1.6212818619842157e-17  -1.9121103269357951e-17
-23   +3.3444352639138738e-17  -1.3380557122974305e-16
-22   +1.4532784073470709e-16  -4.5569287746419704e-16
-21   +5.9639782219488220e-16  -1.7704037188050026e-15
-20   +2.2457626208010144e-15  -6.6657876193594262e-15
-19   +8.5324672497190567e-15  -2.5279001838554015e-14
-18   +3.2447642881717285e-14  -9.5696170189903628e-14
-17   +1.2326423399526512e-13  -3.6220643981298010e-13
-16   +4.6790120300761825e-13  -1.3690458397099087e-12
-15   +1.7750148481511474e-12  -5.1681393769866223e-12
-14   +6.7277081109898335e-12  -1.9481433021980819e-11
-13   +2.5477405004062614e-11  -7.3320294972096724e-11
-12   +9.6394697733705617e-11  -2.7546821513440350e-10
-11   +3.6438828826983109e-10  -1.0329680848646648e-09
-10   +1.3762974404882920e-09  -3.8653531832267139e-09
 -9   +5.1946502543725418e-09  -1.4431066555876940e-08
 -8   +1.9598628777027401e-08  -5.3746908130397435e-08
 -7   +7.3955441181296551e-08  -1.9968096202074338e-07
 -6   +2.7946559607801561e-07  -7.4028788379526019e-07
 -5   +1.0598240451832779e-06  -2.7408441085651950e-06
 -4   +4.0602717990247679e-06  -1.0179616749093887e-05
 -3   +1.5790919720360295e-05  -3.7928665755926340e-05
 -2   +6.7683929778674837e-05  -1.5253612711343823e-04
 -1   +1.4943919695506611e-05  -2.6622068662725659e-05
 +0   -9.6490938375557955e-01  +0.0000000000000000e+00
 +1   +1.4943919695506611e-05  +2.6622068662725659e-05
 +2   +6.7683929778674837e-05  +1.5253612711343823e-04
 +3   +1.5790919720360295e-05  +3.7928665755926340e-05
 +4   +4.0602717990247679e-06  +1.0179616749093887e-05
 +5   +1.0598240451832779e-06  +2.7408441085651950e-06
 +6   +2.7946559607801561e-07  +7.4028788379526019e-07
 +7   +7.3955441181296551e-08  +1.9968096202074338e-07
 +8   +1.9598628777027401e-08  +5.3746908130397435e-08
 +9   +5.1946502543725418e-09  +1.4431066555876940e-08
+10   +1.3762974404882920e-09  +3.8653531832267139e-09
+11   +3.6438828826983109e-10  +1.0329680848646648e-09
+12   +9.6394697733705617e-11  +2.7546821513440350e-10
+13   +2.5477405004062614e-11  +7.3320294972096724e-11
+14   +6.7277081109898335e-12  +1.9481433021980819e-11
+15   +1.7750148481511474e-12  +5.1681393769866223e-12
+16   +4.6790120300761825e-13  +1.3690458397099087e-12
+17   +1.2326423399526512e-13  +3.6220643981298010e-13
+18   +3.2447642881717285e-14  +9.5696170189903628e-14
+19   +8.5324672497190567e-15  +2.5279001838554015e-14
+20   +2.2457626208010144e-15  +6.6657876193594262e-15
+21   +5.9639782219488220e-16  +1.7704037188050026e-15
+22   +1.4532784073470709e-16  +4.5569287746419704e-16
+23   +3.3444352639138738e-17  +1.3380557122974305e-16
+24   +1.6212818619842157e-17  +1.9121103269357951e-17
+25   +2.0078867042456233e-17  +2.4331259582141923e-17
+26   -6.6781967141064229e-18  -1.2764679163508091e-17
+27   +5.3189003044348758e-18  +1.2006317217190607e-17
+28   -1.6579994310351022e-17  -2.2570313215097840e-18
+29   +2.6510604583912274e-18  +6.3810435790174441e-18
+30   +2.5270256594800389e-17  -1.4802973708731641e-17

