-30   +2.7098066262691621e-19  +9.9718146643204763e-18
-29   +3.2373218778823703e-18  -7.0364693730605751e-18
-28   -2.6919931564428483e-18  +4.6240902842191988e-18
-27   +1.3338145734691133e-18  -6.4940231542591845e-18
-26   -3.3597663994197337e-18  +8.1623796316975584e-18
-25   +3.6572299469141486e-18  -1.0233808457099833e-17
-24   +1.6369542235572066e-18  +6.6633104839207777e-18
-23   +2.2910376290907995e-18  -1.0117122770664369e-17
-22   -2.3602500110735535e-18  +6.3432786355267870e-18
-21   +4.9951558399660100e-18  -1.7604378486467720e-17
-20   +7.5829642775218006e-18  -1.4488645503578264e-17
-19   +3.8042016931300373e-17  -1.2487260923355405e-16
-18   +1.5652616113896586e-16  -4.4747436613664242e-16
-17   +6.4710975354510277e-16  -1.8452824638546894e-15
-16   +2.6117622121173315e-15  -7.3787544415776597e-15
-15   +1.0649897191266909e-14  -2.9880747874263788e-14
-14   +4.3528179635878244e-14  -1.2111100762384461e-13
-13   +1.7895307600142163e-13  -4.9321652051498957e-13
-12   +7.4026134597947994e-13  -2.0178089909667617e-12
-11   +3.0854987624342571e-12  -8.3031947432213977e-12
-10   +1.2981465426817195e-11  -3.4409023106651633e-11
 -9   +5.5263533685570822e-11  -1.4385787351731900e-10
 -8   +2.3887201505506712e-10  -6.0828341269646888e-10
 -7   +1.0536236341530344e-09  -2.6107101019808560e-09
 -6   +4.7798239424725883e-09  -1.1437710389636507e-08
 -5   +2.2577860289428849e-08  -5.1604944769313042e-08
 -4   +1.1376253987835279e-07  -2.4402724704064246e-07
 -3   +6.3240381825595457e-07  -1.2395503889152492e-06
 -2   +4.5216932244395282e-06  -7.6463878656798368e-06
 -1   +3.4217732533512631e-06  -3.1051016258864890e-06
 +0   -1.7361621557091589e-01  +0.0000000000000000e+00
 +1   +3.4217732533512631e-06  +3.1051016258864890e-06
 +2   +4.5216932244395282e-06  +7.6463878656798368e-06
 +3   +6.3240381825595457e-07  +1.2395503889152492e-06
 +4   +1.1376253987835279e-07  +2.4402724704064246e-07
 +5   +2.2577860289428849e-08  +5.1604944769313042e-08
 +6   +4.7798239424725883e-09  +1.1437710389636507e-08
 +7   +1.0536236341530344e-09  +2.6107101019808560e-09
 +8   +2.3887201505506712e-10  +6.0828341269646888e-10
 +9   +5.5263533685570822e-11  +1.4385787351731900e-10
+10   +1.2981465426817195e-11  +3.4409023106651633e-11
+11   +3.0854987624342571e-12  +8.3031947432213977e-12
+12   +7.4026134597947994e-13  +2.0178089909667617e-12
+13   +1.7895307600142163e-13  +4.9321652051498957e-13
+14   +4.3528179635878244e-14  +1.2111100762384461e-13
+15   +1.0649897191266909e-14  +2.9880747874263788e-14
+16   +2.6117622121173315e-15  +7.3787544415776597e-15
+17   +6.4710975354510277e-16  +1.8452824638546894e-15
+18   +1.5652616113896586e-16  +4.4747436613664242e-16
+19   +3.8042016931300373e-17  +1.2487260923355405e-16
+20   +7.5829642775218006e-18  +1.4488645503578264e-17
+21   +4.9951558399660100e-18  +1.7604378486467720e-17
+22   -2.3602500110735535e-18  -6.3432786355267870e-18
+23   +2.2910376290907995e-18  +1.0117122770664369e-17
+24   +1.6369542235572066e-18  -6.6633104839207777e-18
+25   +3.6572299469141486e-18  +1.0233808457099833e-17
+26   -3.3597663994197337e-18  -8.1623796316975584e-18
+27   +1.3338145734691133e-18  +6.4940231542591845e-18
+28   -2.6919931564428483e-18  -4.6240902842191988e-18
+29   +3.2373218778823703e-18  +7.0364693730605751e-18
+30   +2.7098066262691621e-19  -9.9718146643204763e-18

