-30   -6.3175641812286874e-18  -4.4897546296805908e-19
-29   -4.7970830457992977e-18  +1.9887453507480180e-18
-28   +1.3287471241717346e-17  -1.9229074607765370e-17
-27   -3.9432440707019252e-18  +9.7678526630480299e-18
-26   +6.3707721788291210e-18  -1.2295640042312493e-17
-25   -3.5048629318963162e-18  +7.6151472056570847e-18
-24   +1.0150622186696731e-18  -1.2744521125785949e-17
-23   -8.6019239024672710e-18  +8.0632768242686853e-18
-22   -2.2546886894747111e-18  -6.8694577264460383e-18
-21   -3.7539981332816927e-18  +2.0281134859416302e-17
-20   -1.3811362452112925e-17  -3.7007434154171884e-18
-19   -1.1381818192972037e-16  -1.5822897459861691e-17
-18   -4.2884773340505378e-16  -1.5698892375765428e-16
-17   -1.7350970566384792e-15  -5.9262616391654079e-16
-16   -6.9887263042840410e-15  -2.4616354543488797e-15
-15   -2.8146186232028378e-14  -9.9288457462143255e-15
-14   -1.1367933818232784e-13  -4.0474593721625012e-14
-13   -4.6118307371889920e-13  -1.6544528854399440e-13
-12   -1.8790410470058484e-12  -6.8050859983564036e-13
-11   -7.6961356954285899e-12  -2.8173383909955902e-12
-10   -3.1725962727096972e-11  -1.1760245956430710e-11
 -9   -1.3185123832307513e-10  -4.9599262949309839e-11
 -8   -5.5374819110550732e-10  -2.1199905337523814e-10
 -7   -2.3584426175922465e-09  -9.2240723039270347e-10
 -6   -1.0243795570041047e-08  -4.1142317950021714e-09
 -5   -4.5787862182839356e-08  -1.9025805912827921e-08
 -4   -2.1457183753887237e-07  -9.3290757407496596e-08
 -3   -1.0834761178187242e-06  -5.0268114642155175e-07
 -2   -6.7649512321228551e-06  -3.4815291494562689e-06
 -1   -2.7258323220468811e-06  -1.9382141900249662e-06
 +0   -5.5352537056662499e-01  +0.0000000000000000e+00
 +1   -2.7258323220468811e-06  +1.9382141900249662e-06
 +2   -6.7649512321228551e-06  +3.4815291494562689e-06
 +3   -1.0834761178187242e-06  +5.0268114642155175e-07
 +4   -2.1457183753887237e-07  +9.3290757407496596e-08
 +5   -4.5787862182839356e-08  +1.9025805912827921e-08
 +6   -1.0243795570041047e-08  +4.1142317950021714e-09
 +7   -2.3584426175922465e-09  +9.2240723039270347e-10
 +8   -5.5374819110550732e-10  +2.1199905337523814e-10
 +9   -1.3185123832307513e-10  +4.9599262949309839e-11
+10   -3.1725962727096972e-11  +1.1760245956430710e-11
+11   -7.6961356954285899e-12  +2.8173383909955902e-12
+12   -1.8790410470058484e-12  +6.8050859983564036e-13
+13   -4.6118307371889920e-13  +1.6544528854399440e-13
+14   -1.1367933818232784e-13  +4.0474593721625012e-14
+15   -2.8146186232028378e-14  +9.9288457462143255e-15
+16   -6.9887263042840410e-15  +2.4616354543488797e-15
+17   -1.7350970566384792e-15  +5.9262616391654079e-16
+18   -4.2884773340505378e-16  +1.5698892375765428e-16
+19   -1.1381818192972037e-16  +1.5822897459861691e-17
+20   -1.3811362452112925e-17  +3.7007434154171884e-18
+21   -3.7539981332816927e-18  -2.0281134859416302e-17
+22   -2.2546886894747111e-18  +6.8694577264460383e-18
+23   -8.6019239024672710e-18  -8.0632768242686853e-18
+24   +1.0150622186696731e-18  +1.2744521125785949e-17
+25   -3.5048629318963162e-18  -7.6151472056570847e-18
+26   +6.3707721788291210e-18  +1.2295640042312493e-17
+27   -3.9432440707019252e-18  -9.7678526630480299e-18
+28   +1.3287471241717346e-17  +1.9229074607765370e-17
+29   -4.7970830457992977e-18  -1.9887453507480180e-18
+30   -6.3175641812286874e-18  +4.4897546296805908e-19

