-30   +4.7152731178010366e-16  -1.1130973745748974e-15
-29   -4.6231214101705571e-16  +1.1653131260773000e-15
-28   +4.5011860685753547e-16  -1.1929116700837492e-15
-27   -4.7918133786240850e-16  +1.2574474471212423e-15
-26   +4.7466055740479702e-16  -1.3038680734118630e-15
-25   -4.5668510586586302e-16  +1.3481027521959510e-15
-24   +4.3654061909269629e-16  -1.4502549810159723e-15
-23   -5.0617287231526887e-16  +1.3960592218587772e-15
-22   +2.6134565703231473e-16  -1.9398397863112174e-15
-21   -1.2019523672774309e-15  +1.8672822652262555e-16
-20   -2.3299402261238551e-15  -7.3085117789874550e-15
-19   -1.1174275935074376e-14  -1.9545524513139571e-14
-18   -4.0194041628625385e-14  -8.3301924626799507e-14
-17   -1.5448141282062238e-13  -3.0784122854909297e-13
-16   -5.8230541722879420e-13  -1.1813412525092784e-12
-15   -2.2024499785371064e-12  -4.4823399297456212e-12
-14   -8.3081208941993710e-12  -1.7050262787249833e-11
-13   -3.1300696159632396e-11  -6.4771210391655377e-11
-12   -1.1770209870370488e-10  -2.4601723188105929e-10
-11   -4.4170324847859533e-10  -9.3411847704136409e-10
-10   -1.6536443611164637e-09  -3.5466822828249924e-09
 -9   -6.1736685486343354e-09  -1.3470035644777448e-08
 -8   -2.2971794283604921e-08  -5.1204111714223871e-08
 -7   -8.5123557835830959e-08  -1.9501049098237865e-07
 -6   -3.1376536068569809e-07  -7.4548412457735450e-07
 -5   -1.1476742833453163e-06  -2.8685642286053264e-06
 -4   -4.1518039877312452e-06  -1.1199985140985651e-05
 -3   -1.4558387535126977e-05  -4.4434493770894942e-05
 -2   -4.8843234349067373e-05  -1.9388137200754472e-04
 -1   +3.5859660444310548e-06  -7.0724208429721625e-05
 +0   +1.2721739595483850e+00  +0.0000000000000000e+00
 +1   +3.5859660444310548e-06  +7.0724208429721625e-05
 +2   -4.8843234349067373e-05  +1.9388137200754472e-04
 +3   -1.4558387535126977e-05  +4.4434493770894942e-05
 +4   -4.1518039877312452e-06  +1.1199985140985651e-05
 +5   -1.1476742833453163e-06  +2.8685642286053264e-06
 +6   -3.1376536068569809e-07  +7.4548412457735450e-07
 +7   -8.5123557835830959e-08  +1.9501049098237865e-07
 +8   -2.2971794283604921e-08  +5.1204111714223871e-08
 +9   -6.1736685486343354e-09  +1.3470035644777448e-08
+10   -1.6536443611164637e-09  +3.5466822828249924e-09
+11   -4.4170324847859533e-10  +9.3411847704136409e-10
+12   -1.1770209870370488e-10  +2.4601723188105929e-10
+13   -3.1300696159632396e-11  +6.4771210391655377e-11
+14   -8.3081208941993710e-12  +1.7050262787249833e-11
+15   -2.2024499785371064e-12  +4.4823399297456212e-12
+16   -5.8230541722879420e-13  +1.1813412525092784e-12
+17   -1.5448141282062238e-13  +3.0784122854909297e-13
+18   -4.0194041628625385e-14  +8.3301924626799507e-14
+19   -1.1174275935074376e-14  +1.9545524513139571e-14
+20   -2.3299402261238551e-15  +7.3085117789874550e-15
+21   -1.2019523672774309e-15  -1.8672822652262555e-16
+22   +2.6134565703231473e-16  +1.9398397863112174e-15
+23   -5.0617287231526887e-16  -1.3960592218587772e-15
+24   +4.3654061909269629e-16  +1.4502549810159723e-15
+25   -4.5668510586586302e-16  -1.3481027521959510e-15
+26   +4.7466055740479702e-16  +1.3038680734118630e-15
+27   -4.7918133786240850e-16  -1.2574474471212423e-15
+28   +4.5011860685753547e-16  +1.1929116700837492e-15
+29   -4.6231214101705571e-16  -1.1653131260773000e-15
+30   +4.7152731178010366e-16  +1.1130973745748974e-15

