-30   +4.2446305427712535e-17  -1.1140883127745133e-16
-29   -4.4696125761145367e-17  +1.1563674954171612e-16
-28   +4.9625869576999368e-17  -1.1863346113116319e-16
-27   -4.6966915444594385e-17  +1.2466962322725235e-16
-26   +4.6513176982737259e-17  -1.3344808088214110e-16
-25   -5.1345704849377230e-17  +1.3995717030233193e-16
-24   +2.2701224688591521e-17  -1.2722896879435732e-16
-23   -1.3755458279534304e-16  +1.9992841199802393e-16
-22   -3.2247290929896082e-16  +2.9060041036927834e-17
-21   -1.4423532498473395e-15  +8.7915448094328908e-16
-20   -5.2684452076482494e-15  +2.5230301077881140e-15
-19   -2.0246518231453419e-14  +1.0385186851664423e-14
-18   -7.6681590158863572e-14  +3.8406094417914716e-14
-17   -2.9120866053795794e-13  +1.4604008809259804e-13
-16   -1.1038199361665031e-12  +5.5001524948534320e-13
-15   -4.1809870957693547e-12  +2.0730562124349947e-12
-14   -1.5818631676358711e-11  +7.7948137512023891e-12
-13   -5.9782096915351999e-11  +2.9256664181508007e-11
-12   -2.2565257211201889e-10  +1.0955919504494411e-10
-11   -8.5063688855316688e-10  +4.0923032642141599e-10
-10   -3.2022354078294085e-09  +1.5240584077835887e-09
 -9   -1.2037926032311734e-08  +5.6563909137798637e-09
 -8   -4.5191380356934853e-08  +2.0908084972331277e-08
 -7   -1.6944806928024864e-07  +7.6908977175787289e-08
 -6   -6.3494194154776207e-07  +2.8126054492925092e-07
 -5   -2.3797650419991349e-06  +1.0208816194134647e-06
 -4   -8.9572541447946112e-06  +3.6750297834429031e-06
 -3   -3.3808893732918692e-05  +1.2948643325070089e-05
 -2   -1.3600574253828601e-04  +4.5932072453951909e-05
 -1   -2.4441145944094434e-05  +3.3586377759026299e-06
 +0   +1.4897978241433010e-01  +0.0000000000000000e+00
 +1   -2.4441145944094434e-05  -3.3586377759026299e-06
 +2   -1.3600574253828601e-04  -4.5932072453951909e-05
 +3   -3.3808893732918692e-05  -1.2948643325070089e-05
 +4   -8.9572541447946112e-06  -3.6750297834429031e-06
 +5   -2.3797650419991349e-06  -1.0208816194134647e-06
 +6   -6.3494194154776207e-07  -2.8126054492925092e-07
 +7   -1.6944806928024864e-07  -7.6908977175787289e-08
 +8   -4.5191380356934853e-08  -2.0908084972331277e-08
 +9   -1.2037926032311734e-08  -5.6563909137798637e-09
+10   -3.2022354078294085e-09  -1.5240584077835887e-09
+11   -8.5063688855316688e-10  -4.0923032642141599e-10
+12   -2.2565257211201889e-10  -1.0955919504494411e-10
+13   -5.9782096915351999e-11  -2.9256664181508007e-11
+14   -1.5818631676358711e-11  -7.7948137512023891e-12
+15   -4.1809870957693547e-12  -2.0730562124349947e-12
+16   -1.1038199361665031e-12  -5.5001524948534320e-13
+17   -2.9120866053795794e-13  -1.4604008809259804e-13
+18   -7.6681590158863572e-14  -3.8406094417914716e-14
+19   -2.0246518231453419e-14  -1.0385186851664423e-14
+20   -5.2684452076482494e-15  -2.5230301077881140e-15
+21   -1.4423532498473395e-15  -8.7915448094328908e-16
+22   -3.2247290929896082e-16  -2.9060041036927834e-17
+23   -1.3755458279534304e-16  -1.9992841199802393e-16
+24   +2.2701224688591521e-17  +1.2722896879435732e-16
+25   -5.1345704849377230e-17  -1.3995717030233193e-16
+26   +4.6513176982737259e-17  +1.3344808088214110e-16
+27   -4.6966915444594385e-17  -1.2466962322725235e-16
+28   +4.9625869576999368e-17  +1.1863346113116319e-16
+29   -4.4696125761145367e-17  -1.1563674954171612e-16
+30   +4.2446305427712535e-17  +1.1140883127745133e-16

