-30   +1.4802973661657958e-16  -3.7677706577767458e-16
-29   -1.5127859117714283e-16  +3.7885718368710291e-16
-28   +1.4846039563746213e-16  -3.9014232703252560e-16
-27   -1.4929212454400033e-16  +4.0250804506482249e-16
-26   +1.4482137869716937e-16  -4.2119801826844329e-16
-25   -1.5140659765621384e-16  +4.4604042137127590e-16
-24   +1.5575035618606835e-16  -4.5042680073668830e-16
-23   -1.4673307359960678e-16  +4.8596302367622303e-16
-22   +1.4391349181766788e-16  -5.0385263833400289e-16
-21   -1.5527144063621395e-16  +5.3015602199777037e-16
-20   +1.2410775512787881e-16  -5.5344610929407279e-16
-19   -2.3928514468981558e-16  +6.3202990033327564e-16
-18   -2.2171587591669097e-16  -4.4330998182986468e-16
-17   -1.6435541545885845e-15  +1.3826289776502996e-15
-16   -5.8672167866745715e-15  +2.1741833332121394e-15
-15   -2.4597649353879100e-14  +1.2358060275038574e-14
-14   -9.9504442298937856e-14  +4.5983975962996725e-14
-13   -4.0827495744084516e-13  +1.9033811204850072e-13
-12   -1.6807074666705166e-12  +7.6878253744362927e-13
-11   -6.9702033308287361e-12  +3.1417534499348688e-12
-10   -2.9147454102339653e-11  +1.2879492399657621e-11
 -9   -1.2318687120204158e-10  +5.3151463350192014e-11
 -8   -5.2776465571691785e-10  +2.2094836016074715e-10
 -7   -2.3022233717038724e-09  +9.2684374937137896e-10
 -6   -1.0296059073087387e-08  +3.9311330973895297e-09
 -5   -4.7709033937433784e-08  +1.6886740784544730e-08
 -4   -2.3390040142858273e-07  +7.3511513853098137e-08
 -3   -1.2447524046353709e-06  +3.1689046601170131e-07
 -2   -8.1998103612884203e-06  +1.2036219490814472e-06
 -1   -5.6192074745730857e-06  -1.4448361927268391e-06
 +0   +4.1983395184893102e-01  +0.0000000000000000e+00
 +1   -5.6192074745730857e-06  +1.4448361927268391e-06
 +2   -8.1998103612884203e-06  -1.2036219490814472e-06
 +3   -1.2447524046353709e-06  -3.1689046601170131e-07
 +4   -2.3390040142858273e-07  -7.3511513853098137e-08
 +5   -4.7709033937433784e-08  -1.6886740784544730e-08
 +6   -1.0296059073087387e-08  -3.9311330973895297e-09
 +7   -2.3022233717038724e-09  -9.2684374937137896e-10
 +8   -5.2776465571691785e-10  -2.2094836016074715e-10
 +9   -1.2318687120204158e-10  -5.3151463350192014e-11
+10   -2.9147454102339653e-11  -1.2879492399657621e-11
+11   -6.9702033308287361e-12  -3.1417534499348688e-12
+12   -1.6807074666705166e-12  -7.6878253744362927e-13
+13   -4.0827495744084516e-13  -1.9033811204850072e-13
+14   -9.9504442298937856e-14  -4.5983975962996725e-14
+15   -2.4597649353879100e-14  -1.2358060275038574e-14
+16   -5.8672167866745715e-15  -2.1741833332121394e-15
+17   -1.6435541545885845e-15  -1.3826289776502996e-15
+18   -2.2171587591669097e-16  +4.4330998182986468e-16
+19   -2.3928514468981558e-16  -6.3202990033327564e-16
+20   +1.2410775512787881e-16  +5.5344610929407279e-16
+21   -1.5527144063621395e-16  -5.3015602199777037e-16
+22   +1.4391349181766788e-16  +5.0385263833400289e-16
+23   -1.4673307359960678e-16  -4.8596302367622303e-16
+24   +1.5575035618606835e-16  +4.5042680073668830e-16
+25   -1.5140659765621384e-16  -4.4604042137127590e-16
+26   +1.4482137869716937e-16  +4.2119801826844329e-16
+27   -1.4929212454400033e-16  -4.0250804506482249e-16
+28   +1.4846039563746213e-16  +3.9014232703252560e-16
+29   -1.5127859117714283e-16  -3.7885718368710291e-16
+30   +1.4802973661657958e-16  +3.7677706577767458e-16

