-30   +8.4033175904540198e-17  -1.9840684048388588e-16
-29   -8.3984088155426268e-17  +2.1492922357519694e-16
-28   +8.5283766991925594e-17  -2.1897692943141602e-16
-27   -8.9024634051430809e-17  +2.2882797085061815e-16
-26   +8.2629489188070107e-17  -2.4014044264993092e-16
-25   -8.6583748396052431e-17  +2.4887823600633835e-16
-24   +7.9093173771477677e-17  -2.5864941140217416e-16
-23   -8.3163241289344080e-17  +2.7541609181185593e-16
-22   +8.6498706246878107e-17  -2.8697887147489048e-16
-21   -8.4331206942233332e-17  +3.0579003574533765e-16
-20   +8.9676602468165264e-17  -2.9324354930501069e-16
-19   -4.2739354146485076e-17  +4.1775363981857384e-16
-18   +2.5568991147092541e-16  -7.6870415746199690e-18
-17   +5.9570111020144509e-16  +1.7709739643616797e-15
-16   +2.8108558673653083e-15  +5.2412661361076632e-15
-15   +1.0845255650245384e-14  +2.3239082349559885e-14
-14   +4.4043909977660346e-14  +9.2105901442016105e-14
-13   +1.7721732280258082e-13  +3.7758225146597582e-13
-12   +7.1759803081641334e-13  +1.5431697027884103e-12
-11   +2.9148134930113899e-12  +6.3573975658205204e-12
-10   +1.1896835076446077e-11  +2.6364779458712178e-11
 -9   +4.8828717834956663e-11  +1.1034089107052335e-10
 -8   +2.0180924608938557e-10  +4.6712842983630825e-10
 -7   +8.4139532615623737e-10  +2.0079173754782682e-09
 -6   +3.5479262264509466e-09  +8.8136086175326420e-09
 -5   +1.5179325849706594e-08  +3.9863211211407011e-08
 -4   +6.6270593147007932e-08  +1.8910967921509341e-07
 -3   +2.9293221474324886e-07  +9.6433800677521264e-07
 -2   +1.3066520542064800e-06  +5.9609692242016696e-06
 -1   -3.2063255664415081e-07  +2.3660217790171361e-06
 +0   +2.2890235417110699e-01  +0.0000000000000000e+00
 +1   -3.2063255664415081e-07  -2.3660217790171361e-06
 +2   +1.3066520542064800e-06  -5.9609692242016696e-06
 +3   +2.9293221474324886e-07  -9.6433800677521264e-07
 +4   +6.6270593147007932e-08  -1.8910967921509341e-07
 +5   +1.5179325849706594e-08  -3.9863211211407011e-08
 +6   +3.5479262264509466e-09  -8.8136086175326420e-09
 +7   +8.4139532615623737e-10  -2.0079173754782682e-09
 +8   +2.0180924608938557e-10  -4.6712842983630825e-10
 +9   +4.8828717834956663e-11  -1.1034089107052335e-10
+10   +1.1896835076446077e-11  -2.6364779458712178e-11
+11   +2.9148134930113899e-12  -6.3573975658205204e-12
+12   +7.1759803081641334e-13  -1.5431697027884103e-12
+13   +1.7721732280258082e-13  -3.7758225146597582e-13
+14   +4.4043909977660346e-14  -9.2105901442016105e-14
+15   +1.0845255650245384e-14  -2.3239082349559885e-14
+16   +2.8108558673653083e-15  -5.2412661361076632e-15
+17   +5.9570111020144509e-16  -1.7709739643616797e-15
+18   +2.5568991147092541e-16  +7.6870415746199690e-18
+19   -4.2739354146485076e-17  -4.1775363981857384e-16
+20   +8.9676602468165264e-17  +2.9324354930501069e-16
+21   -8.4331206942233332e-17  -3.0579003574533765e-16
+22   +8.6498706246878107e-17  +2.8697887147489048e-16
+23   -8.3163241289344080e-17  -2.7541609181185593e-16
+24   +7.9093173771477677e-17  +2.5864941140217416e-16
+25   -8.6583748396052431e-17  -2.4887823600633835e-16
+26   +8.2629489188070107e-17  +2.4014044264993092e-16
+27   -8.9024634051430809e-17  -2.2882797085061815e-16
+28   +8.5283766991925594e-17  +2.1897692943141602e-16
+29   -8.3984088155426268e-17  -2.1492922357519694e-16
+30   +8.4033175904540198e-17  +1.9840684048388588e-16

