-30   -4.3356906165541610e-18  +2.8336052951655536e-17
-29   -8.2652776007318727e-19  -1.5705951682825837e-17
-28   -1.3380165388840248e-17  +1.3455268365002657e-17
-27   +5.3340399693709146e-18  -9.3647586188158390e-18
-26   -7.0107950654190106e-18  +5.8312727691070498e-18
-25   +4.6047050743179154e-18  -2.2586322441488628e-17
-24   -7.7994160887692444e-19  +1.3648668666998114e-17
-23   +2.9741844734088404e-17  -2.4268047531094655e-17
-22   -1.6703183485969314e-18  -2.2939460852775400e-17
-21   +6.1829999314042442e-18  -1.8036239116707916e-16
-20   -1.4802973661668806e-17  -6.1853647671641404e-16
-19   -2.7050454461875133e-17  -2.5957686573577662e-15
-18   -1.0200014306000852e-16  -1.0269273446210498e-14
-17   -3.7191038096107150e-16  -4.1123427349224331e-14
-16   -1.6611553812262845e-15  -1.6456842764773862e-13
-15   -7.1004115434318970e-15  -6.6046097397452803e-13
-14   -3.0589744365255335e-14  -2.6566423959837070e-12
-13   -1.3289484557257636e-13  -1.0717783432054411e-11
-12   -5.8260108187711799e-13  -4.3384864149005937e-11
-11   -2.5824558476549445e-12  -1.7632495494129338e-10
-10   -1.1598586118499557e-11  -7.2008715524233051e-10
 -9   -5.2932511033642160e-11  -2.9581830493298918e-09
 -8   -2.4642526875751027e-10  -1.2243179753753252e-08
 -7   -1.1766857000326299e-09  -5.1156820725029566e-08
 -6   -5.8112865941717940e-09  -2.1653995207409642e-07
 -5   -3.0040878138842562e-08  -9.3252826472947335e-07
 -4   -1.6659412834130256e-07  -4.1337127303500653e-06
 -3   -1.0156154453038511e-06  -1.8860979165184181e-05
 -2   -7.9574589279051151e-06  -9.7835639590533138e-05
 -1   -1.2234846814126775e-05  -7.2268907797006247e-05
 +0   +9.9650397269893554e-01  +0.0000000000000000e+00
 +1   -1.2234846814126775e-05  +7.2268907797006247e-05
 +2   -7.9574589279051151e-06  +9.7835639590533138e-05
 +3   -1.0156154453038511e-06  +1.8860979165184181e-05
 +4   -1.6659412834130256e-07  +4.1337127303500653e-06
 +5   -3.0040878138842562e-08  +9.3252826472947335e-07
 +6   -5.8112865941717940e-09  +2.1653995207409642e-07
 +7   -1.1766857000326299e-09  +5.1156820725029566e-08
 +8   -2.4642526875751027e-10  +1.2243179753753252e-08
 +9   -5.2932511033642160e-11  +2.9581830493298918e-09
+10   -1.1598586118499557e-11  +7.2008715524233051e-10
+11   -2.5824558476549445e-12  +1.7632495494129338e-10
+12   -5.8260108187711799e-13  +4.3384864149005937e-11
+13   -1.3289484557257636e-13  +1.0717783432054411e-11
+14   -3.0589744365255335e-14  +2.6566423959837070e-12
+15   -7.1004115434318970e-15  +6.6046097397452803e-13
+16   -1.6611553812262845e-15  +1.6456842764773862e-13
+17   -3.7191038096107150e-16  +4.1123427349224331e-14
+18   -1.0200014306000852e-16  +1.0269273446210498e-14
+19   -2.7050454461875133e-17  +2.5957686573577662e-15
+20   -1.4802973661668806e-17  +6.1853647671641404e-16
+21   +6.1829999314042442e-18  +1.8036239116707916e-16
+22   -1.6703183485969314e-18  +2.2939460852775400e-17
+23   +2.9741844734088404e-17  +2.4268047531094655e-17
+24   -7.7994160887692444e-19  -1.3648668666998114e-17
+25   +4.6047050743179154e-18  +2.2586322441488628e-17
+26   -7.0107950654190106e-18  -5.8312727691070498e-18
+27   +5.3340399693709146e-18  +9.3647586188158390e-18
+28   -1.3380165388840248e-17  -1.3455268365002657e-17
+29   -8.2652776007318727e-19  +1.5705951682825837e-17
+30   -4.3356906165541610e-18  -2.8336052951655536e-17

