-30   -1.0839226509887573e-18  +1.5251949124122192e-17
-29   -5.7469839884420881e-18  -5.1181116998405357e-18
-28   -6.6496317125935285e-18  +1.8688618725586111e-18
-27   +7.8321334508211693e-18  -4.2481887398651172e-18
-26   -2.2524651681240113e-18  +5.2059106047028390e-18
-25   -4.6532358408994490e-18  -2.4321244886302848e-18
-24   -4.6155546634616764e-18  +5.7024701640721848e-18
-23   +9.7084834970758282e-18  -4.8825195032156479e-18
-22   -2.7923955446323392e-18  +8.9837943604692971e-18
-21   +2.5438952774274552e-20  -1.0762640176267799e-17
-20   +1.1102230246251568e-17  +2.1212849282947302e-17
-19   -6.8421819904439632e-18  -8.3030232324291287e-19
-18   -5.9973496224004632e-17  +6.4066210391775951e-18
-17   -2.0218566937222511e-16  -8.4045623023788614e-18
-16   -8.3486132542534629e-16  +2.7976426925348970e-17
-15   -3.5608145582023433e-15  +7.2314613594591511e-17
-14   -1.5351139781580482e-14  +3.6602526834898879e-16
-13   -6.6676226513058545e-14  +1.6400077361898770e-15
-12   -2.9242453329757466e-13  +7.8397209399267552e-15
-11   -1.2965749744809402e-12  +3.7899502890621043e-14
-10   -5.8250685537994158e-12  +1.8732325703650411e-13
 -9   -2.6591963378612326e-11  +9.4995555276250878e-13
 -8   -1.2383568201669091e-10  +4.9761376899518293e-12
 -7   -5.9149943404732072e-10  +2.7159667751782671e-11
 -6   -2.9221391660675493e-09  +1.5651310321539357e-10
 -5   -1.5110553743145205e-08  +9.7105025778546544e-10
 -4   -8.3825017088563455e-08  +6.7324350568388506e-09
 -3   -5.1124624824400184e-07  +5.4736064455622445e-08
 -2   -4.0066864337834829e-06  +6.4338864251816271e-07
 -1   -6.1607876822696872e-06  +1.9784838452465225e-06
 +0   -5.0175414682529018e-01  +0.0000000000000000e+00
 +1   -6.1607876822696872e-06  -1.9784838452465225e-06
 +2   -4.0066864337834829e-06  -6.4338864251816271e-07
 +3   -5.1124624824400184e-07  -5.4736064455622445e-08
 +4   -8.3825017088563455e-08  -6.7324350568388506e-09
 +5   -1.5110553743145205e-08  -9.7105025778546544e-10
 +6   -2.9221391660675493e-09  -1.5651310321539357e-10
 +7   -5.9149943404732072e-10  -2.7159667751782671e-11
 +8   -1.2383568201669091e-10  -4.9761376899518293e-12
 +9   -2.6591963378612326e-11  -9.4995555276250878e-13
+10   -5.8250685537994158e-12  -1.8732325703650411e-13
+11   -1.2965749744809402e-12  -3.7899502890621043e-14
+12   -2.9242453329757466e-13  -7.8397209399267552e-15
+13   -6.6676226513058545e-14  -1.6400077361898770e-15
+14   -1.5351139781580482e-14  -3.6602526834898879e-16
+15   -3.5608145582023433e-15  -7.2314613594591511e-17
+16   -8.3486132542534629e-16  -2.7976426925348970e-17
+17   -2.0218566937222511e-16  +8.4045623023788614e-18
+18   -5.9973496224004632e-17  -6.4066210391775951e-18
+19   -6.8421819904439632e-18  +8.3030232324291287e-19
+20   +1.1102230246251568e-17  -2.1212849282947302e-17
+21   +2.5438952774274552e-20  +1.0762640176267799e-17
+22   -2.7923955446323392e-18  -8.9837943604692971e-18
+23   +9.7084834970758282e-18  +4.8825195032156479e-18
+24   -4.6155546634616764e-18  -5.7024701640721848e-18
+25   -4.6532358408994490e-18  +2.4321244886302848e-18
+26   -2.2524651681240113e-18  -5.2059106047028390e-18
+27   +7.8321334508211693e-18  +4.2481887398651172e-18
+28   -6.6496317125935285e-18  -1.8688618725586111e-18
+29   -5.7469839884420881e-18  +5.1181116998405357e-18
+30   -1.0839226509887573e-18  -1.5251949124122192e-17

