-30   +5.2801345134456275e-18  -1.3831294757952353e-17
-29   -4.5912022379573765e-18  +6.7362866037433609e-18
-28   -1.1391383512240502e-18  -3.5380031034194999e-18
-27   -6.8724381720773100e-19  +8.6233465165832157e-18
-26   +4.4939530592989500e-18  -1.5860652701379487e-17
-25   +3.1301366277297084e-18  +1.0754765837174107e-17
-24   +3.3596497247823345e-17  -1.9162914237026951e-17
-23   +1.2398700896346526e-16  -2.9510692754832212e-17
-22   +4.8773706924358154e-16  -1.7243865739083242e-16
-21   +1.8283380585351855e-15  -6.0542023186742974e-16
-20   +6.9936082015300028e-15  -2.3794982188552619e-15
-19   +2.6549254315040251e-14  -9.0143515465031799e-15
-18   +1.0084748877322531e-13  -3.4420767899024315e-14
-17   +3.8260550728114698e-13  -1.3112825835431900e-13
-16   +1.4502430458303752e-12  -4.9972451209452054e-13
-15   +5.4914462715445562e-12  -1.9034050722592883e-12
-14   +2.0770997949610252e-11  -7.2480147392231374e-12
-13   +7.8471616259159490e-11  -2.7593309365011355e-11
-12   +2.9608190340511315e-10  -1.0503856735982008e-10
-11   +1.1156122570037599e-09  -3.9988894232287183e-10
-10   +4.1973751700818169e-09  -1.5230476823530731e-09
 -9   +1.5767930686658988e-08  -5.8061316747716471e-09
 -8   +5.9142220821781140e-08  -2.2172308861394491e-08
 -7   +2.2150411333166076e-07  -8.4928209403981573e-08
 -6   +8.2871270963705914e-07  -3.2706880045565822e-07
 -5   +3.0990912574078019e-06  -1.2710749439312958e-06
 -4   +1.1624212992415816e-05  -5.0329596632282608e-06
 -3   +4.3609023863880953e-05  -2.0412952893558994e-05
 -2   +1.7308111909297030e-04  -9.2641262002353741e-05
 -1   +2.8640771049421400e-05  -3.3996427065071069e-05
 +0   -1.9642069927265798e-01  +0.0000000000000000e+00
 +1   +2.8640771049421400e-05  +3.3996427065071069e-05
 +2   +1.7308111909297030e-04  +9.2641262002353741e-05
 +3   +4.3609023863880953e-05  +2.0412952893558994e-05
 +4   +1.1624212992415816e-05  +5.0329596632282608e-06
 +5   +3.0990912574078019e-06  +1.2710749439312958e-06
 +6   +8.2871270963705914e-07  +3.2706880045565822e-07
 +7   +2.2150411333166076e-07  +8.4928209403981573e-08
 +8   +5.9142220821781140e-08  +2.2172308861394491e-08
 +9   +1.5767930686658988e-08  +5.8061316747716471e-09
+10   +4.1973751700818169e-09  +1.5230476823530731e-09
+11   +1.1156122570037599e-09  +3.9988894232287183e-10
+12   +2.9608190340511315e-10  +1.0503856735982008e-10
+13   +7.8471616259159490e-11  +2.7593309365011355e-11
+14   +2.0770997949610252e-11  +7.2480147392231374e-12
+15   +5.4914462715445562e-12  +1.9034050722592883e-12
+16   +1.4502430458303752e-12  +4.9972451209452054e-13
+17   +3.8260550728114698e-13  +1.3112825835431900e-13
+18   +1.0084748877322531e-13  +3.4420767899024315e-14
+19   +2.6549254315040251e-14  +9.0143515465031799e-15
+20   +6.9936082015300028e-15  +2.3794982188552619e-15
+21   +1.8283380585351855e-15  +6.0542023186742974e-16
+22   +4.8773706924358154e-16  +1.7243865739083242e-16
+23   +1.2398700896346526e-16  +2.9510692754832212e-17
+24   +3.3596497247823345e-17  +1.9162914237026951e-17
+25   +3.1301366277297084e-18  -1.0754765837174107e-17
+26   +4.4939530592989500e-18  +1.5860652701379487e-17
+27   -6.8724381720773100e-19  -8.6233465165832157e-18
+28   -1.1391383512240502e-18  +3.5380031034194999e-18
+29   -4.5912022379573765e-18  -6.7362866037433609e-18
+30   +5.2801345134456275e-18  +1.3831294757952353e-17

