-30   -2.0036615358105846e-17  -8.2994377620940577e-18
-29   +4.9905883702624630e-18  -1.3729421957726847e-17
-28   +6.7301141256089894e-18  +2.6547247148396067e-17
-27   +2.6735053307746846e-18  -5.9351369821954376e-18
-26   -4.9222064227020119e-18  +1.4572702855713430e-17
-25   +1.5553806629794883e-17  -1.4808583130988449e-17
-24   -2.1739956277854760e-17  -8.7668575511613636e-18
-23   -2.6190890578366130e-17  -1.3402282298753385e-16
-22   -1.5532187746695963e-16  -4.4529566511794728e-16
-21   -5.8426460202852674e-16  -1.7693410216918888e-15
-20   -2.2477458432201273e-15  -6.6435831588669220e-15
-19   -8.5207998898254416e-15  -2.5291698025658580e-14
-18   -3.2452413833022914e-14  -9.5683893437962223e-14
-17   -1.2325122365157709e-13  -3.6221969816001430e-13
-16   -4.6791199758289082e-13  -1.3690371776201178e-12
-15   -1.7750027280749597e-12  -5.1681480683019281e-12
-14   -6.7277251133545297e-12  -1.9481423107085821e-11
-13   -2.5477397194550103e-11  -7.3320313199791924e-11
-12   -9.6394707846610529e-11  -2.7546817645647240e-10
-11   -3.6438828113461388e-10  -1.0329681118455517e-09
-10   -1.3762974420122941e-09  -3.8653531789171062e-09
 -9   -5.1946502449000681e-09  -1.4431066609104102e-08
 -8   -1.9598628791007733e-08  -5.3746908105219229e-08
 -7   -7.3955441175127041e-08  -1.9968096204803703e-07
 -6   -2.7946559609029743e-07  -7.4028788371569225e-07
 -5   -1.0598240451765048e-06  -2.7408441086753212e-06
 -4   -4.0602717990382992e-06  -1.0179616748988538e-05
 -3   -1.5790919720325397e-05  -3.7928665756096966e-05
 -2   -6.7683929778713096e-05  -1.5253612711329151e-04
 -1   -1.4943919695402374e-05  -2.6622068663059068e-05
 +0   +9.6490938375557711e-01  +0.0000000000000000e+00
 +1   -1.4943919695402374e-05  +2.6622068663059068e-05
 +2   -6.7683929778713096e-05  +1.5253612711329151e-04
 +3   -1.5790919720325397e-05  +3.7928665756096966e-05
 +4   -4.0602717990382992e-06  +1.0179616748988538e-05
 +5   -1.0598240451765048e-06  +2.7408441086753212e-06
 +6   -2.7946559609029743e-07  +7.4028788371569225e-07
 +7   -7.3955441175127041e-08  +1.9968096204803703e-07
 +8   -1.9598628791007733e-08  +5.3746908105219229e-08
 +9   -5.1946502449000681e-09  +1.4431066609104102e-08
+10   -1.3762974420122941e-09  +3.8653531789171062e-09
+11   -3.6438828113461388e-10  +1.0329681118455517e-09
+12   -9.6394707846610529e-11  +2.7546817645647240e-10
+13   -2.5477397194550103e-11  +7.3320313199791924e-11
+14   -6.7277251133545297e-12  +1.9481423107085821e-11
+15   -1.7750027280749597e-12  +5.1681480683019281e-12
+16   -4.6791199758289082e-13  +1.3690371776201178e-12
+17   -1.2325122365157709e-13  +3.6221969816001430e-13
+18   -3.2452413833022914e-14  +9.5683893437962223e-14
+19   -8.5207998898254416e-15  +2.5291698025658580e-14
+20   -2.2477458432201273e-15  +6.6435831588669220e-15
+21   -5.8426460202852674e-16  +1.7693410216918888e-15
+22   -1.5532187746695963e-16  +4.4529566511794728e-16
+23   -2.6190890578366130e-17  +1.3402282298753385e-16
+24   -2.1739956277854760e-17  +8.7668575511613636e-18
+25   +1.5553806629794883e-17  +1.4808583130988449e-17
+26   -4.9222064227020119e-18  -1.4572702855713430e-17
+27   +2.6735053307746846e-18  +5.9351369821954376e-18
+28   +6.7301141256089894e-18  -2.6547247148396067e-17
+29   +4.9905883702624630e-18  +1.3729421957726847e-17
+30   -2.0036615358105846e-17  +8.2994377620940577e-18

