-30   +7.6644905545480589e-19  -1.3084103818513435e-18
-29   -1.3724547426767706e-18  +3.5156921513664509e-19
-28   -9.2350115512268151e-20  +7.3246062843388910e-19
-27   +3.4958010979957002e-19  +7.2940858680344238e-19
-26   +2.3268345695701046e-18  +3.6457622720012907e-19
-25   -1.2583770406945552e-18  -2.2025578170285435e-18
-24   -2.5211809312556653e-18  +1.5507738415261348e-19
-23   -1.2533896833515054e-19  +1.8163503528008883e-18
-22   -1.8264213750532469e-18  -1.2211012158328799e-18
-21   -2.9603096722174024e-18  -6.2116982239072333e-18
-20   -1.1531610495327950e-17  -2.7374822101836891e-17
-19   -3.4973561511081625e-17  -1.1406617072580720e-16
-18   -1.5935382196403544e-16  -4.5357628241841220e-16
-17   -6.4550724073632683e-16  -1.8354958132489307e-15
-16   -2.6145617776641467e-15  -7.3909367218967111e-15
-15   -1.0646596878695227e-14  -2.9869231776609330e-14
-14   -4.3533074749348068e-14  -1.2113131396392221e-13
-13   -1.7895075718505139e-13  -4.9320520549998017e-13
-12   -7.4026394049566212e-13  -2.0178177609939589e-12
-11   -3.0854965856825127e-12  -8.3031775594305751e-12
-10   -1.2981468271723357e-11  -3.4409041907664707e-11
 -9   -5.5263529851496989e-11  -1.4385786182909366e-10
 -8   -2.3887201903866189e-10  -6.0828343505835303e-10
 -7   -1.0536236293727125e-09  -2.6107100751440874e-09
 -6   -4.7798239464221036e-09  -1.1437710417035508e-08
 -5   -2.2577860281879860e-08  -5.1604944741895234e-08
 -4   -1.1376253988460367e-07  -2.4402724707187664e-07
 -3   -6.3240381824788711e-07  -1.2395503888744281e-06
 -2   -4.5216932244568509e-06  -7.6463878657473673e-06
 -1   -3.4217732533054332e-06  -3.1051016257627028e-06
 +0   +1.7361621557091417e-01  +0.0000000000000000e+00
 +1   -3.4217732533054332e-06  +3.1051016257627028e-06
 +2   -4.5216932244568509e-06  +7.6463878657473673e-06
 +3   -6.3240381824788711e-07  +1.2395503888744281e-06
 +4   -1.1376253988460367e-07  +2.4402724707187664e-07
 +5   -2.2577860281879860e-08  +5.1604944741895234e-08
 +6   -4.7798239464221036e-09  +1.1437710417035508e-08
 +7   -1.0536236293727125e-09  +2.6107100751440874e-09
 +8   -2.3887201903866189e-10  +6.0828343505835303e-10
 +9   -5.5263529851496989e-11  +1.4385786182909366e-10
+10   -1.2981468271723357e-11  +3.4409041907664707e-11
+11   -3.0854965856825127e-12  +8.3031775594305751e-12
+12   -7.4026394049566212e-13  +2.0178177609939589e-12
+13   -1.7895075718505139e-13  +4.9320520549998017e-13
+14   -4.3533074749348068e-14  +1.2113131396392221e-13
+15   -1.0646596878695227e-14  +2.9869231776609330e-14
+16   -2.6145617776641467e-15  +7.3909367218967111e-15
+17   -6.4550724073632683e-16  +1.8354958132489307e-15
+18   -1.5935382196403544e-16  +4.5357628241841220e-16
+19   -3.4973561511081625e-17  +1.1406617072580720e-16
+20   -1.1531610495327950e-17  +2.7374822101836891e-17
+21   -2.9603096722174024e-18  +6.2116982239072333e-18
+22   -1.8264213750532469e-18  +1.2211012158328799e-18
+23   -1.2533896833515054e-19  -1.8163503528008883e-18
+24   -2.5211809312556653e-18  -1.5507738415261348e-19
+25   -1.2583770406945552e-18  +2.2025578170285435e-18
+26   +2.3268345695701046e-18  -3.6457622720012907e-19
+27   +3.4958010979957002e-19  -7.2940858680344238e-19
+28   -9.2350115512268151e-20  -7.3246062843388910e-19
+29   -1.3724547426767706e-18  -3.5156921513664509e-19
+30   +7.6644905545480589e-19  +1.3084103818513435e-18

