-30   +5.2336415282162867e-18  +1.5700924585758348e-17
-29   +1.6701111635913814e-18  -3.9996353320729938e-18
-28   -9.1042751638323277e-18  +9.1575793770102444e-18
-27   -7.0630637176429635e-19  -4.1772284508057568e-18
-26   -4.7238577906457617e-18  +1.0644771610355291e-17
-25   +1.2621089669796347e-17  -6.9583902232196826e-18
-24   -3.0525181023600344e-18  +4.8271972226906533e-18
-23   +9.6256479055129189e-18  -5.0611395770060385e-19
-22   -2.7348698905885369e-18  +2.0352492074711763e-17
-21   -7.3147579264468752e-18  -4.8643952817181377e-18
-20   -1.7512105867530108e-17  +2.2930370279252827e-17
-19   -1.0276475080174250e-16  +2.9930688026407751e-17
-18   -4.4127647668591826e-16  +1.5827751132505012e-16
-17   -1.7375305511111021e-15  +6.0234776527970880e-16
-16   -6.9807673563019003e-15  +2.4715220544807153e-15
-15   -2.8136848014376425e-14  +9.9321481042573196e-15
-14   -1.1368285190497162e-13  +4.0464623969609789e-14
-13   -4.6119419913255378e-13  +1.6546004957385975e-13
-12   -1.8790421928415480e-12  +6.8053245590054298e-13
-11   -7.6961335015655757e-12  +2.8173292239767457e-12
-10   -3.1725965904997390e-11  +1.1760223548903433e-11
 -9   -1.3185123280058252e-10  +4.9599235396424874e-11
 -8   -5.5374820098158310e-10  +2.1199906553209645e-10
 -7   -2.3584426235389662e-09  +9.2240728130991309e-10
 -6   -1.0243795573266631e-08  +4.1142317969434873e-09
 -5   -4.5787862190882417e-08  +1.9025805887767875e-08
 -4   -2.1457183754282897e-07  +9.3290757464134658e-08
 -3   -1.0834761178067063e-06  +5.0268114636026437e-07
 -2   -6.7649512321411349e-06  +3.4815291494585241e-06
 -1   -2.7258323220410201e-06  +1.9382141901349857e-06
 +0   -5.5352537056662821e-01  +0.0000000000000000e+00
 +1   -2.7258323220410201e-06  -1.9382141901349857e-06
 +2   -6.7649512321411349e-06  -3.4815291494585241e-06
 +3   -1.0834761178067063e-06  -5.0268114636026437e-07
 +4   -2.1457183754282897e-07  -9.3290757464134658e-08
 +5   -4.5787862190882417e-08  -1.9025805887767875e-08
 +6   -1.0243795573266631e-08  -4.1142317969434873e-09
 +7   -2.3584426235389662e-09  -9.2240728130991309e-10
 +8   -5.5374820098158310e-10  -2.1199906553209645e-10
 +9   -1.3185123280058252e-10  -4.9599235396424874e-11
+10   -3.1725965904997390e-11  -1.1760223548903433e-11
+11   -7.6961335015655757e-12  -2.8173292239767457e-12
+12   -1.8790421928415480e-12  -6.8053245590054298e-13
+13   -4.6119419913255378e-13  -1.6546004957385975e-13
+14   -1.1368285190497162e-13  -4.0464623969609789e-14
+15   -2.8136848014376425e-14  -9.9321481042573196e-15
+16   -6.9807673563019003e-15  -2.4715220544807153e-15
+17   -1.7375305511111021e-15  -6.0234776527970880e-16
+18   -4.4127647668591826e-16  -1.5827751132505012e-16
+19   -1.0276475080174250e-16  -2.9930688026407751e-17
+20   -1.7512105867530108e-17  -2.2930370279252827e-17
+21   -7.3147579264468752e-18  +4.8643952817181377e-18
+22   -2.7348698905885369e-18  -2.0352492074711763e-17
+23   +9.6256479055129189e-18  +5.0611395770060385e-19
+24   -3.0525181023600344e-18  -4.8271972226906533e-18
+25   +1.2621089669796347e-17  +6.9583902232196826e-18
+26   -4.7238577906457617e-18  -1.0644771610355291e-17
+27   -7.0630637176429635e-19  +4.1772284508057568e-18
+28   -9.1042751638323277e-18  -9.1575793770102444e-18
+29   +1.6701111635913814e-18  +3.9996353320729938e-18
+30   +5.2336415282162867e-18  -1.5700924585758348e-17

