-30   -4.6412582506756739e-16  +1.0878271179824605e-15
-29   +4.5756197795016547e-16  -1.1588373223204280e-15
-28   -4.6033923120219339e-16  +1.2015868855462042e-15
-27   +4.6936263308327569e-16  -1.2452256912885320e-15
-26   -4.8144557508835723e-16  +1.2841325798216748e-15
-25   +4.5838737194444344e-16  -1.3551056125578790e-15
-24   -4.5169341268639050e-16  +1.3960710335481226e-15
-23   +5.0571287987438974e-16  -1.5916546969731230e-15
-22   -2.5364191311977470e-16  +1.1628400753336789e-15
-21   +1.1879986588214649e-15  -3.0932346277644687e-15
-20   +2.3521446866163574e-15  -3.9257195894293438e-15
-19   +1.1175206959532640e-14  -2.3195656257829851e-14
-18   +4.0193265719326441e-14  -7.9482957235401153e-14
-17   +1.5450070377590193e-13  -3.1190199644492475e-13
-16   +5.8229418055434608e-13  -1.1770115011091976e-12
-15   +2.2024338916490577e-12  -4.4869805195783116e-12
-14   +8.3081238079192326e-12  -1.7045292112549708e-11
-13   +3.1300683004873507e-11  -6.4776593083780652e-11
-12   +1.1770208032526895e-10  -2.4601143039890363e-10
-11   +4.4170323604736371e-10  -9.3412482526644704e-10
-10   +1.6536444130141482e-09  -3.5466752651450820e-09
 -9   +6.1736685389332579e-09  -1.3470043456794671e-08
 -8   +2.2971794283617256e-08  -5.1204102978435126e-08
 -7   +8.5123557829812525e-08  -1.9501050103922214e-07
 -6   +3.1376536068850701e-07  -7.4548411292934429e-07
 -5   +1.1476742833166322e-06  -2.8685642426956737e-06
 -4   +4.1518039877515020e-06  -1.1199985123435321e-05
 -3   +1.4558387535101420e-05  -4.4434493794375386e-05
 -2   +4.8843234349151575e-05  -1.9388137197239984e-04
 -1   -3.5859660447163998e-06  -7.0724208500082646e-05
 +0   -1.2721739595483850e+00  +0.0000000000000000e+00
 +1   -3.5859660447163998e-06  +7.0724208500082646e-05
 +2   +4.8843234349151575e-05  +1.9388137197239984e-04
 +3   +1.4558387535101420e-05  +4.4434493794375386e-05
 +4   +4.1518039877515020e-06  +1.1199985123435321e-05
 +5   +1.1476742833166322e-06  +2.8685642426956737e-06
 +6   +3.1376536068850701e-07  +7.4548411292934429e-07
 +7   +8.5123557829812525e-08  +1.9501050103922214e-07
 +8   +2.2971794283617256e-08  +5.1204102978435126e-08
 +9   +6.1736685389332579e-09  +1.3470043456794671e-08
+10   +1.6536444130141482e-09  +3.5466752651450820e-09
+11   +4.4170323604736371e-10  +9.3412482526644704e-10
+12   +1.1770208032526895e-10  +2.4601143039890363e-10
+13   +3.1300683004873507e-11  +6.4776593083780652e-11
+14   +8.3081238079192326e-12  +1.7045292112549708e-11
+15   +2.2024338916490577e-12  +4.4869805195783116e-12
+16   +5.8229418055434608e-13  +1.1770115011091976e-12
+17   +1.5450070377590193e-13  +3.1190199644492475e-13
+18   +4.0193265719326441e-14  +7.9482957235401153e-14
+19   +1.1175206959532640e-14  +2.3195656257829851e-14
+20   +2.3521446866163574e-15  +3.9257195894293438e-15
+21   +1.1879986588214649e-15  +3.0932346277644687e-15
+22   -2.5364191311977470e-16  -1.1628400753336789e-15
+23   +5.0571287987438974e-16  +1.5916546969731230e-15
+24   -4.5169341268639050e-16  -1.3960710335481226e-15
+25   +4.5838737194444344e-16  +1.3551056125578790e-15
+26   -4.8144557508835723e-16  -1.2841325798216748e-15
+27   +4.6936263308327569e-16  +1.2452256912885320e-15
+28   -4.6033923120219339e-16  -1.2015868855462042e-15
+29   +4.5756197795016547e-16  +1.1588373223204280e-15
+30   -4.6412582506756739e-16  -1.0878271179824605e-15

