-30   +4.9147094040533047e-17  -1.1826835676785575e-16
-29   -5.2024700886826808e-17  +1.2383834366338118e-16
-28   +4.7726080278273332e-17  -1.3041470605855238e-16
-27   -4.9581352288046269e-17  +1.3623381669338470e-16
-26   +4.9738194907791417e-17  -1.3650727403109816e-16
-25   -5.7343125620306354e-17  +1.4272640019505970e-16
-24   +2.2571952954900261e-17  -1.6504471461110210e-16
-23   -1.4741056168248124e-16  +1.1327211642976459e-16
-22   -3.1692654491067421e-16  -3.5399380068346871e-16
-21   -1.4469790530266320e-15  -5.3750470382085479e-16
-20   -5.2693703935021044e-15  -2.8786726909300211e-15
-19   -2.0250658808988064e-14  -1.0009374155967724e-14
-18   -7.6681299806921902e-14  -3.8802194616761469e-14
-17   -2.9121092115642572e-13  -1.4561497592066032e-13
-16   -1.1038203358496299e-12  -5.5046531710730210e-13
-15   -4.1809887385760364e-12  -2.0725784641151028e-12
-14   -1.5818632340922924e-11  -7.7953325522933586e-12
-13   -5.9782104920012494e-11  -2.9256109513016337e-11
-12   -2.2565257192158400e-10  -1.0955979612601138e-10
-11   -8.5063688796934105e-10  -4.0922966720693767e-10
-10   -3.2022354001175449e-09  -1.5240591360533944e-09
 -9   -1.2037926044517457e-08  -5.6563901120137088e-09
 -8   -4.5191380353486972e-08  -2.0908085884107680e-08
 -7   -1.6944806929647792e-07  -7.6908976134091188e-08
 -6   -6.3494194153961011e-07  -2.8126054614091747e-07
 -5   -2.3797650420046457e-06  -1.0208816179629030e-06
 -4   -8.9572541447822090e-06  -3.6750297852582840e-06
 -3   -3.3808893732931533e-05  -1.2948643322652760e-05
 -2   -1.3600574253825240e-04  -4.5932072457605474e-05
 -1   -2.4441145944250014e-05  -3.3586377685862736e-06
 +0   +1.4897978241432980e-01  +0.0000000000000000e+00
 +1   -2.4441145944250014e-05  +3.3586377685862736e-06
 +2   -1.3600574253825240e-04  +4.5932072457605474e-05
 +3   -3.3808893732931533e-05  +1.2948643322652760e-05
 +4   -8.9572541447822090e-06  +3.6750297852582840e-06
 +5   -2.3797650420046457e-06  +1.0208816179629030e-06
 +6   -6.3494194153961011e-07  +2.8126054614091747e-07
 +7   -1.6944806929647792e-07  +7.6908976134091188e-08
 +8   -4.5191380353486972e-08  +2.0908085884107680e-08
 +9   -1.2037926044517457e-08  +5.6563901120137088e-09
+10   -3.2022354001175449e-09  +1.5240591360533944e-09
+11   -8.5063688796934105e-10  +4.0922966720693767e-10
+12   -2.2565257192158400e-10  +1.0955979612601138e-10
+13   -5.9782104920012494e-11  +2.9256109513016337e-11
+14   -1.5818632340922924e-11  +7.7953325522933586e-12
+15   -4.1809887385760364e-12  +2.0725784641151028e-12
+16   -1.1038203358496299e-12  +5.5046531710730210e-13
+17   -2.9121092115642572e-13  +1.4561497592066032e-13
+18   -7.6681299806921902e-14  +3.8802194616761469e-14
+19   -2.0250658808988064e-14  +1.0009374155967724e-14
+20   -5.2693703935021044e-15  +2.8786726909300211e-15
+21   -1.4469790530266320e-15  +5.3750470382085479e-16
+22   -3.1692654491067421e-16  +3.5399380068346871e-16
+23   -1.4741056168248124e-16  -1.1327211642976459e-16
+24   +2.2571952954900261e-17  +1.6504471461110210e-16
+25   -5.7343125620306354e-17  -1.4272640019505970e-16
+26   +4.9738194907791417e-17  +1.3650727403109816e-16
+27   -4.9581352288046269e-17  -1.3623381669338470e-16
+28   +4.7726080278273332e-17  +1.3041470605855238e-16
+29   -5.2024700886826808e-17  -1.2383834366338118e-16
+30   +4.9147094040533047e-17  +1.1826835676785575e-16

