-30   +1.4216114789811329e-16  -3.5214175624620481e-16
-29   -1.4897318126406803e-16  +3.6673200101808498e-16
-28   +1.4773414030214177e-16  -3.8657704414252713e-16
-27   -1.4769639502494861e-16  +4.0008224646223620e-16
-26   +1.4821517558458042e-16  -4.1807630797634208e-16
-25   -1.3971575668802947e-16  +4.3299935206197044e-16
-24   +1.4669979796617561e-16  -4.5683443887951702e-16
-23   -1.5105587260310105e-16  +4.8238737917726365e-16
-22   +1.4357981939495903e-16  -5.0130120917373403e-16
-21   -1.4854632780777898e-16  +5.2308198577188319e-16
-20   +1.2139862292201747e-16  -5.7637647957332560e-16
-19   -2.3388903735225135e-16  +5.3553138340499148e-16
-18   -2.2283212252179783e-16  -7.8616526551534683e-16
-17   -1.6336458608832883e-15  -6.5804312267493569e-17
-16   -5.8767671807892900e-15  -3.5758149442970870e-15
-15   -2.4594888957905056e-14  -1.0858291485876525e-14
-14   -9.9516277567658548e-14  -4.7602388106594893e-14
-13   -4.0828055201261037e-13  -1.8861241283554631e-13
-12   -1.6807027531236653e-12  -7.7065541301579714e-13
-11   -6.9702026115632889e-12  -3.1397083410849616e-12
-10   -2.9147453944754166e-11  -1.2881742034935636e-11
 -9   -1.2318686803287099e-10  -5.3148963370467547e-11
 -8   -5.2776466184367828e-10  -2.2095118780049289e-10
 -7   -2.3022233624278479e-09  -9.2684050787368847e-10
 -6   -1.0296059072578578e-08  -3.9311368765654318e-09
 -5   -4.7709033945077753e-08  -1.6886736259585009e-08
 -4   -2.3390040141569370e-07  -7.3511519515543115e-08
 -3   -1.2447524046386970e-06  -3.1689045846354883e-07
 -2   -8.1998103612750405e-06  -1.2036219604043981e-06
 -1   -5.6192074746619056e-06  +1.4448362154263236e-06
 +0   +4.1983395184893174e-01  +0.0000000000000000e+00
 +1   -5.6192074746619056e-06  -1.4448362154263236e-06
 +2   -8.1998103612750405e-06  +1.2036219604043981e-06
 +3   -1.2447524046386970e-06  +3.1689045846354883e-07
 +4   -2.3390040141569370e-07  +7.3511519515543115e-08
 +5   -4.7709033945077753e-08  +1.6886736259585009e-08
 +6   -1.0296059072578578e-08  +3.9311368765654318e-09
 +7   -2.3022233624278479e-09  +9.2684050787368847e-10
 +8   -5.2776466184367828e-10  +2.2095118780049289e-10
 +9   -1.2318686803287099e-10  +5.3148963370467547e-11
+10   -2.9147453944754166e-11  +1.2881742034935636e-11
+11   -6.9702026115632889e-12  +3.1397083410849616e-12
+12   -1.6807027531236653e-12  +7.7065541301579714e-13
+13   -4.0828055201261037e-13  +1.8861241283554631e-13
+14   -9.9516277567658548e-14  +4.7602388106594893e-14
+15   -2.4594888957905056e-14  +1.0858291485876525e-14
+16   -5.8767671807892900e-15  +3.5758149442970870e-15
+17   -1.6336458608832883e-15  +6.5804312267493569e-17
+18   -2.2283212252179783e-16  +7.8616526551534683e-16
+19   -2.3388903735225135e-16  -5.3553138340499148e-16
+20   +1.2139862292201747e-16  +5.7637647957332560e-16
+21   -1.4854632780777898e-16  -5.2308198577188319e-16
+22   +1.4357981939495903e-16  +5.0130120917373403e-16
+23   -1.5105587260310105e-16  -4.8238737917726365e-16
+24   +1.4669979796617561e-16  +4.5683443887951702e-16
+25   -1.3971575668802947e-16  -4.3299935206197044e-16
+26   +1.4821517558458042e-16  +4.1807630797634208e-16
+27   -1.4769639502494861e-16  -4.0008224646223620e-16
+28   +1.4773414030214177e-16  +3.8657704414252713e-16
+29   -1.4897318126406803e-16  -3.6673200101808498e-16
+30   +1.4216114789811329e-16  +3.5214175624620481e-16

