-30   -7.7715611723262997e-17  +1.9655646877497236e-16
-29   +8.1960542091649548e-17  -2.1036415525778517e-16
-28   -8.4089233796885360e-17  +2.1841706772290253e-16
-27   +8.5026745084272955e-17  -2.2467120271099943e-16
-26   -8.2836491424674312e-17  +2.3601686313439603e-16
-25   +8.5085398609712411e-17  -2.4324012745378671e-16
-24   -8.1657103775170181e-17  +2.5458603025009739e-16
-23   +8.3427775808396565e-17  -2.6590675270854446e-16
-22   -8.4723974562396902e-17  +2.8728854427450212e-16
-21   +8.1060654495721305e-17  -2.8901840747467905e-16
-20   -9.0172408072943184e-17  +3.3011813274777950e-16
-19   +4.1944163661766838e-17  -2.3863568519329262e-16
-18   -2.5420093793939528e-16  +6.9400323721370832e-16
-17   -5.9721927535813536e-16  +1.0342541603788150e-15
-16   -2.8092617794292630e-15  +6.0379505977969538e-15
-15   -1.0846751969461126e-14  +2.2399391974876901e-14
-14   -4.4040253194263794e-14  +9.3010702658261056e-14
-13   -1.7722246625551535e-13  +3.7660038729039342e-13
-12   -7.1759755697492343e-13  +1.5442425035029052e-12
-11   -2.9148162634301232e-12  +6.3562371266029084e-12
-10   -1.1896824916295846e-11  +2.6366055837504818e-11
 -9   -4.8828722227306718e-11  +1.1033946307520184e-10
 -8   -2.0180924076036714e-10  +4.6713003618975246e-10
 -7   -8.4139532864729427e-10  +2.0079155608642576e-09
 -6   -3.5479262222066799e-09  +8.8136107536424364e-09
 -5   -1.5179325857637116e-08  +3.9863208635203220e-08
 -4   -6.6270593134304820e-08  +1.8910968245412487e-07
 -3   -2.9293221476252738e-07  +9.6433800246465392e-07
 -2   -1.3066520541633326e-06  +5.9609692306167117e-06
 -1   +3.2063255650687043e-07  +2.3660217662605531e-06
 +0   -2.2890235417110735e-01  +0.0000000000000000e+00
 +1   +3.2063255650687043e-07  -2.3660217662605531e-06
 +2   -1.3066520541633326e-06  -5.9609692306167117e-06
 +3   -2.9293221476252738e-07  -9.6433800246465392e-07
 +4   -6.6270593134304820e-08  -1.8910968245412487e-07
 +5   -1.5179325857637116e-08  -3.9863208635203220e-08
 +6   -3.5479262222066799e-09  -8.8136107536424364e-09
 +7   -8.4139532864729427e-10  -2.0079155608642576e-09
 +8   -2.0180924076036714e-10  -4.6713003618975246e-10
 +9   -4.8828722227306718e-11  -1.1033946307520184e-10
+10   -1.1896824916295846e-11  -2.6366055837504818e-11
+11   -2.9148162634301232e-12  -6.3562371266029084e-12
+12   -7.1759755697492343e-13  -1.5442425035029052e-12
+13   -1.7722246625551535e-13  -3.7660038729039342e-13
+14   -4.4040253194263794e-14  -9.3010702658261056e-14
+15   -1.0846751969461126e-14  -2.2399391974876901e-14
+16   -2.8092617794292630e-15  -6.0379505977969538e-15
+17   -5.9721927535813536e-16  -1.0342541603788150e-15
+18   -2.5420093793939528e-16  -6.9400323721370832e-16
+19   +4.1944163661766838e-17  +2.3863568519329262e-16
+20   -9.0172408072943184e-17  -3.3011813274777950e-16
+21   +8.1060654495721305e-17  +2.8901840747467905e-16
+22   -8.4723974562396902e-17  -2.8728854427450212e-16
+23   +8.3427775808396565e-17  +2.6590675270854446e-16
+24   -8.1657103775170181e-17  -2.5458603025009739e-16
+25   +8.5085398609712411e-17  +2.4324012745378671e-16
+26   -8.2836491424674312e-17  -2.3601686313439603e-16
+27   +8.5026745084272955e-17  +2.2467120271099943e-16
+28   -8.4089233796885360e-17  -2.1841706772290253e-16
+29   +8.1960542091649548e-17  +2.1036415525778517e-16
+30   -7.7715611723262997e-17  -1.9655646877497236e-16

