-30   +1.7868769902534461e-17  -1.0467283059907073e-17
-29   -1.0790812625094879e-17  +9.6207243970635199e-18
-28   -7.0274513035503429e-19  -1.3656794958401747e-17
-27   -1.8808255672287712e-18  +1.3435668587324897e-18
-26   +9.3761855641094966e-19  -1.8133827858137270e-17
-25   -1.2169383511048833e-17  +1.3775794181266500e-17
-24   +2.9052031529304392e-18  -1.1452709524955866e-17
-23   +2.1588390673322575e-17  +2.4965600916166347e-17
-22   +6.6995681015654352e-18  +2.8356524518340079e-17
-21   +1.9279645599812809e-18  +1.7312649280193003e-16
-20   -1.4802973661668701e-17  +6.4814242403975154e-16
-19   -3.3386713965905620e-17  +2.5993495103330942e-15
-18   -9.4959427788509752e-17  +1.0266846535734561e-14
-17   -3.7818996599347658e-16  +4.1128104304376854e-14
-16   -1.6494010924918084e-15  +1.6457122167854054e-13
-15   -7.1120343376428668e-15  +6.6045144751915762e-13
-14   -3.0581853709736700e-14  +2.6566496229763921e-12
-13   -1.3289956235972581e-13  +1.0717782047251691e-11
-12   -5.8259021977565102e-13  +4.3384845510115384e-11
-11   -2.5824626062600122e-12  +1.7632496028493419e-10
-10   -1.1598590717193836e-11  +7.2008716503777861e-10
 -9   -5.2932519089333934e-11  +2.9581830459421087e-09
 -8   -2.4642526584160509e-10  +1.2243179751251714e-08
 -7   -1.1766857092325918e-09  +5.1156820733041472e-08
 -6   -5.8112865798734519e-09  +2.1653995208027613e-07
 -5   -3.0040878161741932e-08  +9.3252826472334899e-07
 -4   -1.6659412833457151e-07  +4.1337127303448018e-06
 -3   -1.0156154453113391e-06  +1.8860979165202233e-05
 -2   -7.9574589278991774e-06  +9.7835639590538031e-05
 -1   -1.2234846814136941e-05  +7.2268907796991163e-05
 +0   +9.9650397269893531e-01  +0.0000000000000000e+00
 +1   -1.2234846814136941e-05  -7.2268907796991163e-05
 +2   -7.9574589278991774e-06  -9.7835639590538031e-05
 +3   -1.0156154453113391e-06  -1.8860979165202233e-05
 +4   -1.6659412833457151e-07  -4.1337127303448018e-06
 +5   -3.0040878161741932e-08  -9.3252826472334899e-07
 +6   -5.8112865798734519e-09  -2.1653995208027613e-07
 +7   -1.1766857092325918e-09  -5.1156820733041472e-08
 +8   -2.4642526584160509e-10  -1.2243179751251714e-08
 +9   -5.2932519089333934e-11  -2.9581830459421087e-09
+10   -1.1598590717193836e-11  -7.2008716503777861e-10
+11   -2.5824626062600122e-12  -1.7632496028493419e-10
+12   -5.8259021977565102e-13  -4.3384845510115384e-11
+13   -1.3289956235972581e-13  -1.0717782047251691e-11
+14   -3.0581853709736700e-14  -2.6566496229763921e-12
+15   -7.1120343376428668e-15  -6.6045144751915762e-13
+16   -1.6494010924918084e-15  -1.6457122167854054e-13
+17   -3.7818996599347658e-16  -4.1128104304376854e-14
+18   -9.4959427788509752e-17  -1.0266846535734561e-14
+19   -3.3386713965905620e-17  -2.5993495103330942e-15
+20   -1.4802973661668701e-17  -6.4814242403975154e-16
+21   +1.9279645599812809e-18  -1.7312649280193003e-16
+22   +6.6995681015654352e-18  -2.8356524518340079e-17
+23   +2.1588390673322575e-17  -2.4965600916166347e-17
+24   +2.9052031529304392e-18  +1.1452709524955866e-17
+25   -1.2169383511048833e-17  -1.3775794181266500e-17
+26   +9.3761855641094966e-19  +1.8133827858137270e-17
+27   -1.8808255672287712e-18  -1.3435668587324897e-18
+28   -7.0274513035503429e-19  +1.3656794958401747e-17
+29   -1.0790812625094879e-17  -9.6207243970635199e-18
+30   +1.7868769902534461e-17  +1.0467283059907073e-17

