-30   -4.7846660662302587e-18  +4.7846660664849853e-18
-29   +7.7459979000356783e-18  -7.8118900451370643e-18
-28   -1.5992441886165244e-19  +2.9878309430533996e-18
-27   -5.5943401782284614e-18  -6.6497896003962924e-18
-26   +4.5720038669303908e-18  +4.7782473303934644e-18
-25   +4.5346033668212406e-18  +4.4587404261028429e-19
-24   +6.4818203845573013e-18  +1.4313123827589797e-18
-23   +4.5815017688602045e-18  -3.4960135126161616e-18
-22   -1.8744558831795055e-18  +8.3209901961267209e-18
-21   +3.7371696973287875e-18  -1.3298372936559725e-17
-20   +1.0110619036695736e-17  +1.7512105867530108e-17
-19   +1.1365116700681504e-17  -5.4793875162976485e-18
-18   +5.0569318139060867e-17  +1.1508962469225377e-17
-17   +2.0709013797639949e-16  -4.5945321745342892e-18
-16   +8.3073905726301606e-16  +2.3548106109983865e-17
-15   +3.5647281845454246e-15  +7.3717137147951842e-17
-14   +1.5349932547862471e-14  +3.6504991340916333e-16
-13   +6.6669029343995974e-14  +1.6384506222690295e-15
-12   +2.9242677420970582e-13  +7.8391309854887252e-15
-11   +1.2965782033878294e-12  +3.7896895170862273e-14
-10   +5.8250716979114991e-12  +1.8732901796935101e-13
 -9   +2.6591954527949004e-11  +9.4995130147969561e-13
 -8   +1.2383568369399239e-10  +4.9761342389544599e-12
 -7   +5.9149944136343432e-10  +2.7159666402449629e-11
 -6   +2.9221391579291268e-09  +1.5651310125239427e-10
 -5   +1.5110553734314341e-08  +9.7105025539007591e-10
 -4   +8.3825017076169524e-08  +6.7324350571927251e-09
 -3   +5.1124624824286555e-07  +5.4736064457381197e-08
 -2   +4.0066864337713772e-06  +6.4338864251698628e-07
 -1   +6.1607876822611262e-06  +1.9784838452459758e-06
 +0   +5.0175414682529029e-01  +0.0000000000000000e+00
 +1   +6.1607876822611262e-06  -1.9784838452459758e-06
 +2   +4.0066864337713772e-06  -6.4338864251698628e-07
 +3   +5.1124624824286555e-07  -5.4736064457381197e-08
 +4   +8.3825017076169524e-08  -6.7324350571927251e-09
 +5   +1.5110553734314341e-08  -9.7105025539007591e-10
 +6   +2.9221391579291268e-09  -1.5651310125239427e-10
 +7   +5.9149944136343432e-10  -2.7159666402449629e-11
 +8   +1.2383568369399239e-10  -4.9761342389544599e-12
 +9   +2.6591954527949004e-11  -9.4995130147969561e-13
+10   +5.8250716979114991e-12  -1.8732901796935101e-13
+11   +1.2965782033878294e-12  -3.7896895170862273e-14
+12   +2.9242677420970582e-13  -7.8391309854887252e-15
+13   +6.6669029343995974e-14  -1.6384506222690295e-15
+14   +1.5349932547862471e-14  -3.6504991340916333e-16
+15   +3.5647281845454246e-15  -7.3717137147951842e-17
+16   +8.3073905726301606e-16  -2.3548106109983865e-17
+17   +2.0709013797639949e-16  +4.5945321745342892e-18
+18   +5.0569318139060867e-17  -1.1508962469225377e-17
+19   +1.1365116700681504e-17  +5.4793875162976485e-18
+20   +1.0110619036695736e-17  -1.7512105867530108e-17
+21   +3.7371696973287875e-18  +1.3298372936559725e-17
+22   -1.8744558831795055e-18  -8.3209901961267209e-18
+23   +4.5815017688602045e-18  +3.4960135126161616e-18
+24   +6.4818203845573013e-18  -1.4313123827589797e-18
+25   +4.5346033668212406e-18  -4.4587404261028429e-19
+26   +4.5720038669303908e-18  -4.7782473303934644e-18
+27   -5.5943401782284614e-18  +6.6497896003962924e-18
+28   -1.5992441886165244e-19  -2.9878309430533996e-18
+29   +7.7459979000356783e-18  +7.8118900451370643e-18
+30   -4.7846660662302587e-18  -4.7846660664849853e-18

