-30   +6.6241438025825349e-17  +1.2635128359698304e-17
-29   +6.6205636098659773e-18  -1.9486257210243250e-18
-28   -1.8735938947476594e-16  -2.1773073290902151e-18
-27   -6.2531301636768495e-17  +3.5325532729015944e-18
-26   +1.2684803982470873e-17  -1.8883166598496769e-18
-25   -5.8074737335421130e-17  -4.7530056638605429e-18
-24   -2.3284741840012980e-17  +8.6792822149283407e-18
-23   +1.7389046467494419e-16  -1.0989239003187682e-18
-22   +1.1176729513576346e-16  -7.3472261145521893e-19
-21   -1.7828016161690086e-16  +2.9879089056706526e-18
-20   -1.9832224191116601e-18  +7.4014868308343768e-18
-19   +1.6610926118596669e-16  -2.0525854326189773e-18
-18   -1.3582061484151303e-16  +2.9799791610836073e-19
-17   -1.8061653896620522e-16  -1.9849548698723778e-19
-16   -8.0990670866835041e-16  +1.9837573634746289e-18
-15   -3.4913433370367780e-15  +2.5001357638660544e-18
-14   -1.5262698690049835e-14  -3.4222472243629352e-18
-13   -6.5720955626008682e-14  +3.1499889412202489e-18
-12   -2.8975851043212149e-13  +3.9017288755297218e-18
-11   -1.2911775179456207e-12  +7.2419281660108181e-20
-10   -5.8220467812859704e-12  -1.4550774113420121e-17
 -9   -2.7010054692594877e-11  -3.4777291156082599e-19
 -8   -1.2539532014204652e-10  -1.6596097399456088e-18
 -7   -6.5104911525779262e-10  -9.0781085615590311e-19
 -6   -3.0188840760318345e-09  -3.0313460433562352e-20
 -5   -2.4966656296201860e-08  -3.3815660704777487e-18
 -4   -9.0021706614602795e-08  +2.1960542355799479e-18
 -3   -2.9105592345503214e-06  +3.0964277591986080e-18
 -2   -4.8626699309567203e-06  -5.1214717778468265e-18
 -1   -1.5383455191086213e-03  +8.8850368035187091e-18
 +0   -1.0001948859216323e+00  +0.0000000000000000e+00
 +1   -1.5383455191086213e-03  -8.8850368035187091e-18
 +2   -4.8626699309567203e-06  +5.1214717778468265e-18
 +3   -2.9105592345503214e-06  -3.0964277591986080e-18
 +4   -9.0021706614602795e-08  -2.1960542355799479e-18
 +5   -2.4966656296201860e-08  +3.3815660704777487e-18
 +6   -3.0188840760318345e-09  +3.0313460433562352e-20
 +7   -6.5104911525779262e-10  +9.0781085615590311e-19
 +8   -1.2539532014204652e-10  +1.6596097399456088e-18
 +9   -2.7010054692594877e-11  +3.4777291156082599e-19
+10   -5.8220467812859704e-12  +1.4550774113420121e-17
+11   -1.2911775179456207e-12  -7.2419281660108181e-20
+12   -2.8975851043212149e-13  -3.9017288755297218e-18
+13   -6.5720955626008682e-14  -3.1499889412202489e-18
+14   -1.5262698690049835e-14  +3.4222472243629352e-18
+15   -3.4913433370367780e-15  -2.5001357638660544e-18
+16   -8.0990670866835041e-16  -1.9837573634746289e-18
+17   -1.8061653896620522e-16  +1.9849548698723778e-19
+18   -1.3582061484151303e-16  -2.9799791610836073e-19
+19   +1.6610926118596669e-16  +2.0525854326189773e-18
+20   -1.9832224191116601e-18  -7.4014868308343768e-18
+21   -1.7828016161690086e-16  -2.9879089056706526e-18
+22   +1.1176729513576346e-16  +7.3472261145521893e-19
+23   +1.7389046467494419e-16  +1.0989239003187682e-18
+24   -2.3284741840012980e-17  -8.6792822149283407e-18
+25   -5.8074737335421130e-17  +4.7530056638605429e-18
+26   +1.2684803982470873e-17  +1.8883166598496769e-18
+27   -6.2531301636768495e-17  -3.5325532729015944e-18
+28   -1.8735938947476594e-16  +2.1773073290902151e-18
+29   +6.6205636098659773e-18  +1.9486257210243250e-18
+30   +6.6241438025825349e-17  -1.2635128359698304e-17

