-30   -9.9355686562851864e-18  +2.3895003100703806e-17
-29   +9.8907972809912373e-18  -2.4756805224926843e-17
-28   -9.9170594242196009e-18  +2.5775409369435665e-17
-27   +9.8868866411798345e-18  -2.6831331032926865e-17
-26   -9.9171409670736725e-18  +2.7991225583465519e-17
-25   +9.8682623236486339e-18  -2.9131650053012504e-17
-24   -9.9236616469444875e-18  +3.0432361698614956e-17
-23   +9.8882912767592435e-18  -3.1847225630970928e-17
-22   -9.9175452703221012e-18  +3.3544651271544271e-17
-21   +9.9457507783591694e-18  -3.4480419253017686e-17
-20   -9.8990097699740095e-18  +3.9347531542270545e-17
-19   +9.7950102890636993e-18  -2.8891733489421569e-17
-18   -9.8301805378600832e-18  +8.3644044325235993e-17
-17   +9.8541307111046867e-18  +1.3588549934434807e-16
-16   -9.9191119317090650e-18  +8.0901954944750259e-16
-15   +9.9244491611161748e-18  +3.2088848789050481e-15
-14   -9.9547249008419545e-18  +1.4072940164933540e-14
-13   +9.9547196114368138e-18  +6.0716378298815413e-14
-12   -9.9155990422779729e-18  +2.6599998231806331e-13
-11   +9.9444368559344741e-18  +1.1740678532542249e-12
-10   -9.9169471042386827e-18  +5.2655952185945712e-12
 -9   +9.9711789085913843e-18  +2.3669564350826731e-11
 -8   -9.9289201053054034e-18  +1.1098094246175307e-10
 -7   +9.9532612757962201e-18  +4.8026433439220550e-10
 -6   -9.9548617380187766e-18  +2.5842940669619473e-09
 -5   +9.9735581960770644e-18  +4.1156028840578608e-09
 -4   -9.9215923132003980e-18  +7.2083857029250122e-08
 -3   +1.0023254795716634e-17  -1.9148350873728683e-06
 -2   -1.0140387454147640e-17  +3.0451428669667726e-06
 -1   +1.0738758880193665e-17  -1.5613460032022381e-03
 +0   -1.1336971310367308e-17  +0.0000000000000000e+00
 +1   +1.0738758880193665e-17  +1.5613460032022381e-03
 +2   -1.0140387454147640e-17  -3.0451428669667726e-06
 +3   +1.0023254795716634e-17  +1.9148350873728683e-06
 +4   -9.9215923132003980e-18  -7.2083857029250122e-08
 +5   +9.9735581960770644e-18  -4.1156028840578608e-09
 +6   -9.9548617380187766e-18  -2.5842940669619473e-09
 +7   +9.9532612757962201e-18  -4.8026433439220550e-10
 +8   -9.9289201053054034e-18  -1.1098094246175307e-10
 +9   +9.9711789085913843e-18  -2.3669564350826731e-11
+10   -9.9169471042386827e-18  -5.2655952185945712e-12
+11   +9.9444368559344741e-18  -1.1740678532542249e-12
+12   -9.9155990422779729e-18  -2.6599998231806331e-13
+13   +9.9547196114368138e-18  -6.0716378298815413e-14
+14   -9.9547249008419545e-18  -1.4072940164933540e-14
+15   +9.9244491611161748e-18  -3.2088848789050481e-15
+16   -9.9191119317090650e-18  -8.0901954944750259e-16
+17   +9.8541307111046867e-18  -1.3588549934434807e-16
+18   -9.8301805378600832e-18  -8.3644044325235993e-17
+19   +9.7950102890636993e-18  +2.8891733489421569e-17
+20   -9.8990097699740095e-18  -3.9347531542270545e-17
+21   +9.9457507783591694e-18  +3.4480419253017686e-17
+22   -9.9175452703221012e-18  -3.3544651271544271e-17
+23   +9.8882912767592435e-18  +3.1847225630970928e-17
+24   -9.9236616469444875e-18  -3.0432361698614956e-17
+25   +9.8682623236486339e-18  +2.9131650053012504e-17
+26   -9.9171409670736725e-18  -2.7991225583465519e-17
+27   +9.8868866411798345e-18  +2.6831331032926865e-17
+28   -9.9170594242196009e-18  -2.5775409369435665e-17
+29   +9.8907972809912373e-18  +2.4756805224926843e-17
+30   -9.9355686562851864e-18  -2.3895003100703806e-17

