-30   +6.5343487100726921e-17  -1.4802973661783946e-17
-29   +3.4576536047155309e-18  +7.3625722578332516e-19
-28   -1.7977520376396489e-16  -5.2784205202739198e-18
-27   -5.8454638989868118e-17  +2.7343496978972947e-18
-26   +1.8457858391611529e-17  +2.9076744886220354e-18
-25   -9.0730846177594049e-17  -5.1052682319806919e-18
-24   -1.2777746279360539e-17  +6.6619143976272360e-18
-23   +1.7743928754959772e-16  -7.6314136614278607e-18
-22   +1.1436493183487483e-16  +3.1792972638199713e-19
-21   -1.8222596065411189e-16  -4.2276883369109100e-18
-20   +1.4802973661668754e-17  +1.0836528823445430e-17
-19   +1.6614887223758892e-16  +2.7036620872972171e-19
-18   -1.3635324203923973e-16  -3.2587275410780484e-18
-17   -1.7363773566859094e-16  -6.9832260482024558e-19
-16   -8.0151637552647563e-16  +3.4783889724613757e-18
-15   -3.4683070228105472e-15  -1.0538825393087599e-17
-14   -1.5125714216858077e-14  -1.1681939006335424e-18
-13   -6.5094237021082558e-14  +1.4503506387135809e-18
-12   -2.8698301637822760e-13  -5.0873502591703505e-18
-11   -1.2786630885320876e-12  +5.2085613839224994e-18
-10   -5.7627091638646963e-12  -2.9286171109920486e-17
 -9   -2.6740472012705915e-11  -2.7548410460725254e-18
 -8   -1.2380483795497751e-10  +2.2118474881712607e-18
 -7   -6.4466440350723337e-10  -1.2031134482031148e-18
 -6   -2.9336337945234645e-09  -5.3771626867937482e-18
 -5   -2.4802134593983094e-08  +1.1145686896621902e-17
 -4   -7.7943442291355922e-08  -2.0800230743699231e-18
 -3   -2.9081141518485368e-06  +7.0609125292631573e-18
 -2   -1.2715221316445797e-06  -6.2552994931295920e-18
 -1   -1.5377316613581844e-03  +8.4965310250447357e-18
 +0   +9.9980744583783054e-01  +0.0000000000000000e+00
 +1   -1.5377316613581844e-03  -8.4965310250447357e-18
 +2   -1.2715221316445797e-06  +6.2552994931295920e-18
 +3   -2.9081141518485368e-06  -7.0609125292631573e-18
 +4   -7.7943442291355922e-08  +2.0800230743699231e-18
 +5   -2.4802134593983094e-08  -1.1145686896621902e-17
 +6   -2.9336337945234645e-09  +5.3771626867937482e-18
 +7   -6.4466440350723337e-10  +1.2031134482031148e-18
 +8   -1.2380483795497751e-10  -2.2118474881712607e-18
 +9   -2.6740472012705915e-11  +2.7548410460725254e-18
+10   -5.7627091638646963e-12  +2.9286171109920486e-17
+11   -1.2786630885320876e-12  -5.2085613839224994e-18
+12   -2.8698301637822760e-13  +5.0873502591703505e-18
+13   -6.5094237021082558e-14  -1.4503506387135809e-18
+14   -1.5125714216858077e-14  +1.1681939006335424e-18
+15   -3.4683070228105472e-15  +1.0538825393087599e-17
+16   -8.0151637552647563e-16  -3.4783889724613757e-18
+17   -1.7363773566859094e-16  +6.9832260482024558e-19
+18   -1.3635324203923973e-16  +3.2587275410780484e-18
+19   +1.6614887223758892e-16  -2.7036620872972171e-19
+20   +1.4802973661668754e-17  -1.0836528823445430e-17
+21   -1.8222596065411189e-16  +4.2276883369109100e-18
+22   +1.1436493183487483e-16  -3.1792972638199713e-19
+23   +1.7743928754959772e-16  +7.6314136614278607e-18
+24   -1.2777746279360539e-17  -6.6619143976272360e-18
+25   -9.0730846177594049e-17  +5.1052682319806919e-18
+26   +1.8457858391611529e-17  -2.9076744886220354e-18
+27   -5.8454638989868118e-17  -2.7343496978972947e-18
+28   -1.7977520376396489e-16  +5.2784205202739198e-18
+29   +3.4576536047155309e-18  -7.3625722578332516e-19
+30   +6.5343487100726921e-17  +1.4802973661783946e-17

