-30   +5.6672105893236085e-17  -3.0657962270574460e-18
-29   +6.5191190417768273e-18  -1.8714595942846309e-18
-28   -1.8572126356272652e-16  -5.0170211433215176e-19
-27   -6.4422263262556912e-17  -1.9384094587943059e-18
-26   +1.4807861665844899e-17  -9.2065666202972796e-19
-25   -4.8662162119823269e-17  +3.1943040004437732e-18
-24   -2.0183093763995292e-17  +5.2815703570850494e-19
-23   +1.7888622963098556e-16  +7.3255821192555640e-19
-22   +1.1183019777412840e-16  -2.8206853597109479e-19
-21   -1.7470681719562193e-16  +5.9170125942039133e-19
-20   -1.8238015654279810e-17  -1.2819751242557091e-17
-19   +1.7549521935335818e-16  +9.7713304487206979e-20
-18   -8.5786334361938144e-17  -9.7051911660257813e-20
-17   +1.4732537142683475e-17  -2.7257870398273056e-18
-16   +3.5423419257662940e-18  +1.2780657523070853e-18
-15   -1.7990900781833226e-17  -2.2184334788018995e-18
-14   -1.7247461999398647e-16  -1.1145260136556352e-18
-13   +7.8722577816202240e-17  +1.8540971726517979e-18
-12   -1.6271841847274095e-16  -8.7475735581273377e-19
-11   -1.6624769533002902e-15  +1.0034856930128921e-18
-10   +2.3644653999061892e-16  +1.7999317981099879e-17
 -9   -2.7177205117855727e-13  -3.0438882491742036e-18
 -8   +2.7904176001106850e-14  +4.0652354974194998e-18
 -7   -4.6558853143739830e-11  +5.4897808369268346e-18
 -6   +1.8687455654281115e-12  -1.9708656570516019e-19
 -5   -9.1121965907147427e-09  -8.7635102954818753e-18
 -4   -2.3579743361110802e-10  -8.6340791978126958e-19
 -3   -2.3483252753543485e-06  +1.7277372188139325e-18
 -2   -2.6063941309244218e-07  -2.8500452860140397e-19
 -1   -1.5355226041896632e-03  +1.9118098308161061e-18
 +0   -9.9999860964928333e-01  +0.0000000000000000e+00
 +1   -1.5355226041896632e-03  -1.9118098308161061e-18
 +2   -2.6063941309244218e-07  +2.8500452860140397e-19
 +3   -2.3483252753543485e-06  -1.7277372188139325e-18
 +4   -2.3579743361110802e-10  +8.6340791978126958e-19
 +5   -9.1121965907147427e-09  +8.7635102954818753e-18
 +6   +1.8687455654281115e-12  +1.9708656570516019e-19
 +7   -4.6558853143739830e-11  -5.4897808369268346e-18
 +8   +2.7904176001106850e-14  -4.0652354974194998e-18
 +9   -2.7177205117855727e-13  +3.0438882491742036e-18
+10   +2.3644653999061892e-16  -1.7999317981099879e-17
+11   -1.6624769533002902e-15  -1.0034856930128921e-18
+12   -1.6271841847274095e-16  +8.7475735581273377e-19
+13   +7.8722577816202240e-17  -1.8540971726517979e-18
+14   -1.7247461999398647e-16  +1.1145260136556352e-18
+15   -1.7990900781833226e-17  +2.2184334788018995e-18
+16   +3.5423419257662940e-18  -1.2780657523070853e-18
+17   +1.4732537142683475e-17  +2.7257870398273056e-18
+18   -8.5786334361938144e-17  +9.7051911660257813e-20
+19   +1.7549521935335818e-16  -9.7713304487206979e-20
+20   -1.8238015654279810e-17  +1.2819751242557091e-17
+21   -1.7470681719562193e-16  -5.9170125942039133e-19
+22   +1.1183019777412840e-16  +2.8206853597109479e-19
+23   +1.7888622963098556e-16  -7.3255821192555640e-19
+24   -2.0183093763995292e-17  -5.2815703570850494e-19
+25   -4.8662162119823269e-17  -3.1943040004437732e-18
+26   +1.4807861665844899e-17  +9.2065666202972796e-19
+27   -6.4422263262556912e-17  +1.9384094587943059e-18
+28   -1.8572126356272652e-16  +5.0170211433215176e-19
+29   +6.5191190417768273e-18  +1.8714595942846309e-18
+30   +5.6672105893236085e-17  +3.0657962270574460e-18

