-30   -4.1081929085890917e-20  +9.5169264659047746e-21
-29   -4.0353314040368006e-21  +7.4815429603152002e-21
-28   -2.4633740042599014e-20  +2.1165506012948819e-21
-27   -2.2935188058250954e-20  +7.6498419438755152e-21
-26   -9.9798750260017655e-21  +2.9531493682531324e-20
-25   -4.1246722498194234e-20  +5.7597313092947848e-22
-24   -1.4252538668127134e-20  -1.7323435443196588e-20
-23   +2.5123305373161272e-21  -2.3295631763860478e-20
-22   -2.0496743758418853e-20  -4.3367348614252862e-21
-21   -3.6268895869335981e-20  -5.9334979938996776e-22
-20   +7.7851767195083167e-21  -9.8559579545075051e-22
-19   -4.2527719547159256e-20  -1.2608097110030108e-20
-18   +6.2929696117833759e-20  -4.4798430102981875e-20
-17   -4.8299971751615576e-20  +1.1308222262437694e-19
-16   -2.4115537685972968e-20  -6.0145810697382761e-20
-15   +2.5681354854714516e-20  -2.8332687565674727e-20
-14   -4.3249077915276523e-20  -4.9985577345823126e-20
-13   +7.5133977466210585e-20  -1.1414432367308357e-17
-12   -2.7933479437091056e-20  +2.4995662453414471e-18
-11   +8.7301380233122003e-20  -1.7150369405261461e-15
-10   -1.4889113584627735e-20  +2.7843839761333800e-16
 -9   +3.3873654214869899e-20  -2.7157013068704811e-13
 -8   -5.2358787626561632e-21  +2.7746435023818169e-14
 -7   +4.4440335103632466e-20  -4.6520673811392053e-11
 -6   -4.3284649377400355e-20  +1.8895308836604268e-12
 -5   +3.2016025608864936e-20  -9.1046166722315482e-09
 -4   +5.5014695802177158e-20  -2.2151897105080903e-10
 -3   +1.9533820491894168e-21  -2.3478459273024099e-06
 -2   +1.1299420063555222e-20  -2.3781593483522959e-07
 -1   -1.0506023220569257e-19  -1.5624641858789953e-03
 +0   +2.7105054312137611e-20  +0.0000000000000000e+00
 +1   -1.0506023220569257e-19  +1.5624641858789953e-03
 +2   +1.1299420063555222e-20  +2.3781593483522959e-07
 +3   +1.9533820491894168e-21  +2.3478459273024099e-06
 +4   +5.5014695802177158e-20  +2.2151897105080903e-10
 +5   +3.2016025608864936e-20  +9.1046166722315482e-09
 +6   -4.3284649377400355e-20  -1.8895308836604268e-12
 +7   +4.4440335103632466e-20  +4.6520673811392053e-11
 +8   -5.2358787626561632e-21  -2.7746435023818169e-14
 +9   +3.3873654214869899e-20  +2.7157013068704811e-13
+10   -1.4889113584627735e-20  -2.7843839761333800e-16
+11   +8.7301380233122003e-20  +1.7150369405261461e-15
+12   -2.7933479437091056e-20  -2.4995662453414471e-18
+13   +7.5133977466210585e-20  +1.1414432367308357e-17
+14   -4.3249077915276523e-20  +4.9985577345823126e-20
+15   +2.5681354854714516e-20  +2.8332687565674727e-20
+16   -2.4115537685972968e-20  +6.0145810697382761e-20
+17   -4.8299971751615576e-20  -1.1308222262437694e-19
+18   +6.2929696117833759e-20  +4.4798430102981875e-20
+19   -4.2527719547159256e-20  +1.2608097110030108e-20
+20   +7.7851767195083167e-21  +9.8559579545075051e-22
+21   -3.6268895869335981e-20  +5.9334979938996776e-22
+22   -2.0496743758418853e-20  +4.3367348614252862e-21
+23   +2.5123305373161272e-21  +2.3295631763860478e-20
+24   -1.4252538668127134e-20  +1.7323435443196588e-20
+25   -4.1246722498194234e-20  -5.7597313092947848e-22
+26   -9.9798750260017655e-21  -2.9531493682531324e-20
+27   -2.2935188058250954e-20  -7.6498419438755152e-21
+28   -2.4633740042599014e-20  -2.1165506012948819e-21
+29   -4.0353314040368006e-21  -7.4815429603152002e-21
+30   -4.1081929085890917e-20  -9.5169264659047746e-21

