-30   +6.1007796497013051e-17  +4.3356906037769840e-18
-29   +3.4143215563595941e-18  -9.5325992305366745e-19
-28   -1.9042462789651485e-16  -1.5172049905504095e-18
-27   -6.9521437240468651e-17  -6.5592832122082395e-19
-26   +1.0457305887701294e-17  +5.9168269277095236e-19
-25   -5.8523980224591533e-17  -1.0798117836650097e-18
-24   -1.5097130661777364e-17  +4.6789030769109790e-19
-23   +1.7334609906456419e-16  +9.6852466801115847e-19
-22   +1.1737779693247189e-16  +4.3415648945372205e-19
-21   -1.6458980275498924e-16  +2.2585990267997976e-18
-20   -9.3847092499460350e-18  +5.4182644117227148e-18
-19   +1.8013059088528875e-16  +1.7262651514311158e-18
-18   -8.5076049116619583e-17  +1.5119528320122549e-18
-17   +9.7585843554022557e-18  -6.1929978541329144e-19
-16   +4.9240379971119098e-20  +2.4608252929848066e-18
-15   -6.1074048251109242e-18  -5.6374745147813848e-18
-14   -1.6247260285117813e-16  +3.0668556486566822e-18
-13   +7.1628907076706006e-17  -7.9655038138555017e-19
-12   -1.6041665024844387e-16  +2.2397982542907064e-18
-11   -1.6630310773241013e-15  -6.5514438238462564e-18
-10   +1.9780780154918954e-15  -1.7850976615217951e-18
 -9   -2.7325253304622216e-13  -4.3366979188034711e-18
 -8   +3.0905598603941952e-13  +1.2048775293450300e-18
 -7   -4.6787338394044218e-11  +4.4854469407140182e-19
 -6   +5.2554676680356164e-11  +2.5307881126524925e-18
 -5   -9.1516104781813955e-09  -4.4540776993660412e-18
 -4   +1.0678950145055883e-08  +7.7367007814547559e-19
 -3   -2.3564190360487675e-06  -3.3867271260463380e-18
 -2   +3.3214065992930221e-06  -2.1636256674269157e-18
 -1   -1.5355316914027024e-03  -7.5352050987742560e-19
 +0   +1.0000036647428303e+00  +0.0000000000000000e+00
 +1   -1.5355316914027024e-03  +7.5352050987742560e-19
 +2   +3.3214065992930221e-06  +2.1636256674269157e-18
 +3   -2.3564190360487675e-06  +3.3867271260463380e-18
 +4   +1.0678950145055883e-08  -7.7367007814547559e-19
 +5   -9.1516104781813955e-09  +4.4540776993660412e-18
 +6   +5.2554676680356164e-11  -2.5307881126524925e-18
 +7   -4.6787338394044218e-11  -4.4854469407140182e-19
 +8   +3.0905598603941952e-13  -1.2048775293450300e-18
 +9   -2.7325253304622216e-13  +4.3366979188034711e-18
+10   +1.9780780154918954e-15  +1.7850976615217951e-18
+11   -1.6630310773241013e-15  +6.5514438238462564e-18
+12   -1.6041665024844387e-16  -2.2397982542907064e-18
+13   +7.1628907076706006e-17  +7.9655038138555017e-19
+14   -1.6247260285117813e-16  -3.0668556486566822e-18
+15   -6.1074048251109242e-18  +5.6374745147813848e-18
+16   +4.9240379971119098e-20  -2.4608252929848066e-18
+17   +9.7585843554022557e-18  +6.1929978541329144e-19
+18   -8.5076049116619583e-17  -1.5119528320122549e-18
+19   +1.8013059088528875e-16  -1.7262651514311158e-18
+20   -9.3847092499460350e-18  -5.4182644117227148e-18
+21   -1.6458980275498924e-16  -2.2585990267997976e-18
+22   +1.1737779693247189e-16  -4.3415648945372205e-19
+23   +1.7334609906456419e-16  -9.6852466801115847e-19
+24   -1.5097130661777364e-17  -4.6789030769109790e-19
+25   -5.8523980224591533e-17  +1.0798117836650097e-18
+26   +1.0457305887701294e-17  -5.9168269277095236e-19
+27   -6.9521437240468651e-17  +6.5592832122082395e-19
+28   -1.9042462789651485e-16  +1.5172049905504095e-18
+29   +3.4143215563595941e-18  +9.5325992305366745e-19
+30   +6.1007796497013051e-17  -4.3356906037769840e-18

