-30   -1.1894979676705523e-16  -2.1671734699651366e-28
-29   -7.5564891119598564e-17  +1.1402264804249723e-18
-28   -1.3483339258193210e-16  -2.5391704304081285e-18
-27   -7.6499612506637852e-17  -1.1222833313209980e-18
-26   +1.8265326119057567e-16  -1.4049510507378759e-18
-25   +1.9640236114083982e-17  -1.9081750461119458e-18
-24   -2.2187872053435848e-17  -5.1806960101043638e-18
-23   -9.0040808395646721e-17  +3.5738462052660080e-18
-22   -4.9217616361845876e-17  +4.2367875032780573e-19
-21   -2.9279376502931030e-17  -8.5629965602121097e-18
-20   -2.9605947323337507e-17  +1.6434602192104412e-33
-19   +1.0813072991828214e-16  -9.0982824910943262e-18
-18   +5.4535891923708594e-17  +7.2560765973591215e-18
-17   -1.3913716712368633e-16  -5.9055315892742253e-18
-16   -8.3991223492144125e-16  -8.1843457973188577e-18
-15   -3.5827085888576786e-15  -4.4094923184434448e-18
-14   -1.4935479376787519e-14  +9.4216074611688206e-18
-13   -6.4985733864535979e-14  -4.3716504727210180e-18
-12   -2.8969769097905142e-13  -1.3165669178303281e-18
-11   -1.1499282367324763e-12  +3.1481415522555511e-18
-10   -5.8448921977322539e-12  +3.0918798465612917e-18
 -9   -4.6433040779604590e-12  +5.2342777908683494e-18
 -8   -1.2767671248256399e-10  -2.3751837937831882e-18
 -7   +3.1807537067059162e-09  +4.6747186708062244e-18
 -6   -3.1726920643864439e-09  -2.8913204751401195e-19
 -5   +7.2497248159606287e-07  -4.3855554360565029e-18
 -4   -7.0615433005123169e-08  -1.1792350976252093e-17
 -3   +1.9035798938876695e-04  +7.8290597658794661e-19
 -2   +1.6588106776424272e-05  -4.6192311324289740e-18
 -1   +1.2483606615746923e-01  +3.5959464443137131e-18
 +0   -1.0003093126022047e+00  +0.0000000000000000e+00
 +1   +1.2483606615746923e-01  -3.5959464443137131e-18
 +2   +1.6588106776424272e-05  +4.6192311324289740e-18
 +3   +1.9035798938876695e-04  -7.8290597658794661e-19
 +4   -7.0615433005123169e-08  +1.1792350976252093e-17
 +5   +7.2497248159606287e-07  +4.3855554360565029e-18
 +6   -3.1726920643864439e-09  +2.8913204751401195e-19
 +7   +3.1807537067059162e-09  -4.6747186708062244e-18
 +8   -1.2767671248256399e-10  +2.3751837937831882e-18
 +9   -4.6433040779604590e-12  -5.2342777908683494e-18
+10   -5.8448921977322539e-12  -3.0918798465612917e-18
+11   -1.1499282367324763e-12  -3.1481415522555511e-18
+12   -2.8969769097905142e-13  +1.3165669178303281e-18
+13   -6.4985733864535979e-14  +4.3716504727210180e-18
+14   -1.4935479376787519e-14  -9.4216074611688206e-18
+15   -3.5827085888576786e-15  +4.4094923184434448e-18
+16   -8.3991223492144125e-16  +8.1843457973188577e-18
+17   -1.3913716712368633e-16  +5.9055315892742253e-18
+18   +5.4535891923708594e-17  -7.2560765973591215e-18
+19   +1.0813072991828214e-16  +9.0982824910943262e-18
+20   -2.9605947323337507e-17  -1.6434602192104412e-33
+21   -2.9279376502931030e-17  +8.5629965602121097e-18
+22   -4.9217616361845876e-17  -4.2367875032780573e-19
+23   -9.0040808395646721e-17  -3.5738462052660080e-18
+24   -2.2187872053435848e-17  +5.1806960101043638e-18
+25   +1.9640236114083982e-17  +1.9081750461119458e-18
+26   +1.8265326119057567e-16  +1.4049510507378759e-18
+27   -7.6499612506637852e-17  +1.1222833313209980e-18
+28   -1.3483339258193210e-16  +2.5391704304081285e-18
+29   -7.5564891119598564e-17  -1.1402264804249723e-18
+30   -1.1894979676705523e-16  +2.1671734699651366e-28

