-30   -7.1315077126213804e-18  +2.1636396685819443e-17
-29   +1.2863401864988426e-17  -2.3494509645666936e-17
-28   -8.1388082883852286e-18  +2.8001784870475817e-17
-27   +1.0917438129795776e-17  -2.8322306590710881e-17
-26   -1.0085146592368660e-17  +2.6532304212198114e-17
-25   +1.2287921368890125e-17  -2.8742022223054250e-17
-24   -9.3191904920978105e-18  +3.0594808710183822e-17
-23   +1.0068704118871548e-17  -3.1681227594674062e-17
-22   -9.1456968154789451e-18  +3.3610251630759965e-17
-21   +1.3724801250033548e-17  -2.8443892023493822e-17
-20   -1.0199372797994326e-17  +3.9123147617606011e-17
-19   +1.0280221462994569e-17  -3.1912485838225362e-17
-18   -1.4251841332728282e-17  +8.6751601246860703e-17
-17   +1.3598895676516939e-17  +1.2736718328409900e-16
-16   -7.8615396331915920e-18  +8.1272898319606087e-16
-15   +8.4375644338159892e-18  +3.2134544597945611e-15
-14   -3.7308611009277136e-18  +1.4077820177123250e-14
-13   +4.2180714075206112e-18  +6.1657469881464259e-14
-12   -8.0769756940234379e-18  +2.6579295076171930e-13
-11   +4.1578054551651412e-18  +1.3152186378758820e-12
-10   -8.8682221275168928e-18  +5.2426813884548952e-12
 -9   +5.5415292325613685e-18  +4.6019947172305588e-11
 -8   -9.9938550899443481e-18  +1.0869739444232984e-10
 -7   +6.1366196526453569e-18  +4.3089430972795568e-09
 -6   -8.4300981144177313e-18  +2.4287845692117861e-09
 -5   +6.8177046649788195e-18  +7.5343089941629512e-07
 -4   -1.3183529713304833e-17  +9.0314998374089326e-08
 -3   +8.5367179937425757e-18  +1.9131426291517511e-04
 -2   -1.0805956983167177e-17  +2.2617533901859328e-05
 -1   +1.6485087019054661e-17  +1.2703037366111639e-01
 +0   -1.1723839491809922e-17  +0.0000000000000000e+00
 +1   +1.6485087019054661e-17  -1.2703037366111639e-01
 +2   -1.0805956983167177e-17  -2.2617533901859328e-05
 +3   +8.5367179937425757e-18  -1.9131426291517511e-04
 +4   -1.3183529713304833e-17  -9.0314998374089326e-08
 +5   +6.8177046649788195e-18  -7.5343089941629512e-07
 +6   -8.4300981144177313e-18  -2.4287845692117861e-09
 +7   +6.1366196526453569e-18  -4.3089430972795568e-09
 +8   -9.9938550899443481e-18  -1.0869739444232984e-10
 +9   +5.5415292325613685e-18  -4.6019947172305588e-11
+10   -8.8682221275168928e-18  -5.2426813884548952e-12
+11   +4.1578054551651412e-18  -1.3152186378758820e-12
+12   -8.0769756940234379e-18  -2.6579295076171930e-13
+13   +4.2180714075206112e-18  -6.1657469881464259e-14
+14   -3.7308611009277136e-18  -1.4077820177123250e-14
+15   +8.4375644338159892e-18  -3.2134544597945611e-15
+16   -7.8615396331915920e-18  -8.1272898319606087e-16
+17   +1.3598895676516939e-17  -1.2736718328409900e-16
+18   -1.4251841332728282e-17  -8.6751601246860703e-17
+19   +1.0280221462994569e-17  +3.1912485838225362e-17
+20   -1.0199372797994326e-17  -3.9123147617606011e-17
+21   +1.3724801250033548e-17  +2.8443892023493822e-17
+22   -9.1456968154789451e-18  -3.3610251630759965e-17
+23   +1.0068704118871548e-17  +3.1681227594674062e-17
+24   -9.3191904920978105e-18  -3.0594808710183822e-17
+25   +1.2287921368890125e-17  +2.8742022223054250e-17
+26   -1.0085146592368660e-17  -2.6532304212198114e-17
+27   +1.0917438129795776e-17  +2.8322306590710881e-17
+28   -8.1388082883852286e-18  -2.8001784870475817e-17
+29   +1.2863401864988426e-17  +2.3494509645666936e-17
+30   -7.1315077126213804e-18  -2.1636396685819443e-17

