-30   -1.5685517713200556e-16  -5.2336319088369182e-18
-29   -1.4008435693297495e-16  +3.6904233624276980e-18
-28   -1.6863814465233305e-16  +4.6691007505735258e-18
-27   -5.4549464255094059e-17  +4.3674213640927486e-19
-26   +2.1198421830051642e-16  -2.1521595367032783e-18
-25   +2.5873731514639043e-16  +4.4726201079227229e-18
-24   +8.2132890283811799e-16  -3.8009247171305952e-18
-23   +3.2926305328345740e-15  +3.8715665257969145e-18
-22   +1.3412732054135607e-14  +4.4000626544919634e-18
-21   +5.3486377934642095e-14  +4.9050537437178415e-18
-20   +2.1258672819406507e-13  -2.0194839173657903e-29
-19   +8.4547058563301233e-13  -6.7892648684100717e-19
-18   +3.3661037144520857e-12  +7.4315836407158885e-19
-17   +1.3422999954149898e-11  -1.1919584492691056e-17
-16   +5.3617721311406741e-11  -8.5328994808364082e-18
-15   +2.1457765201566169e-10  +8.9391804102683205e-18
-14   +8.6056778975678609e-10  +7.5860209662060417e-18
-13   +3.4597367760872409e-09  -2.5386654560965693e-18
-12   +1.3948363943311818e-08  -9.1621462468848966e-19
-11   +5.6419832373056588e-08  +5.0035996179460995e-18
-10   +2.2910318904487282e-07  -1.9156567721182193e-18
 -9   +9.3468348480441855e-07  +5.7149891129962982e-18
 -8   +3.8351867149231143e-06  -7.3354954235866825e-18
 -7   +1.5850235014733351e-05  -8.5106117424066424e-20
 -6   +6.6112468008697599e-05  +8.1496787188839428e-19
 -5   +2.7923794155648235e-04  -7.8243256781037238e-19
 -4   +1.1993651435783187e-03  -1.4911403117820760e-17
 -3   +5.2987682837376589e-03  -3.6214394736818143e-18
 -2   +2.4278181213951658e-02  -2.9705097350300531e-18
 -1   +1.2769273387888186e-01  +2.9020570539229904e-18
 +0   +1.0152681733948303e+00  +0.0000000000000000e+00
 +1   +1.2769273387888186e-01  -2.9020570539229904e-18
 +2   +2.4278181213951658e-02  +2.9705097350300531e-18
 +3   +5.2987682837376589e-03  +3.6214394736818143e-18
 +4   +1.1993651435783187e-03  +1.4911403117820760e-17
 +5   +2.7923794155648235e-04  +7.8243256781037238e-19
 +6   +6.6112468008697599e-05  -8.1496787188839428e-19
 +7   +1.5850235014733351e-05  +8.5106117424066424e-20
 +8   +3.8351867149231143e-06  +7.3354954235866825e-18
 +9   +9.3468348480441855e-07  -5.7149891129962982e-18
+10   +2.2910318904487282e-07  +1.9156567721182193e-18
+11   +5.6419832373056588e-08  -5.0035996179460995e-18
+12   +1.3948363943311818e-08  +9.1621462468848966e-19
+13   +3.4597367760872409e-09  +2.5386654560965693e-18
+14   +8.6056778975678609e-10  -7.5860209662060417e-18
+15   +2.1457765201566169e-10  -8.9391804102683205e-18
+16   +5.3617721311406741e-11  +8.5328994808364082e-18
+17   +1.3422999954149898e-11  +1.1919584492691056e-17
+18   +3.3661037144520857e-12  -7.4315836407158885e-19
+19   +8.4547058563301233e-13  +6.7892648684100717e-19
+20   +2.1258672819406507e-13  +2.0194839173657903e-29
+21   +5.3486377934642095e-14  -4.9050537437178415e-18
+22   +1.3412732054135607e-14  -4.4000626544919634e-18
+23   +3.2926305328345740e-15  -3.8715665257969145e-18
+24   +8.2132890283811799e-16  +3.8009247171305952e-18
+25   +2.5873731514639043e-16  -4.4726201079227229e-18
+26   +2.1198421830051642e-16  +2.1521595367032783e-18
+27   -5.4549464255094059e-17  -4.3674213640927486e-19
+28   -1.6863814465233305e-16  -4.6691007505735258e-18
+29   -1.4008435693297495e-16  -3.6904233624276980e-18
+30   -1.5685517713200556e-16  +5.2336319088369182e-18

