-30   -1.2941707982486075e-16  +3.0657962270571952e-18
-29   -6.3893444783506379e-17  +4.6065021438974754e-19
-28   -1.3553815327701938e-16  +2.2855043057485518e-19
-27   -7.2213782825469222e-17  -5.9468648458337011e-18
-26   +1.8026222663748553e-16  -4.3427449319767735e-19
-25   +2.9889082093751131e-17  +2.6744267528893097e-19
-24   -2.7409859581055293e-17  +2.1318485520650011e-18
-23   -8.4103491270652108e-17  +8.1903333180453101e-19
-22   -4.9201847381946655e-17  +9.7187870520289124e-19
-21   -2.0483930732443505e-17  +5.5387592454916341e-18
-20   -6.2646936639286071e-17  +1.9832224191116651e-18
-19   +1.3234627931251287e-16  -1.9893665557303484e-18
-18   +9.1363876867543168e-17  +5.7965957376113014e-18
-17   +5.5236967815890003e-17  +9.0589584374440073e-19
-16   -2.5921941785431857e-17  -1.1202505886767156e-17
-15   -9.9380738223507640e-17  -4.6196566949369696e-18
-14   +1.7117355840564186e-16  +7.9955261292461679e-18
-13   +8.0606317174737004e-16  -9.2351799622133290e-20
-12   -1.0373215414072104e-16  +4.4620152584236799e-18
-11   +1.3958804367996356e-13  -1.1071815443502666e-18
-10   -2.2624498789741325e-14  -2.9101548227351214e-17
 -9   +2.2094977408083928e-11  +6.1642388728020219e-19
 -8   -2.2534815967908057e-12  -2.2940440860687892e-18
 -7   +3.7852439698739974e-09  +2.5979900761137232e-19
 -6   -1.5193924204762788e-10  -2.8937222503689902e-18
 -5   +7.4082694129015555e-07  +1.9683457507413838e-18
 -4   +1.9170476177095318e-08  -5.4049202362227193e-18
 -3   +1.9092022334795520e-04  -1.3048670412889105e-18
 -2   +2.1190137294276478e-05  +3.5291494630137740e-19
 -1   +1.2483888907238820e-01  +2.2425982216660280e-18
 +0   -1.0001130363298558e+00  +0.0000000000000000e+00
 +1   +1.2483888907238820e-01  -2.2425982216660280e-18
 +2   +2.1190137294276478e-05  -3.5291494630137740e-19
 +3   +1.9092022334795520e-04  +1.3048670412889105e-18
 +4   +1.9170476177095318e-08  +5.4049202362227193e-18
 +5   +7.4082694129015555e-07  -1.9683457507413838e-18
 +6   -1.5193924204762788e-10  +2.8937222503689902e-18
 +7   +3.7852439698739974e-09  -2.5979900761137232e-19
 +8   -2.2534815967908057e-12  +2.2940440860687892e-18
 +9   +2.2094977408083928e-11  -6.1642388728020219e-19
+10   -2.2624498789741325e-14  +2.9101548227351214e-17
+11   +1.3958804367996356e-13  +1.1071815443502666e-18
+12   -1.0373215414072104e-16  -4.4620152584236799e-18
+13   +8.0606317174737004e-16  +9.2351799622133290e-20
+14   +1.7117355840564186e-16  -7.9955261292461679e-18
+15   -9.9380738223507640e-17  +4.6196566949369696e-18
+16   -2.5921941785431857e-17  +1.1202505886767156e-17
+17   +5.5236967815890003e-17  -9.0589584374440073e-19
+18   +9.1363876867543168e-17  -5.7965957376113014e-18
+19   +1.3234627931251287e-16  +1.9893665557303484e-18
+20   -6.2646936639286071e-17  -1.9832224191116651e-18
+21   -2.0483930732443505e-17  -5.5387592454916341e-18
+22   -4.9201847381946655e-17  -9.7187870520289124e-19
+23   -8.4103491270652108e-17  -8.1903333180453101e-19
+24   -2.7409859581055293e-17  -2.1318485520650011e-18
+25   +2.9889082093751131e-17  -2.6744267528893097e-19
+26   +1.8026222663748553e-16  +4.3427449319767735e-19
+27   -7.2213782825469222e-17  +5.9468648458337011e-18
+28   -1.3553815327701938e-16  -2.2855043057485518e-19
+29   -6.3893444783506379e-17  -4.6065021438974754e-19
+30   -1.2941707982486075e-16  -3.0657962270571952e-18

