-30   +3.1369088728298810e-18  -1.9116433391055351e-18
-29   +6.6453784281873417e-19  +4.0701780569874947e-19
-28   +1.7897957366245310e-18  +1.8098817452475768e-18
-27   +8.8392510409341816e-20  -1.4469387939326537e-18
-26   +2.8859540352046389e-18  -2.9335702300794639e-18
-25   +2.6180501061960457e-18  +8.5858811287798124e-19
-24   +5.4308155176510162e-19  +2.7469634258594854e-18
-23   -3.1262921271814198e-19  +2.1793387182016170e-18
-22   +1.8472705141559548e-18  -1.5439450524566948e-18
-21   -8.9773060171574398e-19  -1.5581719590141973e-18
-20   -7.6707087555003328e-19  -1.6115232215873033e-19
-19   +6.1529442309787241e-18  +1.1615657228950763e-18
-18   -4.5239431934858849e-18  +3.5072404655084193e-18
-17   +2.3488105077094005e-18  -1.1117731079393310e-17
-16   +1.4996449460669033e-18  +6.7571497258034051e-18
-15   -2.0045026054668573e-18  +4.4695776176496607e-18
-14   +6.8032193092233553e-18  +2.3399322609015514e-18
-13   -3.5533479614791345e-18  +9.2840087377632991e-16
-12   +1.6560498299472285e-18  -2.0342490576519098e-16
-11   -4.7593501115144392e-18  +1.3943495798909645e-13
-10   +1.4523387028074613e-18  -2.2635883128805321e-14
 -9   -6.3030136717387560e-18  +2.2078812083452351e-11
 -8   +7.0072795088765759e-19  -2.2558010192436141e-12
 -7   -4.8094405241913197e-18  +3.7821580875357955e-09
 -6   +9.2654614331743444e-19  -1.5361996772197952e-10
 -5   -2.7215486232635889e-18  +7.4021067986075701e-07
 -4   -1.8038190284490209e-18  +1.8009622376286511e-08
 -3   -4.5583552521427841e-19  +1.9088125207524528e-04
 -2   -8.6201605785429054e-19  +1.9334575100057279e-05
 -1   +7.2332284805116876e-18  +1.2702925547843963e-01
 +0   -1.3191126431906970e-18  +0.0000000000000000e+00
 +1   +7.2332284805116876e-18  -1.2702925547843963e-01
 +2   -8.6201605785429054e-19  -1.9334575100057279e-05
 +3   -4.5583552521427841e-19  -1.9088125207524528e-04
 +4   -1.8038190284490209e-18  -1.8009622376286511e-08
 +5   -2.7215486232635889e-18  -7.4021067986075701e-07
 +6   +9.2654614331743444e-19  +1.5361996772197952e-10
 +7   -4.8094405241913197e-18  -3.7821580875357955e-09
 +8   +7.0072795088765759e-19  +2.2558010192436141e-12
 +9   -6.3030136717387560e-18  -2.2078812083452351e-11
+10   +1.4523387028074613e-18  +2.2635883128805321e-14
+11   -4.7593501115144392e-18  -1.3943495798909645e-13
+12   +1.6560498299472285e-18  +2.0342490576519098e-16
+13   -3.5533479614791345e-18  -9.2840087377632991e-16
+14   +6.8032193092233553e-18  -2.3399322609015514e-18
+15   -2.0045026054668573e-18  -4.4695776176496607e-18
+16   +1.4996449460669033e-18  -6.7571497258034051e-18
+17   +2.3488105077094005e-18  +1.1117731079393310e-17
+18   -4.5239431934858849e-18  -3.5072404655084193e-18
+19   +6.1529442309787241e-18  -1.1615657228950763e-18
+20   -7.6707087555003328e-19  +1.6115232215873033e-19
+21   -8.9773060171574398e-19  +1.5581719590141973e-18
+22   +1.8472705141559548e-18  +1.5439450524566948e-18
+23   -3.1262921271814198e-19  -2.1793387182016170e-18
+24   +5.4308155176510162e-19  -2.7469634258594854e-18
+25   +2.6180501061960457e-18  -8.5858811287798124e-19
+26   +2.8859540352046389e-18  +2.9335702300794639e-18
+27   +8.8392510409341816e-20  +1.4469387939326537e-18
+28   +1.7897957366245310e-18  -1.8098817452475768e-18
+29   +6.6453784281873417e-19  -4.0701780569874947e-19
+30   +3.1369088728298810e-18  +1.9116433391055351e-18

