-30   -1.2941707951806601e-16  -1.0467276588864820e-17
-29   -1.3704268715206539e-16  +4.9173707765849420e-18
-28   -1.7549358454288014e-16  +7.5206188692628801e-18
-27   -6.0592898282150113e-17  -8.7207903564352214e-19
-26   +2.1123914139383016e-16  -1.3283841144878850e-18
-25   +2.6150786894957448e-16  -5.8172113153235105e-18
-24   +8.2562334060799638e-16  +2.3837647655595359e-18
-23   +3.3233770816703180e-15  +3.9127420638735493e-18
-22   +1.3485079464198245e-14  +9.1268533157666408e-18
-21   +5.3766664826508587e-14  +3.2171009569457043e-18
-20   +2.1364722826924910e-13  -1.4802973661688950e-17
-19   +8.4955760544316205e-13  +1.1157134153148573e-18
-18   +3.3815802747491978e-12  -1.9685686082399911e-19
-17   +1.3481611340693350e-11  -7.8312597426832135e-18
-16   +5.3839299942828257e-11  -1.0266206130769090e-17
-15   +2.1541422678335049e-10  -1.1157543155515082e-17
-14   +8.6372156462443925e-10  +4.1002374943508663e-18
-13   +3.4716068132155751e-09  +3.1613718674428855e-18
-12   +1.3992957598215399e-08  -7.8548740864105177e-19
-11   +5.6587015469796822e-08  -3.3088424797488556e-18
-10   +2.2972848488327136e-07  +1.9156306539316520e-18
 -9   +9.3701587812381577e-07  +1.0550351555449454e-18
 -8   +3.8438594266600061e-06  +9.8360422395539567e-19
 -7   +1.5882365285503903e-05  +9.3325370955968168e-18
 -6   +6.6230983837074561e-05  -7.1624038737405204e-18
 -5   +2.7967282357249651e-04  -9.3169106688921018e-18
 -4   +1.2009501465885864e-03  -6.3119703757282877e-18
 -3   +5.3044980425113134e-03  -2.2751150479371362e-18
 -2   +2.4298473985126502e-02  -5.1263717828972410e-18
 -1   +1.2774913003290239e-01  +2.7657828222564645e-19
 +0   +1.0154765782199466e+00  +0.0000000000000000e+00
 +1   +1.2774913003290239e-01  -2.7657828222564645e-19
 +2   +2.4298473985126502e-02  +5.1263717828972410e-18
 +3   +5.3044980425113134e-03  +2.2751150479371362e-18
 +4   +1.2009501465885864e-03  +6.3119703757282877e-18
 +5   +2.7967282357249651e-04  +9.3169106688921018e-18
 +6   +6.6230983837074561e-05  +7.1624038737405204e-18
 +7   +1.5882365285503903e-05  -9.3325370955968168e-18
 +8   +3.8438594266600061e-06  -9.8360422395539567e-19
 +9   +9.3701587812381577e-07  -1.0550351555449454e-18
+10   +2.2972848488327136e-07  -1.9156306539316520e-18
+11   +5.6587015469796822e-08  +3.3088424797488556e-18
+12   +1.3992957598215399e-08  +7.8548740864105177e-19
+13   +3.4716068132155751e-09  -3.1613718674428855e-18
+14   +8.6372156462443925e-10  -4.1002374943508663e-18
+15   +2.1541422678335049e-10  +1.1157543155515082e-17
+16   +5.3839299942828257e-11  +1.0266206130769090e-17
+17   +1.3481611340693350e-11  +7.8312597426832135e-18
+18   +3.3815802747491978e-12  +1.9685686082399911e-19
+19   +8.4955760544316205e-13  -1.1157134153148573e-18
+20   +2.1364722826924910e-13  +1.4802973661688950e-17
+21   +5.3766664826508587e-14  -3.2171009569457043e-18
+22   +1.3485079464198245e-14  -9.1268533157666408e-18
+23   +3.3233770816703180e-15  -3.9127420638735493e-18
+24   +8.2562334060799638e-16  -2.3837647655595359e-18
+25   +2.6150786894957448e-16  +5.8172113153235105e-18
+26   +2.1123914139383016e-16  +1.3283841144878850e-18
+27   -6.0592898282150113e-17  +8.7207903564352214e-19
+28   -1.7549358454288014e-16  -7.5206188692628801e-18
+29   -1.3704268715206539e-16  -4.9173707765849420e-18
+30   -1.2941707951806601e-16  +1.0467276588864820e-17

