-30   +1.1436012728782642e-15  +6.6990611570495695e-16
-29   +1.4113661054239537e-16  +1.5354702265279461e-16
-28   -5.4789109816874502e-18  -1.9371225426047806e-16
-27   +1.2427005438809473e-16  -1.2753379018412559e-16
-26   -5.0091295906073734e-17  +4.8499836993317855e-17
-25   -7.5972519681764547e-16  +1.7196981543534686e-16
-24   +2.5647985183676712e-16  +7.3715791903016369e-17
-23   -1.0438405144021065e-16  -1.4661561863790464e-16
-22   -2.0793618890870940e-16  +3.6092179671252761e-18
-21   -2.0253851812602964e-16  -4.2216498534144046e-17
-20   -1.2941592366970540e-15  -1.2941592366970540e-15
-19   -3.1412667152549497e-16  +1.7620076013799708e-16
-18   +4.0562704287557443e-17  -2.6877102398314142e-16
-17   -8.2026208548888630e-17  -2.1566131963542625e-16
-16   -5.2990554492905851e-16  +5.2378130920347247e-17
-15   -3.3713498751153633e-15  +2.3684757884464633e-16
-14   -1.5091850680046429e-14  +3.1145954758123080e-17
-13   -6.6003861047147138e-14  -1.4174977572510071e-16
-12   -2.8961370770373250e-13  -6.6612392168853904e-17
-11   -1.2891828695543285e-12  -6.5085814025514738e-19
-10   -5.8231712186897776e-12  +1.2780184656258691e-15
 -9   -2.6738292101789058e-11  +8.2929774710195111e-17
 -8   -1.2542269883910224e-10  -3.5699538439264739e-16
 -7   -6.0449012538354482e-10  -4.0586974316239302e-16
 -6   -3.0207521329218601e-09  -2.8674131512097385e-16
 -5   -1.5854459344683807e-08  +3.6815723268160796e-16
 -4   -8.9785909123305030e-08  -3.5638107986146374e-16
 -3   -5.6223395897509875e-07  +1.6274988457333060e-16
 -2   -4.6020305178004095e-06  -7.0629030566892053e-17
 -1   -2.8229149194255440e-06  +1.5061781578793951e-16
 +0   -1.0022386409482966e+02  +0.0000000000000000e+00
 +1   -2.8229149194255440e-06  -1.5061781578793951e-16
 +2   -4.6020305178004095e-06  +7.0629030566892053e-17
 +3   -5.6223395897509875e-07  -1.6274988457333060e-16
 +4   -8.9785909123305030e-08  +3.5638107986146374e-16
 +5   -1.5854459344683807e-08  -3.6815723268160796e-16
 +6   -3.0207521329218601e-09  +2.8674131512097385e-16
 +7   -6.0449012538354482e-10  +4.0586974316239302e-16
 +8   -1.2542269883910224e-10  +3.5699538439264739e-16
 +9   -2.6738292101789058e-11  -8.2929774710195111e-17
+10   -5.8231712186897776e-12  -1.2780184656258691e-15
+11   -1.2891828695543285e-12  +6.5085814025514738e-19
+12   -2.8961370770373250e-13  +6.6612392168853904e-17
+13   -6.6003861047147138e-14  +1.4174977572510071e-16
+14   -1.5091850680046429e-14  -3.1145954758123080e-17
+15   -3.3713498751153633e-15  -2.3684757884464633e-16
+16   -5.2990554492905851e-16  -5.2378130920347247e-17
+17   -8.2026208548888630e-17  +2.1566131963542625e-16
+18   +4.0562704287557443e-17  +2.6877102398314142e-16
+19   -3.1412667152549497e-16  -1.7620076013799708e-16
+20   -1.2941592366970540e-15  +1.2941592366970540e-15
+21   -2.0253851812602964e-16  +4.2216498534144046e-17
+22   -2.0793618890870940e-16  -3.6092179671252761e-18
+23   -1.0438405144021065e-16  +1.4661561863790464e-16
+24   +2.5647985183676712e-16  -7.3715791903016369e-17
+25   -7.5972519681764547e-16  -1.7196981543534686e-16
+26   -5.0091295906073734e-17  -4.8499836993317855e-17
+27   +1.2427005438809473e-16  +1.2753379018412559e-16
+28   -5.4789109816874502e-18  +1.9371225426047806e-16
+29   +1.4113661054239537e-16  -1.5354702265279461e-16
+30   +1.1436012728782642e-15  -6.6990611570495695e-16

