-30   -9.8977789393108622e-18  +2.3890426820449105e-17
-29   +9.8979550146099702e-18  -2.4804915680794184e-17
-28   -9.8978026697866491e-18  +2.5779051688319082e-17
-27   +9.8981453887927419e-18  -2.6824102937650248e-17
-26   -9.8980315107894879e-18  +2.7945362305096438e-17
-25   +9.8982705203544869e-18  -2.9149791907912217e-17
-24   -9.8983306027334964e-18  +3.0463244616070150e-17
-23   +9.8986356485156373e-18  -3.1835682118797528e-17
-22   -9.8987441248947339e-18  +3.3546371355930397e-17
-21   +9.8988563819836794e-18  -3.4508830179543830e-17
-20   -9.8990416546944387e-18  +3.9339504031079681e-17
-19   +9.8992055413066907e-18  -2.8862729390661524e-17
-18   -9.8995227293499030e-18  +8.3691105202794811e-17
-17   +9.9001204726494407e-18  +1.3577727582859391e-16
-16   -9.9005626208267635e-18  +8.0910452814690198e-16
-15   +9.9007980529185351e-18  +3.2089119815398048e-15
-14   -9.9017153983135209e-18  +1.4072951122149049e-14
-13   +9.9025116120267342e-18  +6.0727801937648057e-14
-12   -9.9035404312553889e-18  +2.6599747658468083e-13
-11   +9.9045735188823459e-18  +1.1757828784965663e-12
-10   -9.9065512438340941e-18  +5.2653167835845614e-12
 -9   +9.9082027851290323e-18  +2.3941134514844414e-11
 -8   -9.9122141574968990e-18  +1.1095319602602490e-10
 -7   +9.9154783111700476e-18  +5.2678500820353959e-10
 -6   -9.9237256155165182e-18  +2.5824045361009904e-09
 -5   +9.9340892593627524e-18  +1.3220219556286056e-08
 -4   -9.9571728634870801e-18  +7.2305376000285833e-08
 -3   +9.9999281749887210e-18  +4.3301083992953810e-07
 -2   -1.0141703570810755e-17  +3.2829588018020090e-06
 -1   +1.0816422664487943e-17  +1.1181826767572904e-06
 +0   -1.1354961054910607e-17  +0.0000000000000000e+00
 +1   +1.0816422664487943e-17  -1.1181826767572904e-06
 +2   -1.0141703570810755e-17  -3.2829588018020090e-06
 +3   +9.9999281749887210e-18  -4.3301083992953810e-07
 +4   -9.9571728634870801e-18  -7.2305376000285833e-08
 +5   +9.9340892593627524e-18  -1.3220219556286056e-08
 +6   -9.9237256155165182e-18  -2.5824045361009904e-09
 +7   +9.9154783111700476e-18  -5.2678500820353959e-10
 +8   -9.9122141574968990e-18  -1.1095319602602490e-10
 +9   +9.9082027851290323e-18  -2.3941134514844414e-11
+10   -9.9065512438340941e-18  -5.2653167835845614e-12
+11   +9.9045735188823459e-18  -1.1757828784965663e-12
+12   -9.9035404312553889e-18  -2.6599747658468083e-13
+13   +9.9025116120267342e-18  -6.0727801937648057e-14
+14   -9.9017153983135209e-18  -1.4072951122149049e-14
+15   +9.9007980529185351e-18  -3.2089119815398048e-15
+16   -9.9005626208267635e-18  -8.0910452814690198e-16
+17   +9.9001204726494407e-18  -1.3577727582859391e-16
+18   -9.8995227293499030e-18  -8.3691105202794811e-17
+19   +9.8992055413066907e-18  +2.8862729390661524e-17
+20   -9.8990416546944387e-18  -3.9339504031079681e-17
+21   +9.8988563819836794e-18  +3.4508830179543830e-17
+22   -9.8987441248947339e-18  -3.3546371355930397e-17
+23   +9.8986356485156373e-18  +3.1835682118797528e-17
+24   -9.8983306027334964e-18  -3.0463244616070150e-17
+25   +9.8982705203544869e-18  +2.9149791907912217e-17
+26   -9.8980315107894879e-18  -2.7945362305096438e-17
+27   +9.8981453887927419e-18  +2.6824102937650248e-17
+28   -9.8978026697866491e-18  -2.5779051688319082e-17
+29   +9.8979550146099702e-18  +2.4804915680794184e-17
+30   -9.8977789393108622e-18  -2.3890426820449105e-17

