-30   -2.6226323809034675e-19  -1.2266347333468514e-19
-29   +5.7152367911508219e-20  -5.8558380194831887e-21
-28   +3.6950563223970452e-20  +4.1714269732278366e-20
-27   +8.6777132447400062e-20  +3.0117253445734719e-20
-26   -9.0711234543081437e-20  -1.5414841264394621e-20
-25   -1.7622392485208847e-19  +3.3768869963003659e-20
-24   -6.5603180435256263e-20  +1.8306943862251479e-20
-23   -6.9830816886480983e-20  -1.9305254102105193e-20
-22   +3.1235955018594831e-20  -1.5450520771537519e-20
-21   -2.2576105351612860e-20  -1.6481799046695617e-20
-20   +0.0000000000000000e+00  +0.0000000000000000e+00
-19   -1.3172682007712813e-19  +1.8975517780877435e-20
-18   +5.5411734610139196e-21  +1.8697756866855951e-20
-17   +6.6191515035018032e-20  +1.3724781260176313e-20
-16   -5.7180652734496690e-20  +1.5992056180719728e-20
-15   -4.1850678828767113e-19  +1.1064165551198725e-20
-14   -1.4665735624487058e-18  -1.8302285600446969e-21
-13   -6.5502265734710236e-18  +4.1258894993376158e-21
-12   -2.8819771030807365e-17  +1.4742239402351361e-20
-11   -1.2832007859781088e-16  -1.5628674167422193e-21
-10   -5.7989196509628440e-16  -1.2089694264070662e-19
 -9   -2.6617983020307267e-15  +7.5809689859688466e-21
 -8   -1.2486218538087814e-14  +3.2003205041959190e-20
 -7   -6.0178914503383789e-14  +3.5849885402085297e-20
 -6   -3.0072575418911736e-13  -2.5412062673684336e-21
 -5   -1.5783640649208718e-12  +9.1193701317581973e-20
 -4   -8.9384957253358631e-12  +1.1184666591762217e-20
 -3   -5.5972480765569388e-11  -6.1062171242399512e-21
 -2   -4.5814947949202428e-10  +1.0579830027600169e-20
 -1   -2.8103179891695646e-10  -1.8028781652098749e-20
 +0   +9.9776635937108352e-03  +0.0000000000000000e+00
 +1   -2.8103179891695646e-10  +1.8028781652098749e-20
 +2   -4.5814947949202428e-10  -1.0579830027600169e-20
 +3   -5.5972480765569388e-11  +6.1062171242399512e-21
 +4   -8.9384957253358631e-12  -1.1184666591762217e-20
 +5   -1.5783640649208718e-12  -9.1193701317581973e-20
 +6   -3.0072575418911736e-13  +2.5412062673684336e-21
 +7   -6.0178914503383789e-14  -3.5849885402085297e-20
 +8   -1.2486218538087814e-14  -3.2003205041959190e-20
 +9   -2.6617983020307267e-15  -7.5809689859688466e-21
+10   -5.7989196509628440e-16  +1.2089694264070662e-19
+11   -1.2832007859781088e-16  +1.5628674167422193e-21
+12   -2.8819771030807365e-17  -1.4742239402351361e-20
+13   -6.5502265734710236e-18  -4.1258894993376158e-21
+14   -1.4665735624487058e-18  +1.8302285600446969e-21
+15   -4.1850678828767113e-19  -1.1064165551198725e-20
+16   -5.7180652734496690e-20  -1.5992056180719728e-20
+17   +6.6191515035018032e-20  -1.3724781260176313e-20
+18   +5.5411734610139196e-21  -1.8697756866855951e-20
+19   -1.3172682007712813e-19  -1.8975517780877435e-20
+20   +0.0000000000000000e+00  -0.0000000000000000e+00
+21   -2.2576105351612860e-20  +1.6481799046695617e-20
+22   +3.1235955018594831e-20  +1.5450520771537519e-20
+23   -6.9830816886480983e-20  +1.9305254102105193e-20
+24   -6.5603180435256263e-20  -1.8306943862251479e-20
+25   -1.7622392485208847e-19  -3.3768869963003659e-20
+26   -9.0711234543081437e-20  +1.5414841264394621e-20
+27   +8.6777132447400062e-20  -3.0117253445734719e-20
+28   +3.6950563223970452e-20  -4.1714269732278366e-20
+29   +5.7152367911508219e-20  +5.8558380194831887e-21
+30   -2.6226323809034675e-19  +1.2266347333468514e-19

