+0 -6.3140695677343650e-02
+1 +3.8856386230980604e+02
+2 +1.7369102032638095e-01
+3 +3.3829080716709043e+00
+4 +1.5748375672966399e-04
+5 +2.9363604891277682e-02
+6 -1.2244345790546296e-05
+7 +2.5389354365450351e-04
+8 -2.2789300528701476e-07
+9 +2.1904334623942048e-06
+10 -3.0343975563507026e-09
+11 +1.8872077735009419e-08
+12 -3.5416738458026419e-11
+13 +1.6244801688186173e-10
+14 -3.8502770285278984e-13
+15 +1.3968335354333695e-12
+16 -1.6157325932269837e-15
+17 +5.9045957644872883e-15
+18 -5.8025819387768958e-16
+19 +3.1691472948021106e-15
+20 -7.2072562434139680e-17
+21 -9.3386367048998269e-16
+22 +1.6655611192916408e-15
+23 -1.2806679146778617e-16
+24 +9.7570910814613427e-16
+25 +8.7027230353966544e-16
+26 +3.4742009480152310e-16
+27 +1.6532411135380593e-15
+28 +3.0281542562022186e-15
+29 -1.7427911947537867e-15
+30 +1.8925396618422070e-15
