-30   -0.0000000000000000e+00  -2.4993221177357056e-17
-29   +0.0000000000000000e+00  +6.0285961845912272e-17
-28   +0.0000000000000000e+00  +4.2293453557226610e-18
-27   -0.0000000000000000e+00  -1.1032194934035471e-17
-26   +0.0000000000000000e+00  +1.9535356495651049e-17
-25   +0.0000000000000000e+00  +5.5018902519906626e-17
-24   -0.0000000000000000e+00  -5.2737204498663718e-18
-23   -0.0000000000000000e+00  -3.2125586838325977e-17
-22   +0.0000000000000000e+00  +8.2573359114328645e-19
-21   +0.0000000000000000e+00  +3.6719126639563839e-17
-20   +0.0000000000000000e+00  +2.3051885716406915e-17
-19   +0.0000000000000000e+00  +3.7425347136547312e-17
-18   -0.0000000000000000e+00  -3.4277960445310117e-19
-17   +0.0000000000000000e+00  +1.2446591397476908e-16
-16   -0.0000000000000000e+00  -1.4941529665032148e-18
-15   -0.0000000000000000e+00  -3.5575323289229670e-16
-14   +0.0000000000000000e+00  +7.1834090597662073e-16
-13   -0.0000000000000000e+00  -4.8321187282999833e-14
-12   +0.0000000000000000e+00  +1.0053091335029005e-13
-11   -0.0000000000000000e+00  -7.2667837392863599e-12
-10   +0.0000000000000000e+00  +1.4973799009929777e-11
 -9   -0.0000000000000000e+00  -1.1496079624885101e-09
 -8   +0.0000000000000000e+00  +2.3732006840450511e-09
 -7   -0.0000000000000000e+00  -1.9673234891804981e-07
 -6   +0.0000000000000000e+00  +4.1487813935459361e-07
 -5   -0.0000000000000000e+00  -3.8456008165996659e-05
 -4   +0.0000000000000000e+00  +8.6751655532068362e-05
 -3   -0.0000000000000000e+00  -9.8973707350856980e-03
 -2   +0.0000000000000000e+00  +2.7848878597607367e-02
 -1   -0.0000000000000000e+00  -6.5320543614068107e+00
 +0   +0.0000000000000000e+00  +0.0000000000000000e+00
 +1   +0.0000000000000000e+00  +6.5320543614068107e+00
 +2   -0.0000000000000000e+00  -2.7848878597607367e-02
 +3   +0.0000000000000000e+00  +9.8973707350856980e-03
 +4   -0.0000000000000000e+00  -8.6751655532068362e-05
 +5   +0.0000000000000000e+00  +3.8456008165996659e-05
 +6   -0.0000000000000000e+00  -4.1487813935459361e-07
 +7   +0.0000000000000000e+00  +1.9673234891804981e-07
 +8   -0.0000000000000000e+00  -2.3732006840450511e-09
 +9   +0.0000000000000000e+00  +1.1496079624885101e-09
+10   -0.0000000000000000e+00  -1.4973799009929777e-11
+11   +0.0000000000000000e+00  +7.2667837392863599e-12
+12   -0.0000000000000000e+00  -1.0053091335029005e-13
+13   +0.0000000000000000e+00  +4.8321187282999833e-14
+14   -0.0000000000000000e+00  -7.1834090597662073e-16
+15   +0.0000000000000000e+00  +3.5575323289229670e-16
+16   +0.0000000000000000e+00  +1.4941529665032148e-18
+17   -0.0000000000000000e+00  -1.2446591397476908e-16
+18   +0.0000000000000000e+00  +3.4277960445310117e-19
+19   -0.0000000000000000e+00  -3.7425347136547312e-17
+20   -0.0000000000000000e+00  -2.3051885716406915e-17
+21   -0.0000000000000000e+00  -3.6719126639563839e-17
+22   -0.0000000000000000e+00  -8.2573359114328645e-19
+23   +0.0000000000000000e+00  +3.2125586838325977e-17
+24   +0.0000000000000000e+00  +5.2737204498663718e-18
+25   -0.0000000000000000e+00  -5.5018902519906626e-17
+26   -0.0000000000000000e+00  -1.9535356495651049e-17
+27   +0.0000000000000000e+00  +1.1032194934035471e-17
+28   -0.0000000000000000e+00  -4.2293453557226610e-18
+29   -0.0000000000000000e+00  -6.0285961845912272e-17
+30   +0.0000000000000000e+00  +2.4993221177357056e-17

