-30   -0.0000000000000000e+00  -3.0109811970229706e-19
-29   -0.0000000000000000e+00  -7.8933312966302664e-19
-28   +0.0000000000000000e+00  +1.0872739898359428e-19
-27   +0.0000000000000000e+00  +3.5099385607179382e-19
-26   -0.0000000000000000e+00  -3.1797865540881883e-19
-25   +0.0000000000000000e+00  +5.6065505491585516e-19
-24   -0.0000000000000000e+00  -4.3608692054705131e-19
-23   -0.0000000000000000e+00  -1.1174288907748484e-19
-22   +0.0000000000000000e+00  +6.3786330839158428e-19
-21   -0.0000000000000000e+00  -6.7432091477496654e-19
-20   +0.0000000000000000e+00  +1.9501784642181433e-19
-19   -0.0000000000000000e+00  -5.4407678562189899e-19
-18   -0.0000000000000000e+00  -3.6386641015145218e-19
-17   +0.0000000000000000e+00  +2.6442239101497957e-20
-16   -0.0000000000000000e+00  -2.5318255464217326e-17
-15   +0.0000000000000000e+00  +1.0927295319814583e-17
-14   -0.0000000000000000e+00  -3.0025356024612875e-15
-13   +0.0000000000000000e+00  +1.1387968680853741e-15
-12   -0.0000000000000000e+00  -3.4838477329475733e-13
-11   +0.0000000000000000e+00  +1.1174183194970028e-13
-10   -0.0000000000000000e+00  -4.0355118713770127e-11
 -9   +0.0000000000000000e+00  +1.0570990927805560e-11
 -8   -0.0000000000000000e+00  -4.6624934107183193e-09
 -7   +0.0000000000000000e+00  +9.4468530233892569e-10
 -6   -0.0000000000000000e+00  -5.3605133182287006e-07
 -5   +0.0000000000000000e+00  +7.6106380476140972e-08
 -4   -0.0000000000000000e+00  -6.0925452875931197e-05
 -3   +0.0000000000000000e+00  +4.6930466035815902e-06
 -2   -0.0000000000000000e+00  -6.6434345170004174e-03
 -1   -0.0000000000000000e+00  -1.3221880141862927e-04
 +0   +0.0000000000000000e+00  +0.0000000000000000e+00
 +1   +0.0000000000000000e+00  +1.3221880141862927e-04
 +2   +0.0000000000000000e+00  +6.6434345170004174e-03
 +3   -0.0000000000000000e+00  -4.6930466035815902e-06
 +4   +0.0000000000000000e+00  +6.0925452875931197e-05
 +5   -0.0000000000000000e+00  -7.6106380476140972e-08
 +6   +0.0000000000000000e+00  +5.3605133182287006e-07
 +7   -0.0000000000000000e+00  -9.4468530233892569e-10
 +8   +0.0000000000000000e+00  +4.6624934107183193e-09
 +9   -0.0000000000000000e+00  -1.0570990927805560e-11
+10   +0.0000000000000000e+00  +4.0355118713770127e-11
+11   -0.0000000000000000e+00  -1.1174183194970028e-13
+12   +0.0000000000000000e+00  +3.4838477329475733e-13
+13   -0.0000000000000000e+00  -1.1387968680853741e-15
+14   +0.0000000000000000e+00  +3.0025356024612875e-15
+15   -0.0000000000000000e+00  -1.0927295319814583e-17
+16   +0.0000000000000000e+00  +2.5318255464217326e-17
+17   -0.0000000000000000e+00  -2.6442239101497957e-20
+18   +0.0000000000000000e+00  +3.6386641015145218e-19
+19   +0.0000000000000000e+00  +5.4407678562189899e-19
+20   -0.0000000000000000e+00  -1.9501784642181433e-19
+21   +0.0000000000000000e+00  +6.7432091477496654e-19
+22   -0.0000000000000000e+00  -6.3786330839158428e-19
+23   +0.0000000000000000e+00  +1.1174288907748484e-19
+24   +0.0000000000000000e+00  +4.3608692054705131e-19
+25   -0.0000000000000000e+00  -5.6065505491585516e-19
+26   +0.0000000000000000e+00  +3.1797865540881883e-19
+27   -0.0000000000000000e+00  -3.5099385607179382e-19
+28   -0.0000000000000000e+00  -1.0872739898359428e-19
+29   +0.0000000000000000e+00  +7.8933312966302664e-19
+30   +0.0000000000000000e+00  +3.0109811970229706e-19

