+0 +6.8681236876767340e+00
+1 +1.2840901740715065e+01
+2 -5.7493613866996859e-03
+3 +1.9781958169459470e-02
+4 +1.4266312328442950e-04
+5 +7.6709091643194661e-05
+6 +1.4232910782235831e-06
+7 +3.9074303854848642e-07
+8 +1.2144898715780980e-08
+9 +2.2695672111879544e-09
+10 +1.0038577865290151e-10
+11 +1.4235902261526908e-11
+12 +8.2360409177194073e-13
+13 +9.3656613676449715e-14
+14 +6.7578445603882286e-15
+15 +4.5493333630630679e-16
+16 +3.9658148716938982e-18
+17 -2.0886822645774672e-16
+18 -1.1289971574741117e-16
+19 +1.0467225098934596e-16
+20 -9.7715782487630645e-17
+21 -2.7483774265689926e-17
+22 +5.9453885773421739e-17
+23 -3.2697812909079088e-17
+24 +1.0061457283964828e-16
+25 -2.6032555180440417e-17
+26 -1.0630060117378627e-17
+27 +1.9059666864350769e-16
+28 +4.5165417998047581e-17
+29 -1.0429842121197219e-17
+30 -1.8328976480883230e-17
