+0 +0.0000000000000000e+00
+1 -2.1925707510398631e+00
+2 -3.3372104851523158e-04
+3 -3.2950014307848085e-03
+4 -3.1006418375536343e-07
+5 -1.2777772282552344e-05
+6 +2.6566539389694828e-09
+7 -6.5289346502637114e-08
+8 +3.8969816170178432e-11
+9 -3.8113580209685229e-10
+10 +3.9096235177893917e-13
+11 -2.4069703348337481e-12
+12 +3.5754032157289239e-15
+13 -1.5983741480548839e-14
+14 +3.3525361143226687e-17
+15 -1.1484295265099675e-16
+16 -2.9884726146250189e-18
+17 +4.2221815574608568e-17
+18 -7.5572174045331888e-19
+19 +1.7911135533538101e-17
+20 +8.5230314844874918e-18
+21 -1.7410294214371934e-18
+22 +1.0451476598204051e-18
+23 -3.1385601404218779e-18
+24 +4.8411798084599968e-19
+25 +1.8040106477444002e-17
+26 +1.1388320444594690e-17
+27 +1.3535627261137613e-18
+28 -1.6065244787775933e-18
+29 +1.1356629334894975e-17
+30 -7.3283810303165042e-18
