+0 +0.0000000000000000e+00
+1 -2.6443760283725854e-04
+2 -1.3286869034000835e-02
+3 +9.3860932071631803e-06
+4 -1.2185090575186239e-04
+5 +1.5221276095228194e-07
+6 -1.0721026636457401e-06
+7 +1.8893706046778514e-09
+8 -9.3249868214366386e-09
+9 +2.1141981855611121e-11
+10 -8.0710237427540254e-11
+11 +2.2348366389940056e-13
+12 -6.9676954658951466e-13
+13 +2.2775937361707482e-15
+14 -6.0050712049225750e-15
+15 +2.1854590639629166e-17
+16 -5.0636510928434652e-17
+17 +5.2884478202995914e-20
+18 -7.2773282030290435e-19
+19 -1.0881535712437980e-18
+20 +3.9003569284362865e-19
+21 -1.3486418295499331e-18
+22 +1.2757266167831686e-18
+23 -2.2348577815496968e-19
+24 -8.7217384109410262e-19
+25 +1.1213101098317103e-18
+26 -6.3595731081763767e-19
+27 +7.0198771214358765e-19
+28 +2.1745479796718855e-19
+29 -1.5786662593260533e-18
+30 -6.0219623940459411e-19
