-30   -0.0000000000000000e+00  -3.6641905151582521e-18
-29   +0.0000000000000000e+00  +5.6783146674474875e-18
-28   -0.0000000000000000e+00  -8.0326223938879665e-19
-27   +0.0000000000000000e+00  +6.7678136305688064e-19
-26   +0.0000000000000000e+00  +5.6941602222973450e-18
-25   +0.0000000000000000e+00  +9.0200532387220011e-18
-24   +0.0000000000000000e+00  +2.4205899042299984e-19
-23   -0.0000000000000000e+00  -1.5692800702109389e-18
-22   +0.0000000000000000e+00  +5.2257382991020254e-19
-21   -0.0000000000000000e+00  -8.7051471071859672e-19
-20   +0.0000000000000000e+00  +4.2615157422437459e-18
-19   +0.0000000000000000e+00  +8.9555677667690507e-18
-18   -0.0000000000000000e+00  -3.7786087022665944e-19
-17   +0.0000000000000000e+00  +2.1110907787304284e-17
-16   -0.0000000000000000e+00  -1.4942363073125094e-18
-15   -0.0000000000000000e+00  -5.7421476325498374e-17
-14   +0.0000000000000000e+00  +1.6762680571613343e-17
-13   -0.0000000000000000e+00  -7.9918707402744196e-15
-12   +0.0000000000000000e+00  +1.7877016078644620e-15
-11   -0.0000000000000000e+00  -1.2034851674168740e-12
-10   +0.0000000000000000e+00  +1.9548117588946959e-13
 -9   -0.0000000000000000e+00  -1.9056790104842614e-10
 -8   +0.0000000000000000e+00  +1.9484908085089216e-11
 -7   -0.0000000000000000e+00  -3.2644673251318557e-08
 -6   +0.0000000000000000e+00  +1.3283269694847414e-09
 -5   -0.0000000000000000e+00  -6.3888861412761721e-06
 -4   -0.0000000000000000e+00  -1.5503209187768172e-07
 -3   -0.0000000000000000e+00  -1.6475007153924043e-03
 -2   -0.0000000000000000e+00  -1.6686052425761579e-04
 -1   -0.0000000000000000e+00  -1.0962853755199315e+00
 +0   +0.0000000000000000e+00  +0.0000000000000000e+00
 +1   +0.0000000000000000e+00  +1.0962853755199315e+00
 +2   +0.0000000000000000e+00  +1.6686052425761579e-04
 +3   +0.0000000000000000e+00  +1.6475007153924043e-03
 +4   +0.0000000000000000e+00  +1.5503209187768172e-07
 +5   +0.0000000000000000e+00  +6.3888861412761721e-06
 +6   -0.0000000000000000e+00  -1.3283269694847414e-09
 +7   +0.0000000000000000e+00  +3.2644673251318557e-08
 +8   -0.0000000000000000e+00  -1.9484908085089216e-11
 +9   +0.0000000000000000e+00  +1.9056790104842614e-10
+10   -0.0000000000000000e+00  -1.9548117588946959e-13
+11   +0.0000000000000000e+00  +1.2034851674168740e-12
+12   -0.0000000000000000e+00  -1.7877016078644620e-15
+13   +0.0000000000000000e+00  +7.9918707402744196e-15
+14   -0.0000000000000000e+00  -1.6762680571613343e-17
+15   +0.0000000000000000e+00  +5.7421476325498374e-17
+16   +0.0000000000000000e+00  +1.4942363073125094e-18
+17   -0.0000000000000000e+00  -2.1110907787304284e-17
+18   +0.0000000000000000e+00  +3.7786087022665944e-19
+19   -0.0000000000000000e+00  -8.9555677667690507e-18
+20   -0.0000000000000000e+00  -4.2615157422437459e-18
+21   +0.0000000000000000e+00  +8.7051471071859672e-19
+22   -0.0000000000000000e+00  -5.2257382991020254e-19
+23   +0.0000000000000000e+00  +1.5692800702109389e-18
+24   -0.0000000000000000e+00  -2.4205899042299984e-19
+25   -0.0000000000000000e+00  -9.0200532387220011e-18
+26   -0.0000000000000000e+00  -5.6941602222973450e-18
+27   -0.0000000000000000e+00  -6.7678136305688064e-19
+28   +0.0000000000000000e+00  +8.0326223938879665e-19
+29   -0.0000000000000000e+00  -5.6783146674474875e-18
+30   +0.0000000000000000e+00  +3.6641905151582521e-18

