-30   +2.2722494841793004e-18  +0.0000000000000000e+00
-29   +1.3707776049944216e-18  +0.0000000000000000e+00
-28   +3.0333140051194388e-18  +0.0000000000000000e+00
-27   +1.7179794781277767e-19  +0.0000000000000000e+00
-26   +1.8548646175685903e-18  +0.0000000000000000e+00
-25   -2.2930242830009816e-19  +0.0000000000000000e+00
-24   -4.5095140278254729e-18  +0.0000000000000000e+00
-23   +1.0427697807240618e-18  +0.0000000000000000e+00
-22   -1.3820123832753415e-18  +0.0000000000000000e+00
-21   +2.5844172286857887e-18  +0.0000000000000000e+00
-20   +1.0551002372505029e-20  +0.0000000000000000e+00
-19   -3.5133562843486356e-19  +0.0000000000000000e+00
-18   -1.8898246480326683e-18  +0.0000000000000000e+00
-17   +2.4421750697123585e-19  +0.0000000000000000e+00
-16   +3.1361258192583112e-18  +0.0000000000000000e+00
-15   +7.8818097169283893e-19  +0.0000000000000000e+00
-14   +5.9214832990828079e-16  +0.0000000000000000e+00
-13   -2.1376541693257078e-16  +0.0000000000000000e+00
-12   +7.4392103540380732e-14  +0.0000000000000000e+00
-11   -2.2297724187461273e-14  +0.0000000000000000e+00
-10   +9.4629225018898436e-12  +0.0000000000000000e+00
 -9   -2.2720282147677970e-12  +0.0000000000000000e+00
 -8   +1.2262999579568974e-09  +0.0000000000000000e+00
 -7   -2.2034787762965831e-10  +0.0000000000000000e+00
 -6   +1.6353387543150633e-07  +0.0000000000000000e+00
 -5   -1.9243418317784074e-08  +0.0000000000000000e+00
 -4   +2.2928794856256635e-05  +0.0000000000000000e+00
 -3   -1.1755915734675629e-06  +0.0000000000000000e+00
 -2   +3.5935889993065125e-03  +0.0000000000000000e+00
 -1   +1.4354608749576420e-04  +0.0000000000000000e+00
 +0   +1.0009074577081583e+00  +0.0000000000000000e+00
 +1   +1.4354608749576420e-04  +0.0000000000000000e+00
 +2   +3.5935889993065125e-03  +0.0000000000000000e+00
 +3   -1.1755915734675629e-06  +0.0000000000000000e+00
 +4   +2.2928794856256635e-05  +0.0000000000000000e+00
 +5   -1.9243418317784074e-08  +0.0000000000000000e+00
 +6   +1.6353387543150633e-07  +0.0000000000000000e+00
 +7   -2.2034787762965831e-10  +0.0000000000000000e+00
 +8   +1.2262999579568974e-09  +0.0000000000000000e+00
 +9   -2.2720282147677970e-12  +0.0000000000000000e+00
+10   +9.4629225018898436e-12  +0.0000000000000000e+00
+11   -2.2297724187461273e-14  +0.0000000000000000e+00
+12   +7.4392103540380732e-14  +0.0000000000000000e+00
+13   -2.1376541693257078e-16  +0.0000000000000000e+00
+14   +5.9214832990828079e-16  +0.0000000000000000e+00
+15   +7.8818097169283893e-19  +0.0000000000000000e+00
+16   +3.1361258192583112e-18  +0.0000000000000000e+00
+17   +2.4421750697123585e-19  +0.0000000000000000e+00
+18   -1.8898246480326683e-18  +0.0000000000000000e+00
+19   -3.5133562843486356e-19  +0.0000000000000000e+00
+20   +1.0551002372505029e-20  +0.0000000000000000e+00
+21   +2.5844172286857887e-18  +0.0000000000000000e+00
+22   -1.3820123832753415e-18  +0.0000000000000000e+00
+23   +1.0427697807240618e-18  +0.0000000000000000e+00
+24   -4.5095140278254729e-18  +0.0000000000000000e+00
+25   -2.2930242830009816e-19  +0.0000000000000000e+00
+26   +1.8548646175685903e-18  +0.0000000000000000e+00
+27   +1.7179794781277767e-19  +0.0000000000000000e+00
+28   +3.0333140051194388e-18  +0.0000000000000000e+00
+29   +1.3707776049944216e-18  +0.0000000000000000e+00
+30   +2.2722494841793004e-18  +0.0000000000000000e+00

