-30   -0.0000000000000000e+00  -4.9440852551103438e-19
-29   +0.0000000000000000e+00  +6.8566792737033947e-19
-28   -0.0000000000000000e+00  -2.4760767525143654e-19
-27   +0.0000000000000000e+00  +2.5856372066075964e-19
-26   +0.0000000000000000e+00  +1.6824258130327719e-18
-25   -0.0000000000000000e+00  -8.8280863199093913e-19
-24   +0.0000000000000000e+00  +8.4829059703710266e-19
-23   -0.0000000000000000e+00  -9.7088420246656221e-20
-22   -0.0000000000000000e+00  -5.2876608365855568e-20
-21   +0.0000000000000000e+00  +8.1398995616775455e-19
-20   +0.0000000000000000e+00  +1.2853678522932995e-19
-19   -0.0000000000000000e+00  -6.4247113182605635e-20
-18   +0.0000000000000000e+00  +3.7908860956458057e-19
-17   +0.0000000000000000e+00  +3.1637700827323591e-20
-16   -0.0000000000000000e+00  -2.1683755768888183e-17
-15   +0.0000000000000000e+00  +1.4924308744823724e-17
-14   -0.0000000000000000e+00  -2.4150168521408369e-15
-13   +0.0000000000000000e+00  +1.5929275070170427e-15
-12   -0.0000000000000000e+00  -2.7658526903764007e-13
-11   +0.0000000000000000e+00  +1.6389128739410191e-13
-10   -0.0000000000000000e+00  -3.1525543207403518e-11
 -9   +0.0000000000000000e+00  +1.6474199593293391e-11
 -8   -0.0000000000000000e+00  -3.5642561448246811e-09
 -7   +0.0000000000000000e+00  +1.5939834219060833e-09
 -6   -0.0000000000000000e+00  -3.9714487322735054e-07
 -5   +0.0000000000000000e+00  +1.4345030764846048e-07
 -4   -0.0000000000000000e+00  -4.2884052536474782e-05
 -3   +0.0000000000000000e+00  +1.0624184897334555e-05
 -2   -0.0000000000000000e+00  -4.1962609979247683e-03
 -1   +0.0000000000000000e+00  +5.0258327423973277e-06
 +0   +0.0000000000000000e+00  +0.0000000000000000e+00
 +1   -0.0000000000000000e+00  -5.0258327423973277e-06
 +2   +0.0000000000000000e+00  +4.1962609979247683e-03
 +3   -0.0000000000000000e+00  -1.0624184897334555e-05
 +4   +0.0000000000000000e+00  +4.2884052536474782e-05
 +5   -0.0000000000000000e+00  -1.4345030764846048e-07
 +6   +0.0000000000000000e+00  +3.9714487322735054e-07
 +7   -0.0000000000000000e+00  -1.5939834219060833e-09
 +8   +0.0000000000000000e+00  +3.5642561448246811e-09
 +9   -0.0000000000000000e+00  -1.6474199593293391e-11
+10   +0.0000000000000000e+00  +3.1525543207403518e-11
+11   -0.0000000000000000e+00  -1.6389128739410191e-13
+12   +0.0000000000000000e+00  +2.7658526903764007e-13
+13   -0.0000000000000000e+00  -1.5929275070170427e-15
+14   +0.0000000000000000e+00  +2.4150168521408369e-15
+15   -0.0000000000000000e+00  -1.4924308744823724e-17
+16   +0.0000000000000000e+00  +2.1683755768888183e-17
+17   -0.0000000000000000e+00  -3.1637700827323591e-20
+18   -0.0000000000000000e+00  -3.7908860956458057e-19
+19   +0.0000000000000000e+00  +6.4247113182605635e-20
+20   -0.0000000000000000e+00  -1.2853678522932995e-19
+21   -0.0000000000000000e+00  -8.1398995616775455e-19
+22   +0.0000000000000000e+00  +5.2876608365855568e-20
+23   +0.0000000000000000e+00  +9.7088420246656221e-20
+24   -0.0000000000000000e+00  -8.4829059703710266e-19
+25   +0.0000000000000000e+00  +8.8280863199093913e-19
+26   -0.0000000000000000e+00  -1.6824258130327719e-18
+27   -0.0000000000000000e+00  -2.5856372066075964e-19
+28   +0.0000000000000000e+00  +2.4760767525143654e-19
+29   -0.0000000000000000e+00  -6.8566792737033947e-19
+30   +0.0000000000000000e+00  +4.9440852551103438e-19

