+0 +0.0000000000000000e+00
+1 +1.0051665484794655e-05
+2 -8.3925219958495365e-03
+3 +2.1248369794669109e-05
+4 -8.5768105072949564e-05
+5 +2.8690061529692096e-07
+6 -7.9428974645470108e-07
+7 +3.1879668438121666e-09
+8 -7.1285122896493622e-09
+9 +3.2948399186586782e-11
+10 -6.3051086414807035e-11
+11 +3.2778257478820381e-13
+12 -5.5317053807528015e-13
+13 +3.1858550140340854e-15
+14 -4.8300337042816738e-15
+15 +2.9848617489647449e-17
+16 -4.3367511537776367e-17
+17 +6.3275401654647183e-20
+18 +7.5817721912916114e-19
+19 -1.2849422636521127e-19
+20 +2.5707357045865991e-19
+21 +1.6279799123355091e-18
+22 -1.0575321673171114e-19
+23 -1.9417684049331244e-19
+24 +1.6965811940742053e-18
+25 -1.7656172639818783e-18
+26 +3.3648516260655439e-18
+27 +5.1712744132151929e-19
+28 -4.9521535050287309e-19
+29 +1.3713358547406789e-18
+30 -9.8881705102206876e-19
