-30   -9.1644882404416151e-18  +0.0000000000000000e+00
-29   -5.2149210605986096e-18  +0.0000000000000000e+00
-28   +2.2582708999023790e-17  +0.0000000000000000e+00
-27   +9.5298334321753843e-17  +0.0000000000000000e+00
-26   -5.3150300586893137e-18  +0.0000000000000000e+00
-25   -1.3016277590220208e-17  +0.0000000000000000e+00
-24   +5.0307286419824139e-17  +0.0000000000000000e+00
-23   -1.6348906454539544e-17  +0.0000000000000000e+00
-22   +2.9726942886710869e-17  +0.0000000000000000e+00
-21   -1.3741887132844963e-17  +0.0000000000000000e+00
-20   -4.8857891243815322e-17  +0.0000000000000000e+00
-19   +5.2336125494672979e-17  +0.0000000000000000e+00
-18   -5.6449857873705584e-17  +0.0000000000000000e+00
-17   -1.0443411322887336e-16  +0.0000000000000000e+00
-16   +1.9829074358469491e-18  +0.0000000000000000e+00
-15   +2.2746666815315340e-16  +0.0000000000000000e+00
-14   +3.3789222801941143e-15  +0.0000000000000000e+00
-13   +4.6828306838224858e-14  +0.0000000000000000e+00
-12   +4.1180204588597037e-13  +0.0000000000000000e+00
-11   +7.1179511307634538e-12  +0.0000000000000000e+00
-10   +5.0192889326450755e-11  +0.0000000000000000e+00
 -9   +1.1347836055939772e-09  +0.0000000000000000e+00
 -8   +6.0724493578904898e-09  +0.0000000000000000e+00
 -7   +1.9537151927424321e-07  +0.0000000000000000e+00
 -6   +7.1164553911179153e-07  +0.0000000000000000e+00
 -5   +3.8354545821597330e-05  +0.0000000000000000e+00
 -4   +7.1331561642214749e-05  +0.0000000000000000e+00
 -3   +9.8909790847297348e-03  +0.0000000000000000e+00
 -2   -2.8746806933498429e-03  +0.0000000000000000e+00
 -1   +6.4204508703575325e+00  +0.0000000000000000e+00
 +0   +6.8681236876767340e+00  +0.0000000000000000e+00
 +1   +6.4204508703575325e+00  +0.0000000000000000e+00
 +2   -2.8746806933498429e-03  +0.0000000000000000e+00
 +3   +9.8909790847297348e-03  +0.0000000000000000e+00
 +4   +7.1331561642214749e-05  +0.0000000000000000e+00
 +5   +3.8354545821597330e-05  +0.0000000000000000e+00
 +6   +7.1164553911179153e-07  +0.0000000000000000e+00
 +7   +1.9537151927424321e-07  +0.0000000000000000e+00
 +8   +6.0724493578904898e-09  +0.0000000000000000e+00
 +9   +1.1347836055939772e-09  +0.0000000000000000e+00
+10   +5.0192889326450755e-11  +0.0000000000000000e+00
+11   +7.1179511307634538e-12  +0.0000000000000000e+00
+12   +4.1180204588597037e-13  +0.0000000000000000e+00
+13   +4.6828306838224858e-14  +0.0000000000000000e+00
+14   +3.3789222801941143e-15  +0.0000000000000000e+00
+15   +2.2746666815315340e-16  +0.0000000000000000e+00
+16   +1.9829074358469491e-18  +0.0000000000000000e+00
+17   -1.0443411322887336e-16  +0.0000000000000000e+00
+18   -5.6449857873705584e-17  +0.0000000000000000e+00
+19   +5.2336125494672979e-17  +0.0000000000000000e+00
+20   -4.8857891243815322e-17  +0.0000000000000000e+00
+21   -1.3741887132844963e-17  +0.0000000000000000e+00
+22   +2.9726942886710869e-17  +0.0000000000000000e+00
+23   -1.6348906454539544e-17  +0.0000000000000000e+00
+24   +5.0307286419824139e-17  +0.0000000000000000e+00
+25   -1.3016277590220208e-17  +0.0000000000000000e+00
+26   -5.3150300586893137e-18  +0.0000000000000000e+00
+27   +9.5298334321753843e-17  +0.0000000000000000e+00
+28   +2.2582708999023790e-17  +0.0000000000000000e+00
+29   -5.2149210605986096e-18  +0.0000000000000000e+00
+30   -9.1644882404416151e-18  +0.0000000000000000e+00

