+0 +1.0000904041257455e+00
+1 +8.8923877128903209e-04
+2 +1.3209369028479176e-02
+3 +2.0443647791100838e-05
+4 +1.2961669721260513e-04
+5 +1.7161724824371586e-07
+6 +1.2712251822526853e-06
+7 +1.0456793143058739e-09
+8 +1.2235492086269705e-08
+9 +3.1286776300218076e-12
+10 +1.1580913390347316e-10
+11 -3.7586094715770371e-14
+12 +1.0816728851416994e-12
+13 -9.9179470917133044e-16
+14 +9.9967352713904613e-15
+15 -1.8259310926896453e-17
+16 +3.6028033507254477e-17
+17 -4.6664357705891979e-19
+18 -8.1061529165979495e-18
+19 +4.5269778167961627e-18
+20 -3.1381533331998417e-18
+21 +1.0045562467726285e-17
+22 +3.7250920526741096e-18
+23 +8.2476559402649959e-18
+24 -1.5126934226036869e-18
+25 -2.2081810110728098e-18
+26 +3.2438368678755583e-18
+27 +1.1468542677168755e-17
+28 -8.9636644709635869e-18
+29 +6.1826351553015846e-18
+30 +3.8758655342699822e-19
