+0 +0.0000000000000000e+00
+1 -5.2887520567451696e-04
+2 -2.6573738068001670e-02
+3 +1.8772186414326300e-05
+4 -2.4370181150372468e-04
+5 +3.0442552190448035e-07
+6 -2.1442053272914146e-06
+7 +3.7787412093169708e-09
+8 -1.8649973642905670e-08
+9 +4.2283963734087912e-11
+10 -1.6142047499890760e-10
+11 +4.4696743874522019e-13
+12 -1.3935391757713969e-12
+13 +4.5551936178073295e-15
+14 -1.2010155736902428e-14
+15 +4.3580949717811659e-17
+16 -1.0122798821307628e-16
+17 +6.1824752214439289e-20
+18 -1.4782154243567819e-18
+19 -2.0992788263112154e-18
+20 +8.4374921235990926e-19
+21 -2.7070642295596527e-18
+22 +2.4098396078333704e-18
+23 -4.0714154776792973e-19
+24 -1.8223865832097502e-18
+25 +2.2705993819345748e-18
+26 -1.1087119135735003e-18
+27 +1.3658610461117595e-18
+28 +5.0873768567953016e-19
+29 -3.1232471364755927e-18
+30 -8.9409218234483480e-19
