-30   +1.9379327671349911e-19  +0.0000000000000000e+00
-29   +3.0913175776507923e-18  +0.0000000000000000e+00
-28   -4.4818322354817935e-18  +0.0000000000000000e+00
-27   +5.7342713385843775e-18  +0.0000000000000000e+00
-26   +1.6219184339377791e-18  +0.0000000000000000e+00
-25   -1.1040905055364049e-18  +0.0000000000000000e+00
-24   -7.5634671130184346e-19  +0.0000000000000000e+00
-23   +4.1238279701324979e-18  +0.0000000000000000e+00
-22   +1.8625460263370548e-18  +0.0000000000000000e+00
-21   +5.0227812338631425e-18  +0.0000000000000000e+00
-20   -1.5690766665999208e-18  +0.0000000000000000e+00
-19   +2.2634889083980813e-18  +0.0000000000000000e+00
-18   -4.0530764582989748e-18  +0.0000000000000000e+00
-17   -2.3332178852945990e-19  +0.0000000000000000e+00
-16   +1.8014016753627238e-17  +0.0000000000000000e+00
-15   -9.1296554634482264e-18  +0.0000000000000000e+00
-14   +4.9983676356952306e-15  +0.0000000000000000e+00
-13   -4.9589735458566522e-16  +0.0000000000000000e+00
-12   +5.4083644257084971e-13  +0.0000000000000000e+00
-11   -1.8793047357885185e-14  +0.0000000000000000e+00
-10   +5.7904566951736578e-11  +0.0000000000000000e+00
 -9   +1.5643388150109038e-12  +0.0000000000000000e+00
 -8   +6.1177460431348524e-09  +0.0000000000000000e+00
 -7   +5.2283965715293694e-10  +0.0000000000000000e+00
 -6   +6.3561259112634263e-07  +0.0000000000000000e+00
 -5   +8.5808624121857929e-08  +0.0000000000000000e+00
 -4   +6.4808348606302564e-05  +0.0000000000000000e+00
 -3   +1.0221823895550419e-05  +0.0000000000000000e+00
 -2   +6.6046845142395880e-03  +0.0000000000000000e+00
 -1   +4.4461938564451604e-04  +0.0000000000000000e+00
 +0   +1.0000904041257455e+00  +0.0000000000000000e+00
 +1   +4.4461938564451604e-04  +0.0000000000000000e+00
 +2   +6.6046845142395880e-03  +0.0000000000000000e+00
 +3   +1.0221823895550419e-05  +0.0000000000000000e+00
 +4   +6.4808348606302564e-05  +0.0000000000000000e+00
 +5   +8.5808624121857929e-08  +0.0000000000000000e+00
 +6   +6.3561259112634263e-07  +0.0000000000000000e+00
 +7   +5.2283965715293694e-10  +0.0000000000000000e+00
 +8   +6.1177460431348524e-09  +0.0000000000000000e+00
 +9   +1.5643388150109038e-12  +0.0000000000000000e+00
+10   +5.7904566951736578e-11  +0.0000000000000000e+00
+11   -1.8793047357885185e-14  +0.0000000000000000e+00
+12   +5.4083644257084971e-13  +0.0000000000000000e+00
+13   -4.9589735458566522e-16  +0.0000000000000000e+00
+14   +4.9983676356952306e-15  +0.0000000000000000e+00
+15   -9.1296554634482264e-18  +0.0000000000000000e+00
+16   +1.8014016753627238e-17  +0.0000000000000000e+00
+17   -2.3332178852945990e-19  +0.0000000000000000e+00
+18   -4.0530764582989748e-18  +0.0000000000000000e+00
+19   +2.2634889083980813e-18  +0.0000000000000000e+00
+20   -1.5690766665999208e-18  +0.0000000000000000e+00
+21   +5.0227812338631425e-18  +0.0000000000000000e+00
+22   +1.8625460263370548e-18  +0.0000000000000000e+00
+23   +4.1238279701324979e-18  +0.0000000000000000e+00
+24   -7.5634671130184346e-19  +0.0000000000000000e+00
+25   -1.1040905055364049e-18  +0.0000000000000000e+00
+26   +1.6219184339377791e-18  +0.0000000000000000e+00
+27   +5.7342713385843775e-18  +0.0000000000000000e+00
+28   -4.4818322354817935e-18  +0.0000000000000000e+00
+29   +3.0913175776507923e-18  +0.0000000000000000e+00
+30   +1.9379327671349911e-19  +0.0000000000000000e+00

