+0 +0.0000000000000000e+00
+1 -1.3064108722813621e+01
+2 +5.5697757195214734e-02
+3 -1.9794741470171396e-02
+4 +1.7350331106413672e-04
+5 -7.6912016331993319e-05
+6 +8.2975627870918721e-07
+7 -3.9346469783609963e-07
+8 +4.7464013680901022e-09
+9 -2.2992159249770203e-09
+10 +2.9947598019859553e-11
+11 -1.4533567478572720e-11
+12 +2.0106182670058009e-13
+13 -9.6642374565999666e-14
+14 +1.4366818119532415e-15
+15 -7.1150646578459341e-16
+16 -2.9883059330064297e-18
+17 +2.4893182794953816e-16
+18 -6.8555920890620233e-19
+19 +7.4850694273094624e-17
+20 +4.6103771432813830e-17
+21 +7.3438253279127678e-17
+22 +1.6514671822865729e-18
+23 -6.4251173676651954e-17
+24 -1.0547440899732744e-17
+25 +1.1003780503981325e-16
+26 +3.9070712991302098e-17
+27 -2.2064389868070942e-17
+28 +8.4586907114453221e-18
+29 +1.2057192369182454e-16
+30 -4.9986442354714112e-17
