+0 +1.0009074577081583e+00
+1 +2.8709217499152840e-04
+2 +7.1871779986130251e-03
+3 -2.3511831469351257e-06
+4 +4.5857589712513269e-05
+5 -3.8486836635568148e-08
+6 +3.2706775086301267e-07
+7 -4.4069575525931662e-10
+8 +2.4525999159137948e-09
+9 -4.5440564295355940e-12
+10 +1.8925845003779687e-11
+11 -4.4595448374922547e-14
+12 +1.4878420708076146e-13
+13 -4.2753083386514156e-16
+14 +1.1842966598165616e-15
+15 +1.5763619433856779e-18
+16 +6.2722516385166225e-18
+17 +4.8843501394247169e-19
+18 -3.7796492960653366e-18
+19 -7.0267125686972711e-19
+20 +2.1102004745010058e-20
+21 +5.1688344573715774e-18
+22 -2.7640247665506831e-18
+23 +2.0855395614481235e-18
+24 -9.0190280556509457e-18
+25 -4.5860485660019633e-19
+26 +3.7097292351371807e-18
+27 +3.4359589562555534e-19
+28 +6.0666280102388775e-18
+29 +2.7415552099888432e-18
+30 +4.5444989683586008e-18
