-30   -9.2874535634738989e-15  +0.0000000000000000e+00
-29   +1.8107779510271026e-15  +0.0000000000000000e+00
-28   -1.2592994959537751e-14  +0.0000000000000000e+00
-27   -1.0233055201948578e-14  +0.0000000000000000e+00
-26   +1.9730761769748243e-16  +0.0000000000000000e+00
-25   -1.2842082891449461e-15  +0.0000000000000000e+00
-24   +4.6801153189184118e-15  +0.0000000000000000e+00
-23   +7.0273593252707079e-15  +0.0000000000000000e+00
-22   +3.2957242510926858e-17  +0.0000000000000000e+00
-21   +7.1620085748042774e-15  +0.0000000000000000e+00
-20   +3.4664668735289293e-15  +0.0000000000000000e+00
-19   -1.4054825513136653e-15  +0.0000000000000000e+00
-18   -6.1877007560200364e-15  +0.0000000000000000e+00
-17   -1.0413980369661413e-14  +0.0000000000000000e+00
-16   -3.5435539187039164e-15  +0.0000000000000000e+00
-15   -4.1535281982886741e-12  +0.0000000000000000e+00
-14   +1.1404018400250978e-12  +0.0000000000000000e+00
-13   -4.8395975373287097e-10  +0.0000000000000000e+00
-12   +1.0551778780734200e-10  +0.0000000000000000e+00
-11   -5.6222880835451070e-08  +0.0000000000000000e+00
-10   +9.0399623308539094e-09  +0.0000000000000000e+00
 -9   -6.5256444327362640e-06  +0.0000000000000000e+00
 -8   +6.7892897429509489e-07  +0.0000000000000000e+00
 -7   -7.5638864072529550e-04  +0.0000000000000000e+00
 -6   +3.6477824271002741e-05  +0.0000000000000000e+00
 -5   -8.7478778982395644e-02  +0.0000000000000000e+00
 -4   -4.6916878225415431e-04  +0.0000000000000000e+00
 -3   -1.0078213101394979e+01  +0.0000000000000000e+00
 -2   -5.1745275944893221e-01  +0.0000000000000000e+00
 -1   -1.1575926170305584e+03  +0.0000000000000000e+00
 +0   -6.5097042938435443e+00  +0.0000000000000000e+00
 +1   -1.1575926170305584e+03  +0.0000000000000000e+00
 +2   -5.1745275944893221e-01  +0.0000000000000000e+00
 +3   -1.0078213101394979e+01  +0.0000000000000000e+00
 +4   -4.6916878225415431e-04  +0.0000000000000000e+00
 +5   -8.7478778982395644e-02  +0.0000000000000000e+00
 +6   +3.6477824271002741e-05  +0.0000000000000000e+00
 +7   -7.5638864072529550e-04  +0.0000000000000000e+00
 +8   +6.7892897429509489e-07  +0.0000000000000000e+00
 +9   -6.5256444327362640e-06  +0.0000000000000000e+00
+10   +9.0399623308539094e-09  +0.0000000000000000e+00
+11   -5.6222880835451070e-08  +0.0000000000000000e+00
+12   +1.0551778780734200e-10  +0.0000000000000000e+00
+13   -4.8395975373287097e-10  +0.0000000000000000e+00
+14   +1.1404018400250978e-12  +0.0000000000000000e+00
+15   -4.1535281982886741e-12  +0.0000000000000000e+00
+16   -3.5435539187039164e-15  +0.0000000000000000e+00
+17   -1.0413980369661413e-14  +0.0000000000000000e+00
+18   -6.1877007560200364e-15  +0.0000000000000000e+00
+19   -1.4054825513136653e-15  +0.0000000000000000e+00
+20   +3.4664668735289293e-15  +0.0000000000000000e+00
+21   +7.1620085748042774e-15  +0.0000000000000000e+00
+22   +3.2957242510926858e-17  +0.0000000000000000e+00
+23   +7.0273593252707079e-15  +0.0000000000000000e+00
+24   +4.6801153189184118e-15  +0.0000000000000000e+00
+25   -1.2842082891449461e-15  +0.0000000000000000e+00
+26   +1.9730761769748243e-16  +0.0000000000000000e+00
+27   -1.0233055201948578e-14  +0.0000000000000000e+00
+28   -1.2592994959537751e-14  +0.0000000000000000e+00
+29   +1.8107779510271026e-15  +0.0000000000000000e+00
+30   -9.2874535634738989e-15  +0.0000000000000000e+00

