+0 -6.5097042938435443e+00
+1 -2.3151852340611167e+03
+2 -1.0349055188978644e+00
+3 -2.0156426202789959e+01
+4 -9.3833756450830861e-04
+5 -1.7495755796479129e-01
+6 +7.2955648542005481e-05
+7 -1.5127772814505910e-03
+8 +1.3578579485901898e-06
+9 -1.3051288865472528e-05
+10 +1.8079924661707819e-08
+11 -1.1244576167090214e-07
+12 +2.1103557561468400e-10
+13 -9.6791950746574193e-10
+14 +2.2808036800501956e-12
+15 -8.3070563965773483e-12
+16 -7.0871078374078327e-15
+17 -2.0827960739322825e-14
+18 -1.2375401512040073e-14
+19 -2.8109651026273305e-15
+20 +6.9329337470578586e-15
+21 +1.4324017149608555e-14
+22 +6.5914485021853716e-17
+23 +1.4054718650541416e-14
+24 +9.3602306378368236e-15
+25 -2.5684165782898922e-15
+26 +3.9461523539496487e-16
+27 -2.0466110403897156e-14
+28 -2.5185989919075503e-14
+29 +3.6215559020542052e-15
+30 -1.8574907126947798e-14
