-30   -0.0000000000000000e+00  -1.0823690578947616e-15
-29   +0.0000000000000000e+00  +1.2002571363086244e-15
-28   +0.0000000000000000e+00  +2.7916077753002290e-16
-27   -0.0000000000000000e+00  -2.4630030694742125e-16
-26   +0.0000000000000000e+00  +2.8037622463836784e-16
-25   +0.0000000000000000e+00  +5.3123943007058918e-16
-24   +0.0000000000000000e+00  +5.6047767244269124e-16
-23   +0.0000000000000000e+00  +5.8057611621054963e-17
-22   -0.0000000000000000e+00  -3.4048323808982585e-16
-21   +0.0000000000000000e+00  +5.4620333644783574e-16
-20   +0.0000000000000000e+00  +1.4287518835697114e-15
-19   +0.0000000000000000e+00  +2.8295229108819995e-15
-18   -0.0000000000000000e+00  -2.9306939744771347e-16
-17   -0.0000000000000000e+00  -1.6113831051946291e-15
-16   +0.0000000000000000e+00  +1.7148840038213541e-15
-15   -0.0000000000000000e+00  -7.0062865954014496e-13
-14   +0.0000000000000000e+00  +1.9465974891968004e-13
-13   -0.0000000000000000e+00  -8.1232127632787463e-11
-12   +0.0000000000000000e+00  +1.7711283868473744e-11
-11   -0.0000000000000000e+00  -9.4373250845356614e-09
-10   +0.0000000000000000e+00  +1.5176258285697405e-09
 -9   -0.0000000000000000e+00  -1.0954163723855885e-06
 -8   +0.0000000000000000e+00  +1.1400097421644821e-07
 -7   -0.0000000000000000e+00  -1.2697984486006536e-04
 -6   +0.0000000000000000e+00  +6.1292565772585401e-06
 -5   -0.0000000000000000e+00  -1.4687913360153123e-02
 -4   -0.0000000000000000e+00  -7.7794331494528490e-05
 -3   -0.0000000000000000e+00  -1.6928482433206997e+00
 -2   -0.0000000000000000e+00  -8.6713958311843323e-02
 -1   -0.0000000000000000e+00  -1.9487186281188286e+02
 +0   +0.0000000000000000e+00  +0.0000000000000000e+00
 +1   +0.0000000000000000e+00  +1.9487186281188286e+02
 +2   +0.0000000000000000e+00  +8.6713958311843323e-02
 +3   +0.0000000000000000e+00  +1.6928482433206997e+00
 +4   +0.0000000000000000e+00  +7.7794331494528490e-05
 +5   +0.0000000000000000e+00  +1.4687913360153123e-02
 +6   -0.0000000000000000e+00  -6.1292565772585401e-06
 +7   +0.0000000000000000e+00  +1.2697984486006536e-04
 +8   -0.0000000000000000e+00  -1.1400097421644821e-07
 +9   +0.0000000000000000e+00  +1.0954163723855885e-06
+10   -0.0000000000000000e+00  -1.5176258285697405e-09
+11   +0.0000000000000000e+00  +9.4373250845356614e-09
+12   -0.0000000000000000e+00  -1.7711283868473744e-11
+13   +0.0000000000000000e+00  +8.1232127632787463e-11
+14   -0.0000000000000000e+00  -1.9465974891968004e-13
+15   +0.0000000000000000e+00  +7.0062865954014496e-13
+16   -0.0000000000000000e+00  -1.7148840038213541e-15
+17   +0.0000000000000000e+00  +1.6113831051946291e-15
+18   +0.0000000000000000e+00  +2.9306939744771347e-16
+19   -0.0000000000000000e+00  -2.8295229108819995e-15
+20   -0.0000000000000000e+00  -1.4287518835697114e-15
+21   -0.0000000000000000e+00  -5.4620333644783574e-16
+22   +0.0000000000000000e+00  +3.4048323808982585e-16
+23   -0.0000000000000000e+00  -5.8057611621054963e-17
+24   -0.0000000000000000e+00  -5.6047767244269124e-16
+25   -0.0000000000000000e+00  -5.3123943007058918e-16
+26   -0.0000000000000000e+00  -2.8037622463836784e-16
+27   +0.0000000000000000e+00  +2.4630030694742125e-16
+28   -0.0000000000000000e+00  -2.7916077753002290e-16
+29   -0.0000000000000000e+00  -1.2002571363086244e-15
+30   +0.0000000000000000e+00  +1.0823690578947616e-15

