-30   +0.0000000000000000e+00  +6.1519188273982502e-15
-29   -0.0000000000000000e+00  -8.0479086096346080e-15
-28   -0.0000000000000000e+00  -1.8724782538805763e-15
-27   -0.0000000000000000e+00  -4.5734572689504368e-16
-26   -0.0000000000000000e+00  -1.1612797231208567e-15
-25   +0.0000000000000000e+00  +4.7015155233612211e-15
-24   -0.0000000000000000e+00  -2.4982222345573356e-15
-23   -0.0000000000000000e+00  -6.5179067833659464e-15
-22   +0.0000000000000000e+00  +1.6726784644012706e-15
-21   -0.0000000000000000e+00  -3.7944480408592252e-15
-20   -0.0000000000000000e+00  -7.5508992895150405e-15
-19   -0.0000000000000000e+00  -1.5107889907430757e-14
-18   -0.0000000000000000e+00  -1.2772346647834096e-15
-17   +0.0000000000000000e+00  +7.4475736022925282e-15
-16   -0.0000000000000000e+00  -8.4689745832682326e-15
-15   +0.0000000000000000e+00  +4.1707211499478776e-12
-14   -0.0000000000000000e+00  -1.1604614912855385e-12
-13   +0.0000000000000000e+00  +4.8401033691493037e-10
-12   -0.0000000000000000e+00  -1.0552771456634891e-10
-11   +0.0000000000000000e+00  +5.6230539212465990e-08
-10   -0.0000000000000000e+00  -9.0424897106059640e-09
 -9   +0.0000000000000000e+00  +6.5268339511389972e-06
 -8   -0.0000000000000000e+00  -6.7925352477912607e-07
 -7   +0.0000000000000000e+00  +7.5658570021604123e-04
 -6   -0.0000000000000000e+00  -3.6520031067583411e-05
 -5   +0.0000000000000000e+00  +8.7515189725709014e-02
 -4   +0.0000000000000000e+00  +4.6352300108188412e-04
 -3   +0.0000000000000000e+00  +1.0086520226416525e+01
 -2   +0.0000000000000000e+00  +5.1666893230154354e-01
 -1   +0.0000000000000000e+00  +1.1611076146765722e+03
 +0   +0.0000000000000000e+00  +0.0000000000000000e+00
 +1   -0.0000000000000000e+00  -1.1611076146765722e+03
 +2   -0.0000000000000000e+00  -5.1666893230154354e-01
 +3   -0.0000000000000000e+00  -1.0086520226416525e+01
 +4   -0.0000000000000000e+00  -4.6352300108188412e-04
 +5   -0.0000000000000000e+00  -8.7515189725709014e-02
 +6   +0.0000000000000000e+00  +3.6520031067583411e-05
 +7   -0.0000000000000000e+00  -7.5658570021604123e-04
 +8   +0.0000000000000000e+00  +6.7925352477912607e-07
 +9   -0.0000000000000000e+00  -6.5268339511389972e-06
+10   +0.0000000000000000e+00  +9.0424897106059640e-09
+11   -0.0000000000000000e+00  -5.6230539212465990e-08
+12   +0.0000000000000000e+00  +1.0552771456634891e-10
+13   -0.0000000000000000e+00  -4.8401033691493037e-10
+14   +0.0000000000000000e+00  +1.1604614912855385e-12
+15   -0.0000000000000000e+00  -4.1707211499478776e-12
+16   +0.0000000000000000e+00  +8.4689745832682326e-15
+17   -0.0000000000000000e+00  -7.4475736022925282e-15
+18   +0.0000000000000000e+00  +1.2772346647834096e-15
+19   +0.0000000000000000e+00  +1.5107889907430757e-14
+20   +0.0000000000000000e+00  +7.5508992895150405e-15
+21   +0.0000000000000000e+00  +3.7944480408592252e-15
+22   -0.0000000000000000e+00  -1.6726784644012706e-15
+23   +0.0000000000000000e+00  +6.5179067833659464e-15
+24   +0.0000000000000000e+00  +2.4982222345573356e-15
+25   -0.0000000000000000e+00  -4.7015155233612211e-15
+26   +0.0000000000000000e+00  +1.1612797231208567e-15
+27   +0.0000000000000000e+00  +4.5734572689504368e-16
+28   +0.0000000000000000e+00  +1.8724782538805763e-15
+29   +0.0000000000000000e+00  +8.0479086096346080e-15
+30   -0.0000000000000000e+00  -6.1519188273982502e-15

