+0 +0.0000000000000000e+00
+1 +2.3222152293531444e+03
+2 +1.0333378646030871e+00
+3 +2.0173040452833050e+01
+4 +9.2704600216376824e-04
+5 +1.7503037945141803e-01
+6 -7.3040062135166822e-05
+7 +1.5131714004320825e-03
+8 -1.3585070495582521e-06
+9 +1.3053667902277994e-05
+10 -1.8084979421211928e-08
+11 +1.1246107842493198e-07
+12 -2.1105542913269782e-10
+13 +9.6802067382986073e-10
+14 -2.3209229825710770e-12
+15 +8.3414422998957552e-12
+16 -1.6937949166536465e-14
+17 +1.4895147204585056e-14
+18 -2.5544693295668191e-15
+19 -3.0215779814861514e-14
+20 -1.5101798579030081e-14
+21 -7.5888960817184505e-15
+22 +3.3453569288025412e-15
+23 -1.3035813566731893e-14
+24 -4.9964444691146712e-15
+25 +9.4030310467224422e-15
+26 -2.3225594462417133e-15
+27 -9.1469145379008736e-16
+28 -3.7449565077611527e-15
+29 -1.6095817219269216e-14
+30 +1.2303837654796500e-14
