bj: 
-30   +9.647209905055209e-36
-29   -8.272261408428238e-36
-28   +1.334211243851273e-33
-27   -1.056419672481967e-33
-26   +1.868044563369998e-31
-25   -1.353269616949227e-31
-24   +2.653446312317743e-29
-23   -1.737667598280226e-29
-22   +3.833015636204175e-27
-21   -2.232009711868874e-27
-20   +5.648126356563606e-25
-19   -2.855098016022380e-25
-18   +8.523371431398723e-23
-17   -3.599901229815177e-23
-16   +1.324053653696997e-20
-15   -4.359714604723266e-21
-14   +2.131970680205299e-18
-13   -4.675223587923904e-19
-12   +3.591384180671872e-16
-11   -2.781905753890564e-17
-10   +6.405746745898465e-14
 -9   +8.611551796014704e-15
 -8   +1.224069117472269e-11
 -7   +6.666645777382892e-12
 -6   +2.444541403182088e-09
 -5   +4.604798391391626e-09
 -4   +1.545864413701732e-07
 -3   +7.360514539450943e-06
 -2   -8.688592707298761e-03
 -1   -4.483846462716684e-04
 +0   +9.990930211448792e-01
 +1   +1.607506070352026e-04
 +2   +1.514503555873259e-03
 +3   +1.474833975369282e-07
 +4   +5.874877029010176e-06
 +5   -1.212071450916817e-09
 +6   +3.001784387420441e-08
 +7   -1.788769852168111e-11
 +8   +1.752254234365118e-10
 +9   -1.796209196890491e-13
+10   +1.106557279892644e-12
+11   -1.632934201839354e-15
+12   +7.360649029213278e-15
+13   -1.427339937929348e-17
+14   +5.080201370576715e-17
+15   -1.224784903967446e-19
+16   +3.604234944807514e-19
+17   -1.041000212154008e-21
+18   +2.612313511150527e-21
+19   -8.802447028352080e-24
+20   +1.925949741662272e-23
+21   -7.422198929655233e-26
+22   +1.439842593820285e-25
+23   -6.249027858173627e-28
+24   +1.088981853621540e-27
+25   -5.257526571561299e-30
+26   +8.317312486384602e-30
+27   -4.422265454707824e-32
+28   +6.406066390801164e-32
+29   -3.719766244026212e-34
+30   +4.969894118902177e-34

