-30   +9.6472099050552086e-36  +0.0000000000000000e+00
-29   -8.2722614084282383e-36  +0.0000000000000000e+00
-28   +1.3342112438512726e-33  +0.0000000000000000e+00
-27   -1.0564196724819672e-33  +0.0000000000000000e+00
-26   +1.8680445633699980e-31  +0.0000000000000000e+00
-25   -1.3532696169492269e-31  +0.0000000000000000e+00
-24   +2.6534463123177432e-29  +0.0000000000000000e+00
-23   -1.7376675982802256e-29  +0.0000000000000000e+00
-22   +3.8330156362041749e-27  +0.0000000000000000e+00
-21   -2.2320097118688737e-27  +0.0000000000000000e+00
-20   +5.6481263565636061e-25  +0.0000000000000000e+00
-19   -2.8550980160223804e-25  +0.0000000000000000e+00
-18   +8.5233714313987232e-23  +0.0000000000000000e+00
-17   -3.5999012298151768e-23  +0.0000000000000000e+00
-16   +1.3240536536969966e-20  +0.0000000000000000e+00
-15   -4.3597146047232656e-21  +0.0000000000000000e+00
-14   +2.1319706802052991e-18  +0.0000000000000000e+00
-13   -4.6752235879239036e-19  +0.0000000000000000e+00
-12   +3.5913841806718724e-16  +0.0000000000000000e+00
-11   -2.7819057538905638e-17  +0.0000000000000000e+00
-10   +6.4057467458984647e-14  +0.0000000000000000e+00
 -9   +8.6115517960147036e-15  +0.0000000000000000e+00
 -8   +1.2240691174722688e-11  +0.0000000000000000e+00
 -7   +6.6666457773828921e-12  +0.0000000000000000e+00
 -6   +2.4445414031820881e-09  +0.0000000000000000e+00
 -5   +4.6047983913916265e-09  +0.0000000000000000e+00
 -4   +1.5458644137017316e-07  +0.0000000000000000e+00
 -3   +7.3605145394509430e-06  +0.0000000000000000e+00
 -2   -8.6885927072987614e-03  +0.0000000000000000e+00
 -1   -4.4838464627166836e-04  +0.0000000000000000e+00
 +0   +9.9909302114487919e-01  +0.0000000000000000e+00
 +1   +1.6075060703520263e-04  +0.0000000000000000e+00
 +2   +1.5145035558732590e-03  +0.0000000000000000e+00
 +3   +1.4748339753692816e-07  +0.0000000000000000e+00
 +4   +5.8748770290101761e-06  +0.0000000000000000e+00
 +5   -1.2120714509168168e-09  +0.0000000000000000e+00
 +6   +3.0017843874204405e-08  +0.0000000000000000e+00
 +7   -1.7887698521681113e-11  +0.0000000000000000e+00
 +8   +1.7522542343651184e-10  +0.0000000000000000e+00
 +9   -1.7962091968904911e-13  +0.0000000000000000e+00
+10   +1.1065572798926438e-12  +0.0000000000000000e+00
+11   -1.6329342018393544e-15  +0.0000000000000000e+00
+12   +7.3606490292132781e-15  +0.0000000000000000e+00
+13   -1.4273399379293483e-17  +0.0000000000000000e+00
+14   +5.0802013705767153e-17  +0.0000000000000000e+00
+15   -1.2247849039674464e-19  +0.0000000000000000e+00
+16   +3.6042349448075144e-19  +0.0000000000000000e+00
+17   -1.0410002121540084e-21  +0.0000000000000000e+00
+18   +2.6123135111505266e-21  +0.0000000000000000e+00
+19   -8.8024470283520803e-24  +0.0000000000000000e+00
+20   +1.9259497416622723e-23  +0.0000000000000000e+00
+21   -7.4221989296552328e-26  +0.0000000000000000e+00
+22   +1.4398425938202846e-25  +0.0000000000000000e+00
+23   -6.2490278581736272e-28  +0.0000000000000000e+00
+24   +1.0889818536215402e-27  +0.0000000000000000e+00
+25   -5.2575265715612985e-30  +0.0000000000000000e+00
+26   +8.3173124863846023e-30  +0.0000000000000000e+00
+27   -4.4222654547078238e-32  +0.0000000000000000e+00
+28   +6.4060663908011644e-32  +0.0000000000000000e+00
+29   -3.7197662440262125e-34  +0.0000000000000000e+00
+30   +4.9698941189021775e-34  +0.0000000000000000e+00

