cj: 
-30   +2.136688903186222e-43
-29   -3.393954312372235e-43
-28   +3.175304067213227e-41
-27   -4.875105504363584e-41
-26   +4.800068177192624e-39
-25   -7.126275405092366e-39
-24   +7.409908980864066e-37
-23   -1.063331075943283e-36
-22   +1.172387495916257e-34
-21   -1.625917520615031e-34
-20   +1.910154968665115e-32
-19   -2.560764474877363e-32
-18   +3.224793728464646e-30
-17   -4.182655298640860e-30
-16   +5.688883248392214e-28
-15   -7.152327099252523e-28
-14   +1.061145332239600e-25
-13   -1.297881248461885e-25
-12   +2.129459745527137e-23
-11   -2.550650730962625e-23
-10   +4.722712633001180e-21
 -9   -5.608173005947910e-21
 -8   +1.210986798195598e-18
 -7   -1.459842269847862e-18
 -6   +3.907568806483961e-16
 -5   -5.025891336404643e-16
 -4   +1.919314140792049e-13
 -3   -2.956886646096509e-13
 -2   +2.626401002928622e-10
 -1   -2.481941624916362e-12
 +0   +1.000000018781437e+00
 +1   -8.027647544269971e-13
 +2   +4.361397002544552e-11
 +3   -3.524688864199524e-14
 +4   +3.512396560697567e-14
 +5   -6.500722244971784e-17
 +6   +7.368500247453875e-17
 +7   -1.981178071333709e-19
 +8   +2.316937400543979e-19
 +9   -7.886528453744661e-22
+10   +9.113218948199571e-22
+11   -3.690722062742392e-24
+12   +4.132190109479060e-24
+13   -1.923236493203110e-26
+14   +2.067266067715373e-26
+15   -1.081593594108407e-28
+16   +1.111508829638695e-28
+17   -6.437401087417869e-31
+18   +6.314755351952628e-31
+19   -4.002468542894488e-33
+20   +3.747018834837616e-33
+21   -2.576239083875513e-35
+22   +2.303042116653643e-35
+23   -1.705473116001283e-37
+24   +1.457288084619648e-37
+25   -1.155547835810155e-39
+26   +9.449224661709436e-40
+27   -7.983596332507036e-42
+28   +6.255804766667203e-42
+29   -5.608008367804918e-44
+30   +4.195232353158290e-44

