-30   +2.1366889031862216e-43  +0.0000000000000000e+00
-29   -3.3939543123722350e-43  +0.0000000000000000e+00
-28   +3.1753040672132273e-41  +0.0000000000000000e+00
-27   -4.8751055043635838e-41  +0.0000000000000000e+00
-26   +4.8000681771926236e-39  +0.0000000000000000e+00
-25   -7.1262754050923656e-39  +0.0000000000000000e+00
-24   +7.4099089808640660e-37  +0.0000000000000000e+00
-23   -1.0633310759432826e-36  +0.0000000000000000e+00
-22   +1.1723874959162572e-34  +0.0000000000000000e+00
-21   -1.6259175206150309e-34  +0.0000000000000000e+00
-20   +1.9101549686651153e-32  +0.0000000000000000e+00
-19   -2.5607644748773631e-32  +0.0000000000000000e+00
-18   +3.2247937284646462e-30  +0.0000000000000000e+00
-17   -4.1826552986408600e-30  +0.0000000000000000e+00
-16   +5.6888832483922140e-28  +0.0000000000000000e+00
-15   -7.1523270992525229e-28  +0.0000000000000000e+00
-14   +1.0611453322396002e-25  +0.0000000000000000e+00
-13   -1.2978812484618851e-25  +0.0000000000000000e+00
-12   +2.1294597455271371e-23  +0.0000000000000000e+00
-11   -2.5506507309626245e-23  +0.0000000000000000e+00
-10   +4.7227126330011797e-21  +0.0000000000000000e+00
 -9   -5.6081730059479104e-21  +0.0000000000000000e+00
 -8   +1.2109867981955980e-18  +0.0000000000000000e+00
 -7   -1.4598422698478624e-18  +0.0000000000000000e+00
 -6   +3.9075688064839607e-16  +0.0000000000000000e+00
 -5   -5.0258913364046430e-16  +0.0000000000000000e+00
 -4   +1.9193141407920487e-13  +0.0000000000000000e+00
 -3   -2.9568866460965086e-13  +0.0000000000000000e+00
 -2   +2.6264010029286217e-10  +0.0000000000000000e+00
 -1   -2.4819416249163622e-12  +0.0000000000000000e+00
 +0   +1.0000000187814369e+00  +0.0000000000000000e+00
 +1   -8.0276475442699715e-13  +0.0000000000000000e+00
 +2   +4.3613970025445519e-11  +0.0000000000000000e+00
 +3   -3.5246888641995244e-14  +0.0000000000000000e+00
 +4   +3.5123965606975675e-14  +0.0000000000000000e+00
 +5   -6.5007222449717836e-17  +0.0000000000000000e+00
 +6   +7.3685002474538745e-17  +0.0000000000000000e+00
 +7   -1.9811780713337093e-19  +0.0000000000000000e+00
 +8   +2.3169374005439791e-19  +0.0000000000000000e+00
 +9   -7.8865284537446611e-22  +0.0000000000000000e+00
+10   +9.1132189481995711e-22  +0.0000000000000000e+00
+11   -3.6907220627423920e-24  +0.0000000000000000e+00
+12   +4.1321901094790596e-24  +0.0000000000000000e+00
+13   -1.9232364932031095e-26  +0.0000000000000000e+00
+14   +2.0672660677153734e-26  +0.0000000000000000e+00
+15   -1.0815935941084069e-28  +0.0000000000000000e+00
+16   +1.1115088296386950e-28  +0.0000000000000000e+00
+17   -6.4374010874178685e-31  +0.0000000000000000e+00
+18   +6.3147553519526280e-31  +0.0000000000000000e+00
+19   -4.0024685428944877e-33  +0.0000000000000000e+00
+20   +3.7470188348376161e-33  +0.0000000000000000e+00
+21   -2.5762390838755134e-35  +0.0000000000000000e+00
+22   +2.3030421166536428e-35  +0.0000000000000000e+00
+23   -1.7054731160012833e-37  +0.0000000000000000e+00
+24   +1.4572880846196481e-37  +0.0000000000000000e+00
+25   -1.1555478358101551e-39  +0.0000000000000000e+00
+26   +9.4492246617094358e-40  +0.0000000000000000e+00
+27   -7.9835963325070360e-42  +0.0000000000000000e+00
+28   +6.2558047666672028e-42  +0.0000000000000000e+00
+29   -5.6080083678049175e-44  +0.0000000000000000e+00
+30   +4.1952323531582904e-44  +0.0000000000000000e+00

